Data/bom_data/etaafeb.txt
ncols         417
nrows         337
xllcorner     112.15
yllcorner     -43.8
cellsize      0.1
NODATA_value  -9999
[rows 165 to 219 of 337, columns 192 to 287 of 417]
24 24 24 24 24 24 23 23 22 22 22 21 20 19 17 17 16 16 15 14 14 14 15 15 16 16 17 19 20 21 22 25 27 27 28 28 28 28 27 28 28 27 28 26 26 24 23 23 23 23 23 24 24 24 24 24 24 23 23 23 22 22 22 22 22 22 22 22 23 23 23 23 23 23 23 23 23 22 22 22 22 22 22 22 22 22 21 21 21 21 22 23 24 27 29 30
23 23 23 23 23 24 23 22 22 22 21 20 19 18 18 17 16 16 15 14 14 13 14 14 15 15 16 17 18 19 20 22 23 23 24 25 25 25 25 25 25 26 26 25 24 22 22 22 22 23 23 23 23 23 24 23 23 23 22 22 22 22 22 23 22 22 22 22 22 23 23 23 23 23 23 23 23 22 22 22 22 22 22 22 22 21 21 21 20 21 21 21 22 24 27 29
22 23 23 22 22 22 21 21 21 22 21 19 18 18 17 17 16 15 15 14 14 13 13 13 14 14 15 16 17 18 19 20 21 22 23 23 23 23 24 24 23 24 24 23 22 21 22 22 22 22 23 23 23 23 23 23 23 23 22 22 22 22 22 22 22 22 23 22 22 23 23 23 23 23 23 23 23 22 22 22 22 22 22 22 21 21 21 21 20 20 21 21 22 24 26 28
22 22 22 22 21 21 20 20 21 21 22 20 18 17 16 16 15 15 16 14 13 12 12 13 13 14 15 16 17 18 18 19 20 20 21 22 22 22 24 23 22 23 23 22 21 21 21 22 22 22 22 22 23 23 23 23 23 22 22 22 22 22 22 22 22 22 23 22 22 23 23 23 23 23 23 23 23 22 22 22 23 22 22 22 21 21 21 21 21 21 21 22 22 24 26 27
21 21 21 20 20 20 19 20 21 20 20 19 18 16 15 15 14 14 14 13 12 12 12 13 13 14 14 16 17 18 18 18 18 19 20 20 21 21 22 22 21 21 24 22 21 21 21 22 22 22 22 22 22 22 22 22 22 22 22 22 22 22 22 22 22 22 23 22 22 22 22 22 22 23 23 23 23 23 22 23 23 22 22 21 21 21 21 21 21 21 21 22 23 24 26 28
20 20 20 20 19 19 18 19 19 18 17 17 16 15 14 14 13 13 12 12 12 11 11 12 12 13 14 15 16 16 17 17 18 18 19 20 21 21 21 21 20 20 21 21 21 21 22 22 22 22 22 22 22 22 22 22 22 22 22 22 22 22 22 22 22 22 22 22 22 22 22 22 22 22 23 24 24 24 23 23 23 22 21 21 21 21 21 21 21 22 22 23 23 25 26 28
20 20 19 19 18 18 17 17 16 16 16 15 15 15 14 13 13 12 12 11 11 10 10 11 12 13 14 15 17 16 17 17 18 19 18 19 20 20 21 22 21 20 20 22 23 24 24 24 24 22 22 22 22 22 22 22 22 22 22 22 22 22 22 22 22 22 22 22 22 22 22 22 22 22 23 24 24 24 24 23 22 21 21 21 21 21 21 21 22 22 23 23 24 25 27 29
19 19 19 18 18 17 17 16 15 15 14 14 14 14 14 13 12 12 11 11 10 10 10 10 11 13 14 15 16 16 16 17 18 18 19 19 19 20 20 21 22 22 22 24 25 27 27 26 25 24 23 22 22 22 22 21 21 21 22 22 21 22 22 22 22 22 22 22 22 22 21 21 22 23 23 24 24 24 23 22 21 21 20 21 21 21 21 21 22 22 23 24 25 26 28 31
18 18 19 18 18 17 16 16 15 14 14 13 13 13 13 12 12 11 11 10 10 9 10 10 11 12 14 15 15 16 17 18 18 18 19 19 19 19 19 20 22 24 25 26 27 25 26 27 25 24 23 22 21 22 22 22 22 21 21 22 21 22 22 22 22 22 22 22 22 21 21 21 22 22 22 23 23 24 23 22 21 21 20 21 21 21 21 21 22 23 23 24 26 28 29 30
17 17 18 19 18 16 16 15 15 14 14 13 13 12 12 11 11 11 10 10 10 9 9 10 11 12 13 14 15 16 16 17 17 18 18 19 19 19 21 21 21 23 26 28 29 25 24 25 24 23 22 23 22 21 22 22 22 22 22 21 22 21 22 22 22 22 22 21 21 21 21 21 22 22 23 23 22 22 21 21 20 20 20 20 20 21 21 22 22 23 24 25 27 29 31 30
16 17 18 18 17 16 15 15 14 14 13 13 12 12 12 12 11 10 10 10 9 9 9 10 12 12 13 14 14 15 15 16 17 18 19 19 18 20 20 21 22 24 26 27 26 25 25 24 23 23 22 22 22 21 21 22 22 22 21 22 21 22 22 22 22 22 22 21 21 21 21 21 21 21 21 22 22 21 21 20 20 20 20 20 20 21 21 21 22 23 23 24 26 28 28 28
17 17 17 17 16 16 15 14 14 14 13 13 12 12 12 12 10 10 10 10 9 9 9 10 11 13 13 14 14 14 15 15 16 18 20 19 18 18 19 19 21 23 25 25 25 25 26 26 26 25 25 24 22 22 21 21 21 21 21 21 22 22 21 21 21 22 22 21 21 21 21 21 21 20 20 21 22 21 20 20 19 19 20 20 20 20 21 21 22 22 23 24 25 26 27 27
16 16 17 16 14 14 15 14 13 13 13 13 12 12 11 11 10 10 10 10 9 9 9 10 11 12 13 14 14 14 16 16 15 16 18 18 18 18 19 20 21 22 24 25 24 24 24 24 24 25 26 24 21 21 21 21 21 21 21 21 21 21 21 21 21 21 21 20 20 21 21 22 21 20 21 21 21 20 20 19 19 19 19 19 20 20 20 21 21 22 23 24 25 26 26 26
15 15 16 15 14 14 15 14 13 12 12 12 11 11 11 11 11 10 10 10 10 10 10 10 11 12 13 14 14 14 15 15 15 15 15 16 16 18 19 20 21 22 23 24 25 23 23 23 23 23 23 23 22 21 21 20 20 20 21 21 21 21 21 21 21 21 20 20 20 21 21 21 22 21 22 21 20 20 19 19 19 19 19 19 20 20 20 20 21 21 22 23 24 25 27 26
15 14 15 14 13 14 14 13 13 13 12 11 11 11 11 11 10 10 10 10 10 10 10 10 11 12 13 14 15 14 14 14 15 15 15 15 16 17 18 19 20 21 22 22 23 23 23 22 22 22 22 22 22 21 20 20 20 20 21 21 21 21 22 22 21 21 21 20 20 20 20 20 21 22 22 21 20 19 18 18 19 19 19 19 19 19 20 20 20 21 21 22 23 24 25 26
14 14 14 14 12 13 13 12 13 13 12 11 11 11 11 10 10 10 10 10 9 9 10 10 11 12 13 14 15 15 14 14 14 15 16 16 16 17 17 18 19 20 21 22 24 25 23 22 21 21 21 21 21 20 21 20 20 20 20 21 21 21 21 21 21 21 20 20 20 19 19 20 20 21 21 20 19 18 18 18 18 18 19 19 19 19 19 20 20 20 21 21 22 23 24 25
13 13 14 13 13 14 13 12 12 12 11 11 11 11 11 10 10 10 10 10 9 9 10 11 11 12 13 14 15 15 14 14 14 14 15 15 16 16 17 18 19 20 21 23 24 24 23 22 21 20 20 20 20 20 21 20 20 20 20 20 20 20 21 21 22 21 20 19 20 19 19 19 19 19 19 18 18 17 18 18 18 18 18 18 19 19 19 19 19 20 20 21 22 22 23 23
13 13 12 12 13 13 12 11 11 11 11 11 11 11 11 11 11 10 10 10 10 9 10 10 11 12 13 14 15 15 14 14 14 15 15 15 16 16 17 18 19 20 21 22 24 26 25 22 21 21 20 20 20 20 20 20 20 20 20 20 20 20 21 21 21 21 20 20 19 19 19 18 19 18 18 17 17 17 17 18 18 18 18 18 18 19 19 19 19 19 20 20 21 21 22 23
13 12 12 12 12 11 10 10 10 11 11 11 11 11 11 11 11 10 10 10 10 10 10 10 11 12 13 14 15 15 14 14 15 15 15 15 16 17 18 18 19 19 20 22 25 27 31 24 21 21 20 21 20 20 20 20 20 20 20 20 20 20 21 21 21 21 21 20 19 19 18 18 18 17 17 17 17 18 17 18 18 18 18 18 18 18 18 19 19 19 19 20 20 21 21 22
12 12 12 11 11 10 10 11 11 12 12 12 11 11 11 10 10 10 10 10 10 10 10 10 11 12 13 14 15 15 15 14 14 14 15 16 17 18 18 18 19 19 20 22 24 26 28 23 21 21 21 21 21 20 19 19 20 20 20 20 20 21 21 21 21 20 20 20 20 20 19 18 17 17 17 17 17 18 18 18 18 18 18 18 18 18 18 18 18 19 19 19 19 20 21 21
12 12 11 11 11 10 11 11 11 12 12 12 11 10 10 10 10 10 10 10 10 10 10 11 12 12 13 13 14 15 16 15 14 14 14 15 15 16 17 18 18 19 20 21 23 24 26 24 22 22 22 21 21 20 20 19 19 20 20 20 20 21 21 21 21 22 21 20 19 19 19 18 17 17 18 18 18 18 18 18 18 18 18 18 18 18 18 18 18 18 18 19 19 20 20 21
12 12 12 11 11 10 11 11 11 12 12 11 11 10 10 10 10 10 10 10 10 10 10 11 11 12 12 13 14 15 16 16 15 14 14 14 15 15 16 17 18 19 20 21 22 23 23 22 22 22 21 21 21 20 19 19 19 20 20 20 20 21 21 21 21 22 22 21 20 19 18 18 19 19 18 18 18 18 18 18 18 18 18 18 18 18 18 18 18 18 18 18 19 19 20 20
12 12 12 11 11 11 10 10 11 12 11 11 11 10 10 10 10 10 10 10 10 10 10 11 12 12 12 13 13 14 15 16 16 15 14 14 15 15 16 16 17 18 19 20 21 21 20 20 20 21 21 21 21 20 20 19 19 20 20 21 21 21 21 21 22 21 21 21 20 20 20 20 20 21 19 17 18 18 18 18 17 17 18 18 18 18 18 18 18 18 18 18 19 19 19 20
11 12 11 11 10 10 10 11 11 11 11 11 11 10 10 10 10 10 10 10 10 10 10 11 11 12 12 12 13 13 14 15 15 15 15 15 15 15 16 16 17 17 19 19 20 20 20 20 20 20 21 21 21 21 21 20 19 20 21 21 21 21 21 22 22 23 22 22 21 21 20 21 21 21 19 17 17 17 17 17 17 18 18 18 18 18 18 18 18 18 18 18 18 19 19 19
11 11 10 10 10 10 10 11 11 11 11 11 11 11 11 10 10 10 10 10 10 11 11 11 11 11 11 12 12 13 13 14 15 16 16 16 15 15 16 16 17 18 18 19 20 20 21 21 20 20 21 21 21 20 21 21 21 22 22 21 22 23 22 23 23 22 22 22 21 21 22 22 21 19 19 18 18 17 17 17 18 18 18 18 18 18 18 18 18 18 18 18 19 19 19 19
12 11 10 10 10 10 11 11 11 11 11 11 11 11 11 11 10 10 10 10 11 11 11 12 11 12 12 12 12 13 13 14 15 16 16 17 16 16 16 16 17 18 19 20 20 20 21 21 21 20 20 20 20 20 21 21 21 22 22 22 23 23 23 23 23 23 23 22 22 22 22 22 21 20 20 19 19 18 18 17 17 17 18 18 18 18 18 18 18 18 18 18 18 19 19 19
12 12 11 11 10 10 10 11 11 11 11 11 11 11 11 11 11 11 11 11 11 11 11 12 12 12 12 12 12 12 12 13 14 14 15 17 16 16 16 17 17 18 19 19 20 20 21 21 21 21 21 21 20 20 20 20 20 21 21 22 22 22 23 23 24 24 24 23 22 22 22 22 22 20 20 20 20 19 18 18 18 17 17 17 18 18 18 18 18 18 18 18 19 19 19 20
11 11 11 10 10 10 10 10 10 11 11 11 11 11 11 11 11 11 12 12 13 12 12 11 11 12 12 12 12 12 12 13 13 14 15 16 16 16 16 17 18 18 19 19 20 21 21 22 23 21 20 20 20 20 20 20 21 20 21 21 22 22 22 23 24 24 24 24 23 23 22 22 22 22 22 21 20 19 19 19 18 18 17 17 18 18 18 18 18 19 19 19 19 19 20 20
10 10 10 10 10 10 10 10 11 11 12 12 11 11 10 11 11 11 12 13 12 12 12 12 12 12 12 12 12 12 12 13 13 14 15 16 16 16 17 17 18 18 19 20 20 21 20 20 21 20 20 20 21 20 20 20 20 20 20 21 21 22 23 23 24 25 24 24 23 22 22 22 22 23 23 22 21 20 20 20 19 19 18 18 18 18 18 18 19 19 19 19 20 20 20 20
10 10 10 10 10 10 11 11 11 11 11 11 11 11 11 11 11 12 12 12 12 12 12 12 12 12 12 12 12 12 13 13 13 14 14 15 17 18 18 18 18 19 20 20 21 20 20 20 19 19 20 22 23 21 20 20 20 20 21 21 22 22 23 24 24 25 25 24 23 22 22 22 22 22 22 22 21 21 21 21 20 20 20 19 19 18 19 19 19 19 20 20 20 20 20 20
10 10 10 10 10 10 11 11 12 12 11 11 11 11 11 12 12 12 12 12 12 12 12 13 13 12 12 13 13 13 13 14 14 14 14 15 16 18 19 20 20 20 20 20 20 19 19 19 19 19 20 22 23 22 21 21 21 21 21 21 22 23 23 23 24 24 24 23 24 23 22 23 23 22 22 22 21 22 22 22 22 21 21 20 19 19 18 18 19 20 20 20 21 21 21 21
10 10 10 10 10 10 11 11 12 13 12 12 12 12 12 12 13 13 13 13 13 13 13 13 13 13 13 14 14 14 14 14 14 14 14 15 16 18 19 20 20 20 20 20 20 19 19 18 19 20 20 21 22 22 22 21 21 21 21 21 22 24 24 24 24 24 24 22 22 22 22 22 22 21 22 22 22 23 23 23 23 22 22 21 20 20 19 19 19 20 21 21 21 22 22 22
10 10 10 10 10 11 12 11 11 13 14 13 13 13 12 12 13 14 14 13 14 14 14 14 14 14 14 15 15 14 14 14 14 15 15 15 16 17 18 19 19 18 18 18 18 19 18 18 18 19 21 21 21 22 22 23 23 22 23 22 22 23 25 25 25 25 23 21 21 22 21 21 21 21 21 22 22 24 26 26 27 26 24 23 22 21 20 19 20 20 21 21 22 22 22 22
11 10 10 10 11 12 12 11 11 12 14 14 14 13 13 13 13 14 13 13 13 14 14 14 15 15 15 15 15 14 15 15 15 15 16 17 16 17 18 19 19 18 18 17 17 17 17 18 18 19 20 21 22 23 24 25 24 23 24 23 23 23 24 26 24 24 24 22 21 21 22 22 21 21 22 22 23 25 28 31 32 29 28 24 22 21 20 20 21 21 21 21 22 22 22 22
12 11 11 11 12 12 12 11 11 12 14 15 14 13 13 14 14 14 14 14 14 14 14 15 16 15 15 15 15 15 15 15 15 15 16 18 16 17 18 18 18 18 18 18 17 16 16 17 18 18 20 21 22 23 24 24 24 24 23 22 22 22 22 22 22 22 22 21 21 21 21 21 22 22 22 22 24 27 31 36 39 33 29 23 22 21 20 20 20 21 21 22 22 22 23 23
10 11 12 12 12 12 12 12 12 13 14 15 15 14 14 14 14 14 15 15 15 15 15 15 15 16 16 15 15 15 16 16 16 16 17 17 17 17 18 18 18 17 18 18 17 17 17 17 17 18 20 21 22 23 23 23 23 22 21 21 21 21 21 20 20 21 22 21 21 22 22 22 22 22 22 24 27 30 33 40 38 28 24 22 21 21 20 20 21 21 22 22 22 22 23 24
9 10 11 12 13 13 12 12 13 13 14 15 16 16 15 14 14 15 15 15 15 16 16 15 15 16 16 16 15 15 16 17 17 17 17 17 17 18 18 18 18 18 17 18 18 17 17 17 18 18 19 20 21 22 22 22 22 22 21 20 20 20 20 20 20 20 23 21 21 21 22 22 22 23 23 26 27 31 35 38 33 26 23 22 21 21 21 21 21 21 21 22 22 22 23 23
10 10 10 10 11 13 14 13 13 14 14 15 16 16 15 15 15 15 16 15 15 15 15 14 15 16 16 16 16 16 16 17 17 17 17 17 17 17 17 17 17 17 17 17 18 17 17 17 18 18 19 20 21 21 22 22 22 22 22 20 19 19 19 19 18 18 19 20 21 21 22 21 22 24 25 27 31 36 35 33 29 24 23 22 21 20 21 21 21 21 21 21 21 22 22 22
10 10 10 10 11 12 13 14 14 14 15 16 16 17 16 16 16 16 16 15 15 15 14 14 15 15 15 16 16 16 16 16 17 17 17 16 17 17 17 17 16 16 17 17 17 18 17 17 17 18 19 20 20 20 21 22 23 23 22 20 19 18 17 17 17 17 17 19 22 21 21 22 24 26 27 31 39 39 34 29 25 22 22 21 20 20 20 21 21 21 21 21 21 21 21 21
10 10 10 11 11 11 12 13 14 15 15 16 16 17 17 17 17 17 17 16 16 15 14 14 15 15 15 16 16 15 16 17 17 16 16 16 16 16 16 16 16 16 17 17 17 18 18 17 17 18 19 19 20 20 20 21 22 22 22 19 18 17 17 16 16 16 16 16 18 20 18 21 25 29 30 32 29 29 26 25 23 21 21 20 20 20 20 21 20 20 20 21 21 20 20 20
11 11 11 11 11 11 12 13 15 16 15 15 16 17 17 17 17 16 17 17 16 15 14 15 16 15 15 16 16 15 17 17 18 18 16 16 15 15 15 15 15 15 16 16 17 17 18 17 17 18 18 18 19 19 20 20 20 20 19 18 18 16 16 15 15 15 15 15 19 19 18 20 24 29 31 30 28 25 23 22 21 20 20 20 20 20 20 20 20 20 20 20 20 20 19 19
11 11 11 11 11 11 12 13 15 16 15 15 16 17 17 17 17 16 16 16 15 14 14 15 16 16 15 15 15 15 16 16 17 18 16 15 15 16 15 15 15 15 15 16 16 16 17 17 17 18 18 18 18 19 19 18 18 18 18 18 18 16 15 15 15 14 15 16 18 18 19 22 28 32 32 28 25 25 24 20 19 19 19 19 19 19 20 20 19 19 19 19 19 19 18 18
12 12 12 12 12 12 12 13 15 16 16 16 16 16 16 17 17 16 16 16 15 15 15 15 15 16 16 14 15 15 16 17 17 17 16 15 15 16 16 15 14 15 15 15 16 16 16 17 18 18 18 18 18 18 17 17 17 18 18 18 17 16 15 14 14 14 14 15 16 17 19 25 32 34 30 29 25 24 23 19 18 18 19 19 19 19 19 19 19 19 19 18 18 18 17 17
12 12 12 12 12 12 13 13 15 16 16 16 15 16 16 16 16 16 16 16 15 15 15 15 15 15 15 15 16 15 16 16 16 17 17 15 14 14 14 15 14 15 15 15 16 16 16 17 17 18 18 18 17 17 17 16 16 17 18 18 16 16 15 14 14 14 14 14 15 16 19 26 31 25 27 25 22 21 21 18 18 18 18 18 18 19 19 19 18 18 18 18 18 17 16 16
12 12 12 12 12 13 13 13 14 15 15 16 15 16 16 16 15 16 16 16 15 16 15 15 16 15 15 16 16 15 15 16 16 16 17 16 15 14 13 14 14 14 15 15 16 16 17 16 16 16 17 17 17 17 17 16 16 16 17 16 16 15 15 14 14 14 13 14 14 15 19 24 28 28 24 22 20 19 19 17 17 18 18 18 18 18 18 18 18 18 17 17 17 16 16 16
12 13 13 13 13 13 13 13 14 14 14 15 16 17 16 16 15 15 15 15 15 16 16 16 16 15 16 16 15 14 15 16 16 16 16 15 14 13 13 13 13 13 14 14 15 15 16 16 16 15 15 16 18 17 17 16 17 16 16 17 16 15 14 14 14 13 13 13 14 14 16 23 26 26 23 19 18 17 17 17 17 18 18 19 19 18 18 18 17 17 17 16 16 16 15 15
13 13 13 13 13 14 14 14 14 14 14 14 15 16 17 16 16 16 16 15 15 15 15 15 15 15 15 15 15 14 15 15 16 16 15 15 13 13 14 14 13 12 13 13 13 14 14 15 15 15 14 15 19 17 17 17 17 15 15 17 17 17 15 14 14 13 13 13 13 14 16 23 26 27 24 19 17 17 17 17 17 17 18 19 19 18 18 18 17 16 16 16 16 15 15 14
14 14 14 14 14 14 14 14 14 14 14 14 14 16 17 17 16 16 16 16 15 15 15 15 14 14 15 16 16 14 15 15 16 15 14 14 13 12 13 13 13 13 12 12 13 13 14 14 15 15 14 15 16 15 16 16 16 14 14 17 18 19 17 15 14 13 13 13 13 14 16 22 27 29 26 20 17 16 18 17 17 17 18 18 18 18 18 18 17 16 16 16 15 15 14 14
13 14 14 15 15 15 15 15 15 15 15 15 15 16 17 17 17 16 16 16 15 15 15 15 15 14 14 15 16 15 15 15 16 14 13 13 12 12 12 12 13 13 12 12 12 13 13 13 14 14 13 13 13 14 14 15 14 14 14 16 17 19 18 15 14 14 13 13 14 15 18 29 29 29 25 19 17 17 17 17 17 17 17 17 18 18 17 17 17 16 16 15 15 15 14 14
12 13 14 15 16 16 15 15 15 16 16 15 15 16 17 17 16 16 16 15 15 15 15 15 14 14 14 14 15 15 16 16 15 14 13 12 13 13 12 11 12 12 11 12 12 12 12 13 13 13 13 13 13 13 14 15 15 16 15 15 16 18 18 15 14 14 14 14 14 16 23 21 24 26 22 19 17 17 17 16 16 17 17 17 17 17 17 17 17 16 16 15 15 15 14 13
10 11 13 14 15 16 17 16 15 16 16 16 16 16 16 16 16 16 16 16 15 15 15 15 14 14 14 14 15 15 15 15 14 13 14 13 13 13 12 11 12 12 12 12 11 11 12 12 13 13 13 13 13 13 14 15 15 16 15 16 16 18 18 15 14 14 14 14 15 18 24 25 27 25 22 19 18 18 17 16 16 16 17 17 17 17 17 17 16 16 15 15 15 14 14 13
11 11 11 12 14 15 17 17 16 16 16 16 16 16 16 16 16 16 16 16 16 15 15 15 14 14 15 15 15 14 13 13 13 13 14 14 13 13 12 11 12 13 13 12 12 11 11 12 12 13 13 13 13 13 14 14 15 15 16 17 16 16 16 15 14 14 15 16 16 18 21 22 26 27 23 21 22 20 17 16 16 17 17 17 17 17 16 16 16 16 15 15 15 14 13 13
12 12 12 12 12 13 15 16 18 17 15 15 16 16 16 17 16 16 16 16 16 15 15 15 14 14 15 15 15 14 13 13 14 14 14 13 13 13 12 11 12 13 14 13 13 12 12 12 12 13 13 13 13 13 14 15 15 16 16 17 16 17 17 15 15 14 15 18 19 21 20 20 25 28 23 22 24 21 19 17 16 17 17 18 18 18 16 17 17 16 16 15 15 14 13 13
12 12 13 13 13 13 13 15 17 16 15 14 14 15 16 16 16 16 16 16 15 14 14 14 14 14 14 16 15 14 14 14 14 14 14 15 14 13 12 11 11 11 13 14 13 12 11 12 12 13 13 13 13 13 14 15 16 16 17 18 17 18 18 15 15 16 19 18 20 22 20 19 23 26 20 19 19 18 18 18 17 18 17 19 20 18 17 17 18 18 17 15 15 14 14 14
13 13 13 13 13 13 13 14 14 14 14 14 14 13 14 15 15 16 16 15 14 13 12 13 14 14 14 15 15 14 14 14 13 13 14 15 15 15 14 12 11 11 13 14 12 11 11 12 12 13 13 13 13 13 14 16 17 17 17 18 17 18 18 15 15 21 25 19 19 20 20 20 21 24 19 17 17 17 17 18 19 19 17 18 18 18 17 18 19 20 18 16 15 14 14 14
