Data/bom_data/etaadec.txt
ncols         417
nrows         337
xllcorner     112.15
yllcorner     -43.8
cellsize      0.1
NODATA_value  -9999
[rows 56 to 111 of 337, columns 192 to 287 of 417]
95 95 94 94 94 93 93 92 91 91 90 90 89 88 87 87 86 85 85 84 84 83 83 83 83 83 82 82 83 84 83 83 83 82 80 78 77 79 79 80 82 87 89 90 92 92 92 92 93 92 92 92 92 91 91 92 93 94 95 97 98 99 101 102 104 105 107 108 110 111 113 114 116 117 118 119 119 120 120 120 119 119 118 117 115 114 113 111 109 108 106 104 102 100 99 97
95 94 93 93 93 93 92 91 91 90 89 89 88 87 87 86 85 84 84 83 83 83 83 82 83 82 82 82 82 83 83 83 82 80 78 77 77 79 80 78 80 84 90 92 92 92 92 93 93 93 93 92 92 92 93 93 94 95 95 96 98 99 101 102 104 105 107 108 110 112 113 115 116 118 119 120 121 121 121 121 121 120 119 118 116 115 113 112 110 108 106 104 103 101 99 97
95 93 92 92 92 92 91 91 90 89 89 88 87 87 86 85 84 84 83 83 82 82 82 82 82 82 81 81 82 83 83 82 81 79 78 78 78 80 80 79 80 84 90 92 92 93 93 93 93 93 93 93 93 93 93 93 94 95 96 96 97 99 100 102 103 105 107 108 110 112 114 115 117 118 120 121 122 122 123 122 122 121 120 119 117 116 114 112 110 108 107 105 103 101 99 97
92 92 91 91 91 91 91 90 89 89 88 87 87 86 86 85 84 83 83 82 82 81 82 82 82 81 82 82 82 82 81 81 79 79 79 80 81 81 80 79 79 84 90 92 91 93 93 94 93 93 94 93 93 93 93 94 94 95 96 97 99 100 100 101 103 105 106 108 110 112 114 116 117 119 121 122 123 124 124 124 123 122 121 119 118 116 114 112 111 109 107 105 103 101 99 97
91 91 91 90 90 90 90 89 89 88 88 87 86 86 85 84 83 83 82 81 81 81 81 81 81 81 82 82 82 81 81 81 79 78 79 81 82 80 78 79 80 83 91 92 91 92 94 94 94 94 94 94 93 93 94 94 94 95 96 97 98 99 101 101 102 104 106 108 110 112 114 116 118 120 122 123 124 125 125 125 124 123 122 120 118 117 115 113 111 109 107 105 103 101 99 97
90 90 90 90 90 89 89 88 88 88 87 87 86 85 84 83 83 82 82 81 81 81 81 81 81 81 81 81 81 80 80 80 79 79 78 80 80 79 78 80 81 82 87 89 91 93 95 95 95 95 94 94 93 93 93 94 94 95 96 97 98 99 100 102 102 103 105 107 109 111 114 116 118 120 122 124 126 127 127 126 126 124 123 121 119 117 115 113 111 109 107 105 103 101 99 97
90 90 89 89 89 88 88 88 88 87 87 86 85 84 84 83 82 82 81 81 80 80 80 80 81 81 81 81 81 80 80 79 78 78 78 79 79 79 79 81 82 83 87 91 92 94 94 95 95 95 94 93 93 94 93 94 94 95 96 98 99 99 100 101 102 103 105 107 109 111 113 116 118 120 123 125 127 128 128 130 129 127 125 123 119 117 115 113 111 109 107 105 103 101 99 97
90 89 88 88 87 87 87 87 87 86 86 85 85 84 83 83 82 81 81 81 80 80 79 80 80 80 80 81 81 81 80 80 79 79 79 79 78 79 80 82 83 85 89 90 91 92 93 94 95 95 94 93 93 93 93 93 94 94 95 96 97 98 99 100 102 103 105 106 108 110 113 115 118 120 123 125 128 129 132 131 129 127 123 121 119 117 115 113 111 109 107 104 102 100 98 96
88 87 85 85 86 87 86 86 86 85 85 84 84 83 82 82 81 81 80 80 79 78 78 78 79 78 78 79 79 80 79 79 79 79 78 78 78 79 80 82 83 85 88 89 91 91 93 93 94 94 93 93 92 92 93 93 93 94 95 95 96 97 98 100 101 102 104 106 107 109 112 114 117 120 123 125 128 130 134 132 130 125 123 121 119 117 115 112 110 108 106 104 102 100 98 96
86 83 82 81 83 86 86 86 85 84 84 83 83 82 82 81 80 80 80 79 78 77 77 78 77 76 77 77 77 77 78 78 77 78 78 78 79 80 81 83 84 86 87 88 90 91 91 92 92 93 92 92 92 92 92 92 93 93 94 94 95 96 98 99 100 101 103 105 107 110 111 113 116 119 122 125 127 133 130 129 127 125 123 120 118 116 114 112 110 108 106 104 102 100 98 96
81 81 82 81 83 86 85 85 84 84 83 82 82 81 81 80 80 79 79 78 77 77 77 77 76 75 74 75 75 76 75 75 75 77 78 79 80 80 82 84 84 85 86 88 89 90 89 90 91 91 91 91 91 91 91 91 92 93 93 94 95 95 97 99 99 100 101 103 106 108 111 114 116 119 122 123 125 130 128 127 125 123 121 119 117 115 113 111 109 107 105 103 101 99 97 95
81 81 81 81 83 84 84 84 83 83 82 82 81 81 80 80 79 79 78 77 77 77 76 75 75 73 73 73 74 74 73 73 74 76 76 77 78 79 80 82 83 84 86 87 88 88 88 89 90 90 91 90 91 91 90 91 91 92 93 92 94 94 96 98 98 98 100 102 104 107 109 112 115 117 120 123 125 124 125 124 123 122 120 118 116 114 112 110 108 106 104 102 100 98 96 94
82 81 81 82 83 83 83 83 82 82 81 81 81 80 80 79 78 77 77 76 76 75 74 74 73 72 72 72 73 72 72 73 74 74 74 76 78 79 81 81 82 82 85 86 87 87 87 87 88 89 89 89 89 89 89 90 90 91 91 92 93 93 95 96 96 97 98 100 102 105 107 110 113 115 118 120 122 123 123 121 121 121 118 116 114 113 111 109 107 105 103 101 99 97 96 94
81 81 81 80 81 81 81 82 82 81 81 80 80 79 79 78 77 76 75 74 74 74 73 73 72 71 71 71 71 71 72 73 73 73 74 75 78 80 82 82 82 81 84 84 85 85 86 86 87 87 88 88 88 88 89 89 90 90 90 91 91 93 93 94 94 95 96 98 100 103 106 108 111 113 115 117 119 120 118 118 118 117 118 114 113 111 109 108 106 104 102 100 98 97 95 93
81 81 81 81 80 80 80 81 80 80 80 79 78 78 77 77 76 75 75 74 74 73 73 72 71 71 71 70 70 70 71 71 72 73 74 75 76 77 79 80 80 81 83 83 84 84 85 85 86 86 87 87 87 87 88 88 88 89 89 90 90 91 93 92 92 92 95 96 99 101 104 106 109 111 113 114 116 117 115 115 115 114 113 111 109 108 106 105 103 102 101 99 97 96 94 94
81 81 81 81 80 80 80 79 79 78 78 78 77 76 76 76 75 75 74 74 73 72 72 71 71 70 70 70 69 69 69 70 71 72 73 73 75 76 77 78 81 82 82 82 82 83 83 83 85 85 85 86 86 86 87 87 87 88 88 89 89 90 90 90 91 92 94 95 98 100 102 104 106 108 110 112 113 114 114 113 112 110 109 107 105 104 102 101 100 99 98 97 96 94 93 93
81 80 80 80 80 79 79 78 78 78 78 77 77 76 76 75 75 74 74 73 73 72 72 71 70 69 68 68 68 68 68 68 69 70 71 73 74 75 76 77 79 80 80 80 80 81 81 82 83 83 83 84 85 85 86 86 86 87 87 88 89 89 90 91 90 91 92 95 97 99 100 102 104 106 108 109 110 111 111 111 109 106 104 102 101 100 98 97 96 96 95 94 93 92 92 92
81 80 80 79 79 79 78 77 77 77 77 76 76 75 75 75 74 74 73 72 72 71 70 70 69 68 67 66 66 66 66 67 68 69 70 71 72 74 75 76 77 77 78 78 78 79 79 80 80 81 82 83 83 84 84 85 85 86 87 87 88 88 89 90 90 91 92 94 95 97 98 100 102 104 105 106 107 108 109 109 108 105 100 98 96 95 94 94 93 92 92 91 91 91 92 91
80 79 78 78 78 78 77 76 76 76 76 75 75 74 74 74 73 73 72 71 70 70 69 68 67 66 65 65 64 65 66 66 66 67 68 70 71 73 73 74 75 75 76 76 76 77 77 78 79 80 81 81 81 82 82 83 83 84 85 86 87 87 88 90 90 91 91 92 94 95 97 98 100 101 103 104 105 106 105 104 103 102 99 97 94 91 90 90 89 89 89 89 91 93 91 90
78 77 77 76 76 76 75 75 75 75 75 74 74 73 73 73 72 72 71 70 69 68 69 67 66 64 64 63 62 62 65 66 65 66 67 69 70 71 71 72 73 73 74 74 75 75 76 76 77 77 78 79 80 80 81 81 82 83 84 84 85 86 87 87 88 89 90 92 93 94 95 96 98 99 100 102 102 102 101 100 99 98 96 94 92 90 87 87 88 88 90 91 91 91 90 89
76 76 75 75 75 74 74 73 73 73 73 73 73 72 72 71 71 70 69 68 67 67 68 66 64 63 62 61 61 61 62 63 63 64 66 67 68 69 69 70 71 71 72 72 73 73 74 74 75 75 76 77 78 78 79 79 80 81 82 83 83 84 84 85 86 87 88 89 90 92 93 95 96 97 98 99 99 98 97 96 95 93 91 89 88 87 87 87 88 88 89 89 89 89 89 88
75 74 74 75 75 74 73 72 72 71 71 71 71 71 70 70 70 69 68 67 66 65 66 65 63 62 62 61 60 60 61 62 62 62 64 65 66 66 67 68 69 69 69 70 71 71 72 72 73 74 74 75 76 76 76 76 77 78 80 80 81 82 83 83 84 85 86 88 89 90 91 93 94 95 96 96 95 94 93 92 90 88 86 84 83 83 84 85 85 86 86 87 87 87 87 87
72 72 73 73 74 74 73 73 72 71 70 70 69 69 68 68 68 67 66 66 65 64 65 66 62 61 61 60 60 60 60 60 60 61 62 63 64 64 65 66 66 67 67 68 68 69 70 70 71 72 73 73 74 75 75 75 75 76 77 78 80 81 81 82 83 85 86 87 88 89 90 91 92 92 92 92 91 90 89 88 86 85 82 80 79 80 81 82 83 84 84 85 85 86 86 85
71 70 70 71 72 72 72 72 72 71 70 70 69 68 67 67 66 66 65 65 64 64 65 65 62 60 59 59 58 59 59 59 59 59 60 61 62 62 63 64 65 65 66 66 67 67 68 68 69 70 71 72 73 74 75 75 74 75 76 76 78 79 80 81 83 84 85 85 87 88 88 88 88 88 88 88 87 86 85 84 83 82 80 78 77 78 80 81 81 82 83 83 84 84 84 84
69 69 68 69 71 71 70 70 70 69 68 69 68 68 67 66 65 64 64 63 63 63 65 65 62 60 59 58 58 58 58 58 58 59 59 60 61 61 62 63 64 65 65 65 65 66 66 67 67 68 69 70 71 73 74 74 73 74 76 77 78 78 79 79 81 82 84 84 85 86 86 85 85 85 85 85 84 83 83 82 80 79 78 77 76 76 78 80 81 81 82 82 82 82 82 82
68 67 66 67 69 68 67 67 66 66 66 66 66 66 65 65 64 63 63 62 62 62 64 65 61 60 58 57 57 57 57 57 57 58 58 59 60 60 61 62 63 63 64 64 64 64 64 65 65 66 67 68 70 71 72 73 73 73 75 76 77 77 78 78 80 81 83 84 84 84 83 82 83 83 82 81 81 80 80 79 78 77 77 76 75 76 77 78 80 81 81 81 80 80 80 79
67 65 65 65 66 65 65 65 64 64 64 64 64 64 63 64 64 63 61 61 61 61 62 63 62 60 59 57 56 56 57 56 57 57 57 58 59 59 60 61 61 62 62 62 62 62 62 63 63 64 64 66 68 69 70 71 72 73 74 75 76 76 77 77 78 81 82 82 82 83 81 80 81 81 80 79 78 78 77 77 76 76 75 75 75 75 76 77 78 80 81 80 78 77 76 76
66 65 63 63 63 63 63 64 63 63 63 64 64 62 62 63 63 63 61 60 59 60 62 63 63 61 60 57 56 56 56 56 56 56 57 57 58 59 59 60 60 60 60 60 60 60 60 61 61 62 63 63 65 66 68 69 71 72 73 74 75 75 77 77 78 79 80 80 80 82 83 78 80 80 79 77 76 76 75 75 75 75 74 74 74 75 76 77 77 79 79 79 77 75 73 72
64 63 62 62 62 62 63 63 63 62 62 62 62 62 60 61 61 61 60 60 59 59 60 60 61 61 60 58 56 56 56 56 56 56 56 57 57 58 59 59 59 59 59 59 58 58 58 59 60 60 61 61 63 65 67 68 69 70 71 72 74 75 75 76 76 77 77 78 78 80 81 77 79 78 76 76 76 75 75 75 74 74 74 74 74 74 75 76 77 78 78 78 76 73 71 70
62 62 61 61 60 61 62 62 62 61 61 61 61 61 59 59 59 59 59 59 60 60 59 60 60 61 61 58 56 56 55 55 55 56 56 56 57 58 58 58 58 58 58 58 57 57 57 58 59 59 59 60 61 64 66 67 68 68 69 70 71 73 73 74 74 75 76 77 77 78 78 77 77 77 77 77 76 75 74 74 74 74 74 74 74 74 76 76 77 78 79 78 75 73 71 70
61 61 60 60 59 59 60 60 61 60 60 60 60 59 58 58 58 58 58 58 58 59 60 61 61 61 60 58 57 56 55 55 55 55 56 56 57 58 58 58 58 57 57 57 56 56 56 57 58 57 58 58 59 61 64 65 65 66 68 69 70 71 71 72 73 74 75 75 76 76 76 76 77 76 77 76 75 74 73 73 73 73 73 73 74 74 76 76 77 78 79 78 76 74 72 71
60 60 60 59 59 59 59 58 59 59 59 59 58 58 57 57 58 57 57 58 57 58 60 61 62 61 60 58 57 56 55 55 55 55 56 56 57 58 58 58 57 57 56 56 56 56 56 56 56 56 56 57 58 61 63 64 64 64 66 68 69 69 70 71 72 73 73 74 74 75 76 75 77 77 76 75 73 73 73 73 73 74 73 73 74 74 75 76 77 79 78 77 77 74 72 71
59 60 60 59 59 59 58 57 57 57 59 59 58 58 56 56 56 56 56 57 57 58 59 60 61 62 61 59 57 56 55 55 55 55 56 57 57 58 58 57 56 56 55 55 55 55 55 56 56 55 55 55 56 58 58 60 61 63 65 66 67 68 69 70 70 71 72 72 73 73 74 74 74 74 73 73 73 74 74 74 74 74 73 73 73 74 75 75 77 77 77 76 76 75 72 71
59 60 59 58 58 57 56 56 56 56 58 59 58 56 55 55 56 56 56 56 57 59 58 58 59 61 61 60 58 56 55 55 56 55 56 57 58 57 57 56 55 55 55 54 54 54 55 55 55 55 55 54 54 54 56 58 60 62 63 65 66 67 68 68 69 69 70 70 71 71 72 72 71 69 73 72 74 76 75 76 75 75 73 73 73 74 74 75 76 76 75 75 74 74 72 71
58 59 58 57 56 56 55 55 55 55 57 58 56 54 54 55 56 56 57 56 57 59 58 59 60 61 62 61 57 56 55 55 57 55 56 57 57 56 56 55 55 54 54 54 54 54 54 54 54 54 54 53 53 54 56 57 59 61 62 64 65 65 66 67 68 68 69 68 68 68 69 68 69 67 72 74 75 76 76 76 75 75 73 73 73 73 74 75 75 74 74 74 73 73 72 71
57 57 56 55 55 54 54 55 56 56 56 55 54 53 53 55 56 57 57 56 56 58 58 59 60 61 63 61 57 57 56 55 55 55 56 57 56 55 55 54 54 53 53 53 53 53 53 54 54 54 54 53 53 54 56 57 58 60 62 63 64 64 65 66 66 67 67 67 67 67 67 67 68 67 71 73 74 75 75 76 76 75 74 73 73 72 73 74 74 73 73 73 73 72 71 70
55 54 54 54 54 53 54 55 56 55 54 52 52 52 52 53 55 56 56 55 55 55 56 58 59 59 59 58 56 57 56 55 55 56 56 56 55 54 54 53 53 52 52 52 52 52 52 53 54 54 54 53 53 54 56 57 58 60 61 62 62 63 64 64 65 65 66 65 65 65 65 65 64 62 65 71 72 74 74 74 73 73 73 72 72 72 72 72 72 72 72 72 71 71 69 68
53 53 53 53 53 53 53 54 55 54 52 51 51 51 51 51 52 52 53 52 52 53 54 55 56 58 59 58 56 56 55 55 55 56 55 55 54 53 53 52 52 52 51 51 51 51 52 52 55 54 54 54 54 54 55 57 58 59 60 61 61 62 63 63 63 64 64 64 64 64 63 63 64 62 64 68 71 72 73 72 72 73 72 71 71 71 71 71 71 71 71 70 70 70 68 67
53 52 52 52 52 53 53 54 54 53 51 50 50 50 50 50 50 50 50 51 51 51 52 53 54 56 57 57 55 55 55 54 54 55 54 53 53 52 51 51 51 51 51 50 50 51 54 54 54 54 54 54 54 54 55 56 57 58 59 59 60 61 61 62 62 62 63 63 63 62 62 63 64 64 66 68 70 70 71 71 71 71 70 70 71 70 70 70 70 70 70 69 69 68 67 66
52 52 52 52 51 52 53 54 54 52 50 50 49 49 49 49 49 49 49 50 50 51 51 51 52 54 55 58 56 56 56 55 54 55 53 52 51 51 50 50 50 50 50 50 50 54 54 54 54 54 54 54 54 54 55 56 58 57 58 59 59 60 60 61 61 61 61 62 61 61 61 62 63 64 66 67 69 69 69 70 70 70 70 69 70 69 69 69 69 69 68 68 68 67 66 65
51 51 52 52 51 51 52 52 51 50 50 50 49 49 48 48 49 49 49 49 50 50 50 51 51 52 54 55 56 56 55 55 55 55 52 51 50 50 49 49 49 49 49 49 55 54 53 53 53 53 53 53 54 54 55 56 57 59 57 58 58 59 59 59 59 60 60 60 60 60 60 61 63 64 65 66 67 68 67 68 70 69 69 69 70 68 68 68 68 68 67 67 66 66 65 64
51 50 51 50 50 50 50 50 49 49 49 49 49 48 47 48 48 49 48 48 49 49 49 50 50 52 53 54 55 55 54 53 52 51 50 50 49 48 48 48 48 48 48 54 54 53 53 53 53 53 53 54 54 54 55 55 57 59 56 56 57 58 58 58 58 58 58 58 58 58 59 60 61 62 64 64 66 67 67 67 68 68 68 67 68 67 67 66 67 66 66 66 65 65 64 64
50 50 49 49 49 49 48 48 48 48 48 49 47 46 46 47 47 48 48 48 48 49 49 49 50 51 53 54 53 53 52 51 50 50 49 48 55 55 47 47 47 47 54 54 53 52 52 52 53 53 54 54 55 55 55 55 56 58 60 55 56 57 57 57 60 59 58 56 56 57 58 59 59 58 59 59 64 65 66 66 67 67 67 66 66 66 65 65 66 65 65 65 65 64 64 64
50 49 49 49 49 48 48 47 47 46 47 47 46 46 45 46 46 47 47 47 48 48 48 48 49 50 53 50 51 51 50 49 49 48 48 47 54 54 54 54 54 54 53 53 52 51 51 52 52 53 54 54 55 56 55 54 55 57 58 60 61 55 55 60 58 57 56 55 55 55 56 57 57 55 54 59 63 64 65 66 66 66 66 65 66 65 65 65 65 64 64 64 64 64 64 63
50 50 49 48 48 48 48 48 47 46 46 45 46 45 45 45 45 46 46 47 47 47 47 48 48 49 51 53 48 48 48 48 47 46 46 45 45 54 54 54 53 53 52 52 51 50 51 51 52 52 52 54 55 55 54 53 54 55 57 58 59 59 59 58 56 56 55 54 54 53 54 54 54 51 53 57 60 63 64 65 65 65 65 64 65 64 64 64 64 63 63 63 63 63 63 63
50 50 49 48 48 47 48 48 48 47 47 46 47 46 45 44 44 45 45 46 46 46 47 47 47 48 49 51 53 45 46 46 45 44 44 44 43 54 53 53 53 52 51 50 50 49 49 49 50 50 51 52 54 54 54 53 53 53 55 56 56 57 57 56 55 54 53 52 52 51 51 50 50 50 53 55 58 61 63 63 64 63 64 63 64 64 63 63 63 62 62 62 62 62 62 62
51 50 49 48 47 46 47 48 49 48 47 46 46 46 45 44 44 44 45 45 45 45 46 46 46 47 48 49 50 52 43 44 43 42 53 53 53 53 53 52 52 51 50 49 48 48 48 48 48 48 50 51 52 52 52 52 52 52 53 54 54 55 55 54 53 53 52 50 50 49 49 50 50 51 54 54 57 60 61 62 63 63 63 62 63 64 62 63 62 61 61 61 61 61 61 61
50 50 49 48 47 46 46 46 47 47 47 45 46 45 44 44 44 44 45 45 44 44 44 45 45 45 46 48 50 42 41 42 42 42 52 52 52 52 52 52 51 51 50 48 47 47 47 47 47 47 48 49 50 50 50 51 51 51 51 52 52 53 53 53 52 51 50 50 50 49 49 50 51 52 53 53 55 59 60 61 62 62 62 61 63 62 62 61 61 60 60 60 60 60 60 60
49 49 49 47 46 45 45 45 45 46 46 45 45 44 44 44 43 43 44 44 43 43 44 44 44 44 45 47 50 39 39 39 41 40 52 51 51 51 51 51 50 51 49 47 46 45 45 45 45 45 46 46 48 48 49 49 49 49 49 50 50 51 51 51 51 50 49 49 49 49 48 49 49 50 51 52 55 58 58 60 60 61 60 60 61 61 61 61 60 60 60 59 60 59 59 59
47 48 48 47 46 45 45 44 44 44 45 45 45 44 43 43 43 43 43 43 42 42 43 42 42 43 43 44 46 48 50 37 38 38 51 50 50 49 50 50 50 51 48 46 45 44 44 44 44 44 44 45 46 47 47 47 47 47 47 48 49 50 52 50 50 49 49 48 48 47 47 47 47 48 49 51 53 56 58 58 59 59 59 59 60 61 61 59 60 59 58 58 59 58 58 58
47 47 47 46 46 46 45 44 44 43 44 44 45 44 43 43 43 42 42 42 41 41 41 41 41 42 42 43 44 45 47 50 35 36 37 50 49 49 49 49 51 40 48 45 44 43 43 42 43 43 43 43 44 45 46 46 46 46 46 47 48 48 49 49 49 48 48 47 47 46 45 45 45 46 47 49 51 54 58 58 58 57 59 59 60 58 58 59 59 58 57 58 59 58 57 57
46 47 46 46 46 46 45 44 43 43 43 43 44 43 43 43 42 42 42 41 40 40 40 40 40 40 41 41 42 43 44 46 47 49 50 49 49 48 49 51 38 51 47 44 42 42 41 41 41 41 41 41 42 43 44 44 45 45 45 45 46 47 47 47 48 48 47 46 45 44 43 43 44 44 46 47 49 52 55 56 56 57 57 57 58 58 57 57 57 57 57 57 59 58 57 57
45 45 46 46 46 46 45 44 43 43 42 42 43 43 43 43 42 42 41 40 39 39 39 40 40 40 39 39 40 41 42 42 43 45 47 48 49 49 49 49 48 46 45 43 41 40 40 39 39 39 39 39 39 40 41 41 42 43 43 44 45 45 46 46 47 46 46 45 44 42 42 42 42 43 44 45 47 50 53 58 55 56 56 56 56 55 55 55 55 55 55 55 56 56 56 56
44 44 44 44 45 45 45 45 44 43 42 42 41 42 43 43 42 41 40 39 38 37 38 39 40 39 38 38 38 39 39 40 41 42 45 48 35 49 47 46 45 43 42 41 40 39 38 38 37 36 36 36 37 38 39 39 40 41 42 43 43 44 44 45 45 44 44 43 41 40 40 40 40 41 42 43 44 47 49 52 58 54 54 54 54 54 54 54 54 54 55 55 56 56 55 55
44 43 43 43 43 44 44 45 44 42 42 41 41 41 42 42 42 40 39 37 37 36 37 37 40 39 38 37 37 37 37 37 38 41 42 45 46 44 43 42 42 41 40 39 39 38 37 36 36 35 35 35 36 37 38 39 39 40 41 41 42 42 43 43 43 42 41 40 39 39 39 38 39 39 40 41 42 44 47 51 56 52 52 52 53 53 53 52 55 55 54 55 56 56 55 55
44 43 43 43 43 43 43 43 43 42 41 41 40 40 40 41 41 39 38 37 35 36 36 37 37 37 37 36 36 36 36 36 37 38 40 42 43 43 42 42 41 40 40 38 38 37 36 35 35 35 35 36 36 36 36 37 38 39 39 40 40 41 41 41 41 40 40 38 37 37 37 37 38 38 39 40 41 43 46 49 54 50 51 51 51 51 51 56 54 55 53 53 54 55 54 54
