Data/bom_data/etaanov.txt
ncols         417
nrows         337
xllcorner     112.15
yllcorner     -43.8
cellsize      0.1
NODATA_value  -9999
[rows 57 to 113 of 337, columns 96 to 191 of 417]
36 37 37 37 38 38 38 39 39 39 40 40 40 41 41 41 42 42 42 45 43 43 43 44 46 44 44 47 49 48 51 51 51 52 53 55 57 57 57 59 58 58 59 57 58 58 58 58 59 59 60 60 60 60 60 62 61 62 62 62 63 62 63 63 63 65 64 64 68 66 67 68 66 67 67 67 68 68 68 71 70 69 71 73 75 76 78 78 79 79 79 78 78 78 76 75
36 36 36 37 37 37 38 38 38 38 39 39 39 40 40 44 43 41 41 41 42 42 42 43 43 43 43 43 47 49 49 49 50 51 51 54 56 55 55 58 57 56 56 57 57 57 57 57 58 58 58 58 59 59 59 61 62 64 63 62 61 61 64 63 63 64 63 65 66 66 67 67 66 66 66 67 67 67 70 70 69 69 72 73 75 74 76 77 77 77 76 77 78 77 76 76
35 35 35 36 36 36 37 37 37 38 38 38 39 39 39 39 40 43 44 44 43 41 41 44 42 42 42 45 47 50 49 50 51 49 50 52 53 52 53 54 57 56 57 57 57 57 56 57 57 57 58 58 57 58 59 61 62 64 62 61 61 61 64 63 63 61 63 67 65 63 66 64 65 66 67 68 68 68 69 70 69 71 72 73 74 74 74 75 76 76 76 75 76 76 73 73
34 34 35 35 35 36 36 36 37 37 37 37 38 38 38 39 39 43 42 43 43 43 40 43 41 41 45 46 47 48 49 50 48 47 50 50 50 51 51 53 55 58 57 56 57 57 56 56 56 57 57 56 57 57 58 61 62 62 60 60 59 59 62 60 60 62 63 63 62 62 63 63 64 65 67 68 67 67 68 67 68 70 71 72 72 73 73 75 75 75 75 75 75 74 73 72
33 34 34 34 35 35 35 35 36 36 36 37 37 37 37 38 38 38 39 42 43 43 44 45 42 40 42 41 41 44 46 44 46 47 47 49 50 51 50 54 54 55 56 55 55 56 56 56 55 55 55 55 57 57 57 60 60 60 60 59 61 58 59 60 60 62 62 64 61 61 61 62 64 65 66 66 66 65 66 64 67 69 71 72 71 72 73 73 72 74 73 73 73 72 72 71
32 33 33 33 34 34 34 35 35 35 36 38 38 36 37 37 37 37 41 41 42 44 44 45 43 42 44 42 46 44 44 44 46 47 47 50 50 50 51 52 53 54 54 54 54 54 54 55 55 54 54 55 56 55 57 59 58 59 60 58 62 58 59 62 59 61 61 62 60 60 61 62 62 64 63 63 64 64 63 64 67 70 71 71 71 71 71 70 70 71 71 71 71 71 71 70
32 32 32 33 33 33 34 34 34 34 37 37 35 36 36 36 36 39 40 41 42 42 42 42 43 44 42 42 43 45 45 44 45 47 48 49 49 49 51 52 52 51 51 52 52 52 54 54 54 54 54 54 55 55 57 58 58 59 59 57 61 58 59 60 61 61 58 60 59 59 61 60 62 63 63 62 62 62 63 63 66 68 69 69 69 69 70 70 70 69 70 70 69 69 70 70
31 31 32 32 32 32 33 33 33 34 36 37 36 35 35 35 35 39 40 41 40 40 39 40 40 42 42 41 42 46 46 45 44 46 48 47 48 49 49 50 50 50 50 51 50 51 52 53 54 53 53 55 54 54 57 57 58 59 56 58 60 57 57 58 60 61 58 58 57 58 59 60 61 62 63 61 61 61 63 63 65 67 68 67 67 68 68 68 68 68 68 67 68 67 67 67
30 31 31 31 31 32 32 32 33 33 35 36 36 36 34 34 35 35 35 37 40 39 38 38 39 40 43 40 41 44 44 47 43 44 45 46 47 47 47 48 47 48 48 48 49 50 51 52 53 52 53 53 53 54 55 58 57 57 56 59 57 57 58 56 56 57 57 56 57 57 58 61 61 61 61 60 61 61 64 62 64 66 67 66 66 66 65 65 65 67 66 65 66 65 65 64
30 30 30 32 31 31 31 32 34 35 35 35 35 35 33 34 34 34 34 35 37 37 37 38 38 39 39 40 41 43 42 42 44 42 43 43 45 45 45 46 48 48 46 47 48 49 50 50 51 52 52 52 53 55 55 56 55 54 56 56 56 58 58 56 55 55 56 56 56 57 59 60 61 61 62 60 61 60 62 63 63 65 65 65 65 65 65 65 65 65 64 64 64 63 61 60
29 29 29 30 30 30 30 33 33 34 34 35 34 34 34 33 33 33 34 34 34 36 37 38 38 38 39 40 39 41 40 41 44 45 44 42 44 44 44 45 46 46 45 48 49 48 49 49 50 51 51 52 52 54 54 56 53 56 55 57 56 58 56 54 54 57 57 57 55 55 57 58 58 59 60 61 61 62 61 63 63 64 63 63 64 64 63 64 63 63 62 62 62 60 59 59
28 28 29 29 29 32 32 33 33 33 33 34 34 34 34 32 32 32 35 35 35 35 36 36 36 37 37 38 39 39 38 39 41 43 44 45 44 43 43 43 42 43 44 44 45 46 47 47 49 50 51 51 52 53 54 53 54 56 56 56 55 56 55 54 54 57 56 55 55 57 55 55 56 56 58 59 60 61 61 62 62 62 62 62 63 62 62 62 62 61 61 60 60 58 57 58
27 28 28 28 28 31 32 34 34 34 33 33 34 34 33 33 32 32 34 34 32 34 35 35 36 36 37 37 37 37 39 38 39 40 41 44 43 43 42 42 42 42 43 43 44 45 45 46 48 50 51 51 52 53 53 52 55 54 57 55 55 57 55 53 53 56 56 58 56 56 53 55 55 55 56 58 59 59 59 60 61 61 62 62 61 61 61 61 60 60 60 59 58 57 56 56
27 27 27 27 30 31 32 33 34 33 33 33 33 33 33 33 31 31 31 33 34 34 34 34 35 35 35 36 36 36 37 37 38 39 44 43 46 45 44 42 42 43 43 42 43 44 45 46 47 48 49 49 51 51 51 53 56 53 55 54 54 55 54 53 54 53 53 53 53 52 52 54 54 54 55 56 56 57 58 59 59 60 61 61 60 60 60 59 59 58 58 57 56 56 56 55
26 26 27 27 30 31 32 33 33 33 33 32 32 32 32 32 32 30 32 33 33 33 33 34 34 34 34 35 35 35 36 37 37 37 38 43 46 47 45 44 41 42 43 42 43 44 45 46 48 47 47 48 51 51 52 53 53 53 52 52 52 52 51 52 53 54 54 53 53 52 52 52 54 53 55 55 57 57 57 57 58 59 59 59 59 59 58 57 57 56 56 55 55 55 55 55
25 26 26 26 30 31 33 33 32 32 32 32 32 31 31 31 32 31 32 32 33 33 33 33 33 33 34 34 35 35 35 35 37 37 37 38 40 42 46 44 43 41 41 43 42 44 45 45 46 45 46 47 48 52 54 51 51 51 51 50 50 50 50 51 50 52 52 54 52 50 51 52 53 54 54 54 56 57 57 57 57 58 58 58 57 57 57 56 55 54 53 53 54 53 53 53
25 25 25 25 29 30 31 31 31 31 31 31 31 31 31 31 31 31 31 32 33 33 33 33 33 33 33 33 34 35 35 35 35 36 37 38 38 38 39 39 40 39 42 42 42 45 45 45 45 45 47 47 48 48 49 49 51 51 50 49 49 49 49 49 49 51 50 50 49 49 50 51 53 55 55 54 56 56 57 57 56 56 57 57 57 56 55 55 53 51 50 51 52 52 52 52
24 24 24 25 27 29 30 30 29 29 30 30 31 30 30 30 30 30 30 31 32 33 33 33 33 33 33 33 33 34 35 35 35 35 37 37 38 38 37 37 37 37 40 42 40 43 45 45 45 44 44 45 48 46 47 48 50 50 50 49 50 50 50 49 49 49 48 48 48 49 50 51 53 54 54 53 55 56 56 56 55 56 56 55 55 55 54 54 52 50 50 50 51 51 51 51
23 24 24 24 26 27 28 28 28 28 28 29 30 29 29 30 30 30 30 31 32 32 32 32 32 32 32 32 32 33 34 34 35 36 36 36 36 37 36 36 36 36 37 39 41 41 44 41 43 42 43 45 45 46 46 48 47 48 48 49 49 48 48 50 48 46 47 47 49 49 50 50 52 53 53 53 54 54 55 54 54 54 54 54 53 54 53 52 50 49 50 50 50 50 50 50
23 23 23 23 26 26 27 27 27 27 28 28 29 29 29 29 29 30 29 29 30 31 31 31 31 31 31 31 32 33 33 34 35 35 36 36 36 35 35 35 35 35 37 38 39 39 41 40 40 42 42 42 43 46 45 46 47 48 48 47 47 46 46 47 47 47 47 48 49 49 51 51 51 52 53 53 53 52 52 52 52 53 53 52 51 51 51 50 48 48 49 49 49 49 49 49
22 22 22 23 25 23 25 26 26 26 27 28 28 28 28 29 29 29 29 29 29 30 31 30 30 30 31 31 31 32 32 33 33 34 35 34 35 35 34 34 34 35 36 36 37 37 38 38 40 40 42 43 44 44 44 45 46 47 47 47 46 47 47 47 46 46 47 47 48 49 50 50 50 51 51 51 51 49 48 49 51 52 51 51 49 49 49 49 47 48 48 48 47 48 48 48
21 22 22 22 22 23 25 25 26 26 27 28 28 28 28 28 28 28 29 29 29 29 30 30 29 30 30 30 31 31 31 32 33 33 34 33 33 33 33 34 34 34 35 36 36 37 38 38 39 40 42 43 43 42 43 44 45 45 46 46 46 47 47 45 46 46 47 48 47 48 49 49 50 50 50 50 49 47 48 48 49 51 50 50 49 47 47 46 47 47 46 46 46 46 46 46
21 21 21 22 22 24 25 25 26 26 27 27 28 27 28 28 28 28 28 28 28 28 28 29 29 29 29 30 30 30 31 32 32 32 32 33 33 32 33 33 33 34 35 35 36 37 39 39 40 40 39 40 43 42 42 43 44 46 45 44 45 45 44 43 44 46 46 47 47 47 48 49 49 49 49 48 47 47 47 47 48 49 49 49 48 48 47 47 46 46 45 45 45 45 45 45
20 20 21 21 23 24 24 25 26 26 27 28 27 27 27 27 28 28 28 28 28 28 28 28 29 29 29 29 30 30 30 31 31 31 31 31 32 32 32 32 33 33 34 35 35 36 36 36 37 37 38 40 41 41 41 42 43 44 44 44 44 43 43 45 45 45 45 46 47 47 47 48 47 48 48 46 46 46 45 45 47 48 48 48 47 47 46 46 46 45 44 44 44 44 44 44
19 20 22 23 23 24 24 25 25 26 27 27 27 27 27 27 28 28 27 27 28 28 28 28 28 29 29 28 29 29 29 30 30 30 30 30 31 31 32 33 33 33 33 33 35 37 36 36 36 37 38 39 40 40 41 41 42 43 43 43 43 43 42 44 44 44 44 45 46 46 46 46 46 46 46 45 45 46 45 45 46 47 48 47 46 45 45 45 44 44 43 43 43 43 43 44
21 21 22 23 23 24 24 25 25 26 27 27 28 28 27 27 27 27 27 27 28 28 28 28 28 28 28 28 28 28 29 29 29 29 30 30 30 30 31 32 33 33 33 33 36 37 36 36 35 36 37 38 39 39 40 41 42 42 43 42 42 42 42 43 43 43 43 44 44 44 45 45 45 44 44 44 43 44 44 44 45 46 47 46 45 45 44 43 43 43 42 42 42 42 43 43
20 21 22 23 23 24 25 25 25 26 26 27 27 28 28 27 26 27 27 27 27 27 28 28 28 28 28 28 28 28 28 29 29 30 29 29 30 30 30 31 32 33 33 34 34 34 35 35 35 37 37 37 38 38 39 40 41 42 42 42 42 42 42 42 42 42 42 43 43 43 44 44 44 43 43 42 42 43 43 43 44 45 45 45 45 44 44 43 42 42 41 41 41 41 42 43
20 21 21 22 23 24 24 25 25 26 26 26 27 27 27 28 26 26 26 26 27 27 27 28 28 28 28 27 28 28 28 30 31 32 31 30 29 29 30 30 31 32 33 33 34 34 34 35 35 35 36 37 37 38 38 39 40 41 41 41 41 41 41 41 41 41 42 42 42 43 44 44 43 43 42 42 42 43 44 43 43 43 44 45 45 44 43 42 41 41 41 40 40 40 41 41
20 20 21 22 22 23 23 24 25 25 25 26 26 26 27 27 26 26 26 26 27 27 27 28 28 28 27 27 28 27 27 29 30 31 31 30 29 29 30 30 30 31 32 33 33 34 34 34 35 35 35 36 36 37 39 39 39 40 40 40 40 40 40 40 40 40 41 41 42 42 43 43 43 43 43 42 42 43 44 43 43 43 43 44 44 43 42 42 41 40 40 39 39 39 39 39
19 20 21 21 22 22 23 24 24 24 25 25 25 25 26 26 26 26 26 27 27 27 27 28 28 28 27 27 28 28 27 27 28 29 31 30 29 30 30 30 31 30 31 32 32 32 33 34 34 34 36 36 36 37 38 39 39 39 39 39 39 39 39 39 39 39 39 40 41 41 42 43 43 43 42 42 42 42 43 43 44 44 44 44 43 42 42 41 40 39 39 39 39 38 37 37
19 20 20 21 21 22 23 23 23 24 24 24 24 25 25 25 26 26 26 26 26 26 27 27 27 27 28 27 28 28 27 27 28 28 29 29 28 29 29 29 30 30 31 31 31 33 34 34 34 34 35 36 36 37 38 38 38 39 38 38 38 39 38 38 38 38 38 39 40 40 41 42 42 42 42 42 41 41 41 43 43 44 44 43 43 43 42 41 40 39 39 39 39 37 37 37
19 19 20 20 21 22 22 22 23 24 24 23 24 25 24 25 25 25 25 25 25 25 26 26 26 27 27 28 27 27 27 28 28 28 29 28 29 29 28 29 29 29 30 31 31 32 33 34 34 34 34 34 35 36 37 37 37 38 37 37 38 38 37 36 36 37 37 38 39 39 40 41 41 42 42 42 41 41 41 42 42 43 43 42 42 42 41 40 39 39 39 39 39 37 37 37
18 18 19 20 20 21 21 21 22 23 23 23 23 24 24 24 24 24 24 24 24 25 25 25 25 26 27 27 27 27 28 28 28 28 29 29 29 29 29 29 29 29 29 30 31 31 32 33 33 34 34 35 35 36 36 36 36 36 36 36 37 37 35 35 35 35 36 38 38 39 40 41 41 40 41 42 42 41 41 42 42 42 41 41 41 41 40 40 39 38 38 38 38 37 38 37
18 18 18 19 19 20 20 20 21 21 22 22 22 22 23 23 24 24 24 24 24 24 25 25 25 25 25 26 26 27 27 27 28 28 28 28 29 29 29 29 29 29 30 30 30 31 31 32 32 33 34 35 36 36 35 35 35 35 35 35 36 35 34 34 34 35 35 36 38 39 40 41 40 40 40 41 41 41 41 41 42 41 41 40 40 40 39 39 38 37 37 37 37 38 38 36
17 17 17 18 18 19 19 19 20 20 21 21 21 22 22 23 23 24 23 23 23 23 24 24 24 24 25 25 25 26 27 26 27 27 27 27 28 28 28 28 29 29 29 30 30 30 31 31 32 32 33 34 35 35 35 35 34 34 34 35 35 34 33 33 34 34 34 35 36 37 39 41 40 40 40 40 40 39 40 40 41 40 40 39 39 38 38 37 37 36 36 35 36 37 36 35
17 17 17 17 18 19 19 19 19 20 20 21 21 21 22 22 22 23 23 23 23 23 23 23 24 24 24 24 25 25 26 26 26 27 26 27 27 28 28 28 28 28 29 29 30 30 31 31 31 32 32 33 33 34 34 34 34 33 34 34 35 34 33 33 32 32 32 33 35 36 37 39 38 38 39 38 38 38 39 39 40 39 39 39 38 37 37 36 36 36 35 35 35 35 34 34
17 17 18 18 18 19 19 19 19 20 20 21 21 21 21 21 21 22 22 22 23 23 23 24 24 23 24 24 24 24 25 25 25 26 26 26 27 27 27 27 27 28 28 29 29 29 30 30 30 31 31 32 32 33 33 33 33 33 33 33 33 34 33 32 31 31 32 33 34 35 36 38 38 37 38 38 37 38 38 38 38 38 38 38 38 37 37 36 35 35 34 34 34 34 33 33
17 17 17 18 18 18 18 19 19 20 20 21 21 21 20 21 21 21 21 22 23 24 24 24 24 24 24 24 24 24 25 25 25 25 25 25 26 26 26 27 27 27 28 28 28 29 29 29 29 30 31 32 32 31 31 32 32 32 32 32 32 32 32 31 32 31 32 32 33 33 34 36 36 36 37 37 37 37 37 37 37 38 37 37 37 37 36 35 34 34 34 34 34 34 34 33
16 16 17 17 18 17 18 18 18 19 20 20 20 20 20 22 22 22 22 23 22 23 23 24 24 25 24 24 23 23 23 24 24 24 24 25 25 25 26 26 26 26 27 27 28 28 28 28 29 29 30 30 31 31 31 31 31 31 31 31 31 31 31 31 32 32 32 32 32 33 33 35 35 35 35 35 36 36 37 37 37 37 37 36 36 35 35 34 34 35 35 34 34 34 33 33
15 16 16 16 17 17 17 17 18 18 19 19 19 21 21 22 22 22 23 23 22 23 23 23 24 24 25 24 23 23 23 23 23 23 23 24 24 24 25 25 25 25 26 27 26 27 27 28 28 29 30 30 30 30 29 29 29 30 30 31 31 30 31 30 32 31 32 32 32 33 34 35 35 35 35 35 36 36 36 36 36 36 36 35 35 34 34 34 34 35 35 34 34 33 32 32
17 16 18 18 18 18 18 18 19 19 20 20 20 20 21 22 23 22 22 23 22 23 24 23 24 24 24 24 23 23 22 22 22 23 23 23 23 24 24 24 24 24 25 25 26 26 26 27 27 28 29 29 29 28 28 28 28 28 29 30 30 29 30 30 31 31 32 33 33 33 34 35 35 35 35 35 35 35 36 36 35 35 35 34 34 33 33 33 34 35 35 35 35 33 32 32
17 17 18 17 18 18 18 18 18 19 19 19 19 20 21 22 22 22 22 23 23 23 24 24 23 23 24 25 24 23 22 22 22 22 23 22 23 24 25 24 24 24 24 25 25 25 26 26 26 27 28 28 28 27 27 27 27 27 27 28 28 28 28 29 30 31 33 33 33 33 34 35 35 35 35 35 34 34 35 34 34 34 34 34 33 33 34 34 35 35 35 35 35 34 33 32
17 17 18 18 18 18 19 18 19 19 19 19 20 20 21 22 21 22 22 23 23 22 24 23 24 25 24 25 24 23 23 22 22 22 22 22 23 24 25 24 24 24 24 24 24 25 26 26 26 26 27 28 26 26 26 26 26 26 26 26 27 28 28 28 29 30 32 33 34 34 34 34 34 34 34 34 34 34 34 33 34 33 33 33 33 33 34 34 35 35 35 35 35 34 33 32
17 17 18 18 18 18 19 18 19 19 19 20 20 20 21 22 22 21 23 23 23 23 24 23 23 24 24 25 24 24 23 23 22 22 22 22 22 24 24 23 24 24 24 23 24 25 25 26 26 26 26 27 26 25 25 25 24 25 25 26 26 27 28 29 28 28 29 31 32 33 33 33 33 33 33 33 34 33 33 33 33 33 32 33 33 33 33 34 34 34 34 34 34 34 33 33
17 18 18 18 19 19 19 19 18 19 19 20 20 20 20 21 21 22 22 23 23 23 23 23 23 23 24 24 24 24 24 24 23 23 22 22 22 22 22 22 23 23 24 23 23 24 25 26 26 26 26 25 25 24 24 24 24 24 25 26 26 27 28 28 28 27 28 29 31 31 32 32 33 32 33 33 33 33 32 32 32 32 32 32 32 32 32 33 33 33 33 33 33 34 34 33
17 17 18 19 19 19 19 19 19 19 19 20 20 21 21 21 20 21 21 22 23 23 22 22 22 22 23 24 24 24 24 24 24 24 23 22 22 21 21 21 22 23 24 24 23 23 24 25 26 26 25 25 24 24 24 24 24 24 25 25 26 27 27 27 28 27 27 28 29 31 31 31 32 31 32 31 31 32 32 31 31 31 31 31 32 32 32 32 32 33 33 33 33 33 34 34
16 16 17 18 18 19 19 19 19 20 20 20 20 20 21 21 21 20 21 21 21 22 21 21 21 22 23 23 23 23 23 24 24 24 24 24 23 22 21 21 22 22 23 24 23 23 24 25 26 26 25 24 23 23 23 24 24 24 25 25 25 26 26 27 27 27 27 28 29 30 31 31 31 31 31 31 31 31 31 31 31 32 31 31 32 32 32 32 32 32 33 33 32 33 33 33
16 16 16 17 17 17 18 18 18 20 20 20 20 20 21 20 21 21 21 21 21 21 20 20 21 23 23 23 23 23 23 23 22 23 24 24 23 22 22 22 22 22 23 23 23 22 23 24 25 26 25 24 23 23 23 24 24 24 24 24 24 24 25 26 27 27 27 28 30 31 31 30 30 30 30 30 30 31 30 30 30 31 31 31 32 31 31 32 32 32 33 33 32 32 32 33
17 17 17 17 17 17 17 17 17 18 19 19 19 20 20 20 20 20 21 21 20 20 20 20 21 22 22 22 23 24 23 22 22 21 22 24 23 23 23 23 23 22 22 22 21 22 23 23 24 25 25 25 25 23 23 23 24 24 23 22 23 23 24 25 26 27 27 28 30 30 30 29 29 30 30 29 30 30 30 30 30 30 31 31 31 30 31 31 31 32 32 32 32 32 32 32
17 17 17 18 17 17 17 17 17 17 17 18 18 19 19 19 19 19 20 20 20 19 20 20 21 21 21 21 22 22 22 22 22 21 21 22 23 23 22 22 23 22 22 21 21 21 22 23 23 24 24 25 25 25 24 23 23 23 23 22 23 24 25 25 26 27 27 28 28 28 28 29 30 29 29 29 29 29 29 29 29 29 30 30 30 30 30 30 30 31 31 31 31 32 32 32
17 17 17 18 18 18 18 17 17 17 17 18 18 18 18 18 18 18 19 19 19 19 20 20 21 20 20 20 20 20 21 21 22 21 21 21 22 22 22 22 22 23 22 21 20 20 21 21 22 22 23 24 25 25 25 24 23 23 24 24 24 25 25 26 28 28 28 28 27 27 27 28 30 28 29 28 29 29 29 29 29 29 29 29 29 30 31 31 31 31 31 31 31 32 32 32
17 17 17 18 18 18 18 18 18 18 17 18 18 18 17 18 18 18 18 18 18 19 20 20 20 19 19 19 20 20 20 20 21 21 21 20 21 21 21 21 22 22 22 21 21 20 20 21 21 22 22 23 24 25 25 24 23 23 24 25 25 25 26 27 28 28 28 27 26 26 27 27 28 29 30 30 29 29 29 29 29 29 29 29 31 31 31 31 31 31 31 31 31 31 32 32
16 16 16 17 17 17 17 17 18 18 18 18 18 18 18 18 18 18 18 18 18 19 20 20 19 19 18 19 20 20 20 20 20 21 20 20 19 20 20 21 22 22 22 22 21 20 20 21 22 23 23 23 23 23 24 23 22 22 24 25 25 26 25 26 27 27 27 26 26 26 26 27 27 28 29 30 29 29 29 29 29 29 31 31 31 31 31 31 31 31 31 31 31 31 31 32
15 15 15 16 16 17 17 17 17 17 17 17 18 18 18 18 18 18 18 18 18 19 19 19 19 19 18 18 19 19 19 19 20 20 20 19 19 19 20 21 21 21 21 22 22 21 21 21 23 24 24 23 22 22 22 22 21 22 23 24 25 26 27 26 26 26 25 25 25 25 26 26 27 28 29 30 31 28 29 29 29 29 32 31 31 31 31 31 31 31 31 31 31 31 31 32
14 14 15 15 16 17 17 17 17 17 17 16 17 17 17 17 18 17 17 17 18 18 18 18 18 18 18 17 17 17 17 18 18 19 19 19 19 19 20 20 20 19 20 21 22 22 21 21 23 24 24 23 22 22 22 22 21 21 22 23 25 26 27 26 25 24 24 24 24 25 26 26 27 28 30 30 30 31 29 29 30 30 30 32 32 31 31 31 31 31 31 31 32 31 31 33
14 14 14 14 16 16 16 16 17 17 17 16 16 16 17 17 17 17 17 17 17 17 17 17 17 17 17 17 16 17 17 17 16 17 18 18 18 18 19 20 19 19 20 20 20 21 21 21 22 24 24 24 23 22 22 22 22 21 21 22 24 25 27 26 24 23 23 23 23 24 25 26 27 28 30 31 30 30 32 29 29 29 30 33 33 32 32 32 32 31 32 32 32 32 32 33
13 14 14 14 15 15 15 15 16 16 16 15 15 16 16 16 17 16 16 16 16 16 16 16 16 16 16 16 16 17 17 17 16 17 17 17 17 18 19 19 19 19 20 20 19 20 20 21 23 24 24 25 23 22 21 21 21 21 21 22 23 25 26 25 23 23 23 23 23 24 25 25 26 28 30 31 31 30 31 31 31 32 32 32 33 32 32 32 32 32 32 32 32 32 32 32
