Data/bom_data/etaajun.txt
ncols         417
nrows         337
xllcorner     112.15
yllcorner     -43.8
cellsize      0.1
NODATA_value  -9999
[rows 0 to 56 of 337, columns 288 to 383 of 417]
81 81 81 81 81 82 82 82 82 82 83 83 83 83 83 83 83 84 84 84 84 84 84 84 84 84 84 84 84 84 84 84 85 85 85 85 85 85 85 85 85 85 85 85 85 85 85 85 85 85 86 86 86 86 86 86 86 86 86 86 86 86 87 87 87 87 87 87 87 87 87 87 88 88 88 88 88 88 88 88 88 88 89 89 89 89 89 89 89 89 89 89 90 90 90 90
80 80 81 81 81 81 81 82 82 82 82 84 83 83 83 83 83 83 83 83 83 84 84 84 84 84 84 84 84 84 84 84 84 84 84 84 84 84 84 84 85 85 85 85 85 85 85 85 85 85 85 85 85 85 85 86 86 86 86 86 86 86 86 86 86 86 87 87 87 87 87 87 87 87 87 87 88 88 88 88 88 88 88 88 88 89 89 89 89 89 89 89 89 89 89 90
80 80 80 81 81 81 81 81 81 82 82 82 82 82 82 83 83 83 83 83 83 83 83 83 83 83 84 84 84 84 84 84 84 84 84 84 84 84 84 84 84 84 84 84 84 84 84 85 85 85 85 85 85 85 85 85 85 85 85 86 86 86 86 86 86 86 86 86 86 87 87 87 87 87 87 87 87 87 87 88 88 88 88 88 88 88 88 88 89 89 89 89 89 89 89 89
79 80 80 80 80 81 81 81 81 81 81 82 83 83 82 82 82 82 83 83 83 83 83 83 83 83 83 83 83 83 83 83 83 83 83 83 84 84 84 84 84 84 84 84 84 84 84 84 84 84 84 84 84 85 85 85 85 85 85 85 85 85 85 86 86 86 86 86 86 86 86 86 86 87 87 87 87 87 87 87 87 87 88 88 88 88 88 88 88 88 88 88 89 89 89 89
79 79 79 80 80 80 80 81 81 81 81 82 83 82 82 82 82 82 82 82 82 82 83 83 83 83 83 83 83 83 83 83 83 83 83 83 83 83 83 83 83 83 83 83 84 84 84 84 84 84 84 84 84 84 84 84 84 85 85 85 85 85 85 85 85 85 85 86 86 86 86 86 86 86 86 86 87 87 87 87 87 87 87 87 87 88 88 88 88 88 88 88 88 88 88 89
79 79 79 79 80 80 80 80 80 81 81 81 81 81 82 82 82 82 82 82 82 82 82 82 82 82 82 82 82 82 82 83 83 83 83 83 83 83 83 83 83 83 83 83 83 83 83 83 83 83 84 84 84 84 84 84 84 84 84 84 84 85 85 85 85 85 85 85 85 85 86 86 86 86 86 86 86 86 86 87 87 87 87 87 87 87 87 87 88 88 88 88 88 88 88 88
78 78 79 79 79 79 80 80 80 80 80 81 81 81 82 82 81 81 82 82 82 82 82 82 82 82 82 82 82 82 82 82 82 82 82 82 82 82 82 82 82 82 83 83 83 83 83 83 83 83 83 83 83 83 83 84 84 84 84 84 84 84 84 84 84 85 85 85 85 85 85 85 85 86 86 86 86 86 86 86 86 86 87 87 87 87 87 87 87 87 87 88 88 88 88 88
78 78 78 78 79 79 79 79 80 80 80 81 81 81 81 81 82 81 81 81 81 81 81 81 82 82 82 82 82 82 82 82 82 82 82 82 82 82 82 82 82 82 82 82 82 82 82 82 82 83 83 83 83 83 83 83 83 83 83 84 84 84 84 84 84 84 84 84 85 85 85 85 85 85 85 85 86 86 86 86 86 86 86 86 86 87 87 87 87 87 87 87 87 87 88 88
77 78 78 78 78 79 79 79 79 79 80 80 81 81 81 81 81 82 81 81 81 81 81 81 81 81 81 81 81 81 81 81 81 81 81 81 81 81 81 81 82 82 82 82 82 82 82 82 82 82 82 82 82 83 83 83 83 83 83 83 83 83 83 84 84 84 84 84 84 84 84 85 85 85 85 85 85 85 85 86 86 86 86 86 86 86 86 86 87 87 87 87 87 87 87 87
77 77 77 78 78 78 78 79 79 79 79 79 80 81 81 81 81 82 80 81 81 81 81 81 81 81 81 81 81 81 81 81 81 81 81 81 81 81 81 81 81 81 81 81 81 81 81 82 82 82 82 82 82 82 82 82 82 83 83 83 83 83 83 83 83 83 84 84 84 84 84 84 84 84 85 85 85 85 85 85 85 85 86 86 86 86 86 86 86 86 86 87 87 87 87 87
76 77 77 77 77 78 78 78 78 79 79 80 80 80 81 81 81 81 80 80 80 80 80 80 80 80 80 80 80 80 80 80 80 80 80 80 80 80 81 81 81 81 81 81 81 81 81 81 81 81 81 81 82 82 82 82 82 82 82 82 82 83 83 83 83 83 83 83 83 84 84 84 84 84 84 84 84 85 85 85 85 85 85 85 85 86 86 86 86 86 86 86 86 87 87 87
76 76 76 77 77 77 77 78 78 78 78 79 80 80 80 81 81 81 81 80 80 80 80 80 80 80 80 80 80 80 80 80 80 80 80 80 80 80 80 80 80 80 80 80 80 80 81 81 81 81 81 81 81 81 81 81 82 82 82 82 82 82 82 82 83 83 83 83 83 83 83 83 84 84 84 84 84 84 84 84 85 85 85 85 85 85 85 85 86 86 86 86 86 86 86 86
75 76 76 76 76 77 77 77 78 78 78 79 79 80 80 80 81 81 80 79 79 79 79 79 79 79 79 79 79 79 79 79 79 79 79 79 79 79 80 80 80 80 80 80 80 80 80 80 80 80 80 81 81 81 81 81 81 81 81 81 82 82 82 82 82 82 82 83 83 83 83 83 83 83 83 84 84 84 84 84 84 84 85 85 85 85 85 85 85 85 86 86 86 86 86 86
75 75 75 76 76 76 77 77 77 77 78 79 79 79 80 80 80 80 80 79 79 79 79 79 79 79 79 79 79 79 79 79 79 79 79 79 79 79 79 79 79 79 79 79 79 79 80 80 80 80 80 80 80 80 80 81 81 81 81 81 81 81 81 82 82 82 82 82 82 82 83 83 83 83 83 83 83 84 84 84 84 84 84 84 84 85 85 85 85 85 85 85 85 86 86 86
74 75 75 75 76 76 76 76 77 77 78 78 78 79 79 80 80 80 80 79 79 79 79 79 79 79 79 78 78 78 78 78 78 78 78 78 78 78 79 79 79 79 79 79 79 79 79 79 79 79 79 80 80 80 80 80 80 80 80 81 81 81 81 81 81 81 82 82 82 82 82 82 82 83 83 83 83 83 83 83 84 84 84 84 84 84 84 85 85 85 85 85 85 85 85 85
74 74 74 75 75 75 76 76 76 77 77 78 78 78 79 79 79 79 79 78 78 78 78 78 78 78 78 78 78 78 78 78 78 78 78 78 78 78 78 78 78 78 78 78 78 78 79 79 79 79 79 79 79 79 79 80 80 80 80 80 80 80 81 81 81 81 81 81 81 82 82 82 82 82 82 83 83 83 83 83 83 83 84 84 84 84 84 84 84 84 85 85 85 85 85 85
73 74 74 74 74 75 75 75 76 76 77 77 78 78 78 79 79 79 79 78 78 78 78 78 78 78 77 77 77 77 77 77 77 77 77 77 77 77 77 77 78 78 78 78 78 78 78 78 78 78 79 79 79 79 79 79 79 79 80 80 80 80 80 80 80 81 81 81 81 81 81 82 82 82 82 82 82 82 83 83 83 83 83 83 83 84 84 84 84 84 84 84 85 85 85 85
73 73 73 74 74 74 75 75 75 76 77 77 77 78 78 78 79 79 79 78 78 78 78 77 77 77 77 77 77 77 77 77 77 77 77 77 77 77 77 77 77 77 77 77 77 77 78 78 78 78 78 78 78 78 79 79 79 79 79 79 79 80 80 80 80 80 80 81 81 81 81 81 81 81 82 82 82 82 82 82 83 83 83 83 83 83 83 84 84 84 84 84 84 84 84 85
72 72 73 73 73 74 74 74 75 76 76 76 77 77 78 78 78 78 78 78 78 78 77 77 77 76 76 76 76 76 76 76 76 76 76 76 76 76 76 76 76 77 77 77 77 77 77 77 77 77 78 78 78 78 78 78 78 79 79 79 79 79 79 79 80 80 80 80 80 80 81 81 81 81 81 81 82 82 82 82 82 82 82 83 83 83 83 83 83 83 84 84 84 84 84 84
72 72 72 72 73 73 73 74 75 75 76 76 76 77 77 78 78 78 78 78 77 76 76 76 76 76 76 76 76 76 76 76 75 76 76 76 76 76 76 76 76 76 76 76 76 76 76 77 77 77 77 77 77 77 78 78 78 78 78 78 79 79 79 79 79 79 80 80 80 80 80 80 81 81 81 81 81 81 82 82 82 82 82 82 82 83 83 83 83 83 83 83 84 84 84 84
71 71 72 72 72 73 73 74 74 75 75 76 76 76 77 77 78 78 77 77 77 76 76 75 75 75 75 75 75 75 75 75 75 75 75 75 75 75 75 75 75 75 75 76 76 76 76 76 76 76 76 77 77 77 77 77 77 78 78 78 78 78 78 79 79 79 79 79 80 80 80 80 80 80 81 81 81 81 81 81 81 82 82 82 82 82 82 83 83 83 83 83 83 83 83 84
70 71 71 71 72 72 72 73 74 74 75 75 75 76 76 77 77 77 77 78 76 76 75 75 75 75 74 74 74 74 74 74 74 74 74 74 74 74 74 75 75 75 75 75 75 75 75 76 76 76 76 76 76 76 77 77 77 77 77 77 78 78 78 78 78 79 79 79 79 79 79 80 80 80 80 80 80 81 81 81 81 81 81 82 82 82 82 82 82 82 83 83 83 83 83 83
70 70 70 71 71 71 72 73 73 74 74 74 75 75 75 76 76 77 77 77 76 76 76 74 74 74 74 74 74 74 74 74 74 74 74 74 74 74 74 74 74 74 74 74 75 75 75 75 75 75 75 76 76 76 76 76 76 77 77 77 77 77 78 78 78 78 78 79 79 79 79 79 79 80 80 80 80 80 80 81 81 81 81 81 81 82 82 82 82 82 82 82 83 83 83 83
69 69 70 70 70 71 72 71 72 73 73 73 74 74 75 75 76 76 76 76 75 75 75 73 73 73 73 73 73 73 73 73 73 73 73 73 73 73 73 73 73 74 74 74 74 74 74 74 75 75 75 75 75 75 76 76 76 76 76 77 77 77 77 77 78 78 78 78 78 78 79 79 79 79 79 80 80 80 80 80 80 81 81 81 81 81 81 82 82 82 82 82 82 82 83 83
68 69 69 69 70 70 70 70 72 72 72 73 73 74 74 74 75 75 75 75 74 75 75 74 73 72 72 72 72 72 72 72 72 72 72 72 72 72 73 73 73 73 73 73 73 74 74 74 74 74 74 75 75 75 75 75 76 76 76 76 76 77 77 77 77 77 78 78 78 78 78 78 79 79 79 79 79 80 80 80 80 80 80 81 81 81 81 81 81 82 82 82 82 82 82 82
68 68 68 69 69 69 69 70 71 71 72 72 72 73 73 73 74 74 74 74 74 74 74 73 71 71 71 71 71 71 71 71 71 71 71 72 72 72 72 72 72 72 72 73 73 73 73 73 73 74 74 74 74 74 75 75 75 75 75 76 76 76 76 76 77 77 77 77 77 78 78 78 78 78 79 79 79 79 79 80 80 80 80 80 80 81 81 81 81 81 81 81 82 82 82 82
67 67 68 68 68 68 69 70 70 70 71 71 71 72 72 72 73 72 73 72 73 73 73 71 71 72 70 70 70 70 70 71 71 71 71 71 71 71 71 71 72 72 72 72 72 72 73 73 73 73 73 73 74 74 74 74 75 75 75 75 75 76 76 76 76 76 77 77 77 77 77 78 78 78 78 78 79 79 79 79 79 80 80 80 80 80 80 81 81 81 81 81 81 81 82 82
66 67 67 67 67 68 69 69 69 69 70 70 70 71 71 71 71 71 71 72 72 72 72 71 71 69 69 69 70 70 70 70 70 70 70 70 70 70 71 71 71 71 71 71 72 72 72 72 72 73 73 73 73 73 74 74 74 74 74 75 75 75 75 76 76 76 76 76 77 77 77 77 78 78 78 78 78 78 79 79 79 79 79 80 80 80 80 80 80 81 81 81 81 81 81 81
66 66 66 66 67 67 68 68 69 69 69 69 69 70 70 70 70 70 70 70 71 71 72 71 70 69 69 69 69 69 69 69 69 69 69 69 70 70 70 70 70 70 71 71 71 71 71 72 72 72 72 72 73 73 73 73 74 74 74 74 74 75 75 75 75 76 76 76 76 76 77 77 77 77 78 78 78 78 78 78 79 79 79 79 79 80 80 80 80 80 80 81 81 81 81 81
65 65 65 66 66 66 67 67 68 68 68 68 68 68 69 69 69 69 69 69 69 70 70 70 69 68 68 68 68 68 68 68 68 68 69 69 69 69 69 69 70 70 70 70 70 71 71 71 71 71 72 72 72 72 73 73 73 73 74 74 74 74 74 75 75 75 75 76 76 76 76 77 77 77 77 77 78 78 78 78 78 79 79 79 79 79 79 80 80 80 80 80 80 81 81 81
64 64 65 65 65 65 65 66 66 67 67 67 67 68 68 68 68 68 68 68 69 69 69 69 69 68 67 67 67 67 67 67 67 68 68 68 68 68 68 69 69 69 69 69 70 70 70 70 71 71 71 71 72 72 72 72 73 73 73 73 74 74 74 74 75 75 75 75 75 76 76 76 76 77 77 77 77 77 78 78 78 78 78 79 79 79 79 79 79 80 80 80 80 80 80 80
63 64 64 64 64 64 65 65 66 66 66 66 66 66 66 66 67 67 67 67 67 67 67 67 67 67 66 66 66 66 66 66 67 67 67 67 67 68 68 68 68 68 69 69 69 69 70 70 70 70 70 71 71 71 72 72 72 72 73 73 73 73 74 74 74 74 75 75 75 75 76 76 76 76 76 77 77 77 77 77 78 78 78 78 78 79 79 79 79 79 79 80 80 80 80 80
63 63 63 63 63 64 64 65 65 65 65 65 65 65 65 65 65 65 65 66 65 66 67 67 65 66 65 65 65 65 65 66 66 66 66 66 67 67 67 67 67 68 68 68 68 69 69 69 69 70 70 70 70 71 71 71 72 72 72 72 73 73 73 73 74 74 74 74 75 75 75 75 76 76 76 76 76 77 77 77 77 77 78 78 78 78 78 79 79 79 79 79 79 80 80 80
62 62 62 62 63 63 64 64 64 64 64 64 64 64 64 64 64 64 64 65 64 65 66 66 65 65 64 64 64 64 65 65 65 65 65 66 66 66 66 67 67 67 67 68 68 68 68 69 69 69 69 70 70 70 70 71 71 71 72 72 72 72 73 73 73 73 74 74 74 74 75 75 75 75 76 76 76 76 77 77 77 77 77 78 78 78 78 78 78 79 79 79 79 79 79 80
61 61 62 62 62 63 63 63 63 63 63 63 63 64 64 64 63 63 63 64 63 63 65 66 64 64 63 63 63 64 64 64 64 65 65 65 65 65 66 66 66 66 67 67 67 67 68 68 68 68 69 69 69 70 70 70 71 71 71 71 72 72 72 73 73 73 73 74 74 74 74 75 75 75 75 76 76 76 76 76 77 77 77 77 77 78 78 78 78 78 78 79 79 79 79 79
60 61 61 61 61 62 62 62 62 62 62 63 63 63 63 63 62 63 62 63 62 63 65 67 65 63 62 62 63 63 63 63 64 64 64 64 64 65 65 65 65 66 66 66 66 67 67 67 68 68 68 68 69 69 69 70 70 70 71 71 71 72 72 72 72 73 73 73 73 74 74 74 74 75 75 75 75 76 76 76 76 76 77 77 77 77 77 78 78 78 78 78 78 79 79 79
60 60 60 60 60 61 61 61 61 62 62 62 62 62 62 62 62 62 61 61 62 63 62 63 62 62 61 62 62 62 62 63 63 63 63 63 64 64 64 64 65 65 65 66 66 66 66 67 67 67 68 68 68 69 69 69 70 70 70 70 71 71 71 72 72 72 73 73 73 73 74 74 74 74 75 75 75 75 75 76 76 76 76 77 77 77 77 77 77 78 78 78 78 78 78 79
59 59 59 59 60 60 60 61 61 61 61 61 61 61 61 61 61 61 61 61 61 62 62 62 61 61 61 61 61 61 62 62 62 62 62 63 63 63 63 64 64 64 65 65 65 65 66 66 66 67 67 67 68 68 68 69 69 69 70 70 70 71 71 71 72 72 72 72 73 73 73 73 74 74 74 74 75 75 75 75 76 76 76 76 76 77 77 77 77 77 77 78 78 78 78 78
58 58 59 59 59 59 60 60 60 60 60 60 60 60 60 60 60 60 60 61 61 62 61 61 60 60 61 60 60 61 61 61 61 61 62 62 62 62 63 63 63 64 64 64 64 65 65 65 66 66 66 67 67 67 68 68 69 69 69 70 70 70 70 71 71 71 72 72 72 73 73 73 73 74 74 74 74 75 75 75 75 75 76 76 76 76 76 77 77 77 77 77 78 78 78 78
58 58 58 58 58 58 59 59 59 59 59 59 59 59 60 60 59 60 60 61 60 61 61 60 60 60 60 59 60 60 60 60 61 61 61 61 61 62 62 62 63 63 63 64 64 64 64 65 65 66 66 66 67 67 67 68 68 68 69 69 69 70 70 70 71 71 71 72 72 72 72 73 73 73 73 74 74 74 74 75 75 75 75 76 76 76 76 76 76 77 77 77 77 77 78 78
57 57 57 57 57 57 58 58 58 58 58 58 58 59 59 59 59 59 59 60 60 60 60 61 60 60 60 59 59 59 59 60 60 60 62 63 61 61 61 62 62 62 63 63 63 64 64 64 65 65 65 66 66 66 67 67 68 68 68 69 69 69 70 70 70 71 71 71 71 72 72 72 73 73 73 73 74 74 74 74 75 75 75 75 75 76 76 76 76 76 77 77 77 77 77 77
56 56 56 56 57 57 57 57 57 58 58 58 58 58 58 58 58 58 58 59 59 59 59 60 59 59 59 59 58 58 59 59 61 61 62 61 61 60 61 61 61 62 62 62 63 63 63 64 64 64 65 65 65 66 66 67 67 67 68 68 68 69 69 70 70 70 70 71 71 71 72 72 72 73 73 73 73 74 74 74 74 74 75 75 75 75 75 76 76 76 76 76 77 77 77 77
56 56 56 56 56 57 57 57 57 57 57 57 57 57 57 57 57 57 58 59 59 59 58 60 59 58 58 58 58 58 58 59 60 60 62 61 59 60 60 60 60 61 61 61 62 62 63 63 63 64 64 65 65 65 66 66 67 67 67 68 68 68 69 69 69 70 70 70 71 71 71 72 72 72 72 73 73 73 73 74 74 74 74 75 75 75 75 75 76 76 76 76 76 76 77 77
55 55 55 55 55 55 56 56 56 56 56 56 56 56 56 57 57 57 57 57 58 57 58 58 59 58 57 57 57 58 58 58 58 59 60 61 62 60 59 59 60 60 60 61 61 62 62 62 63 63 64 64 64 65 65 66 66 66 67 67 68 68 68 69 69 69 70 70 70 71 71 71 72 72 72 72 73 73 73 73 74 74 74 74 74 75 75 75 75 75 76 76 76 76 76 76
54 54 54 54 54 54 55 55 55 55 55 55 56 56 56 56 56 56 56 57 57 57 57 57 58 57 57 57 57 57 57 57 58 58 58 60 60 60 60 60 59 59 60 60 60 61 61 62 62 63 63 63 64 64 65 65 66 66 66 67 67 68 68 68 69 69 69 70 70 70 71 71 71 71 72 72 72 72 73 73 73 73 74 74 74 74 75 75 75 75 75 75 76 76 76 76
53 54 54 54 54 54 54 55 55 55 55 55 55 55 55 55 55 55 56 56 56 56 56 57 56 56 56 56 56 56 56 57 57 58 58 58 59 62 59 59 58 59 59 59 60 60 61 61 62 62 62 63 63 64 64 65 65 66 66 66 67 67 68 68 68 69 69 69 70 70 70 71 71 71 71 72 72 72 72 73 73 73 73 74 74 74 74 74 75 75 75 75 75 75 76 76
53 53 53 53 53 53 54 54 54 54 54 54 54 54 54 54 54 55 55 55 55 55 56 56 56 55 55 55 55 56 56 56 56 57 57 57 58 59 60 61 60 59 60 59 59 60 60 60 61 61 62 62 63 63 64 64 65 65 65 66 66 67 67 67 68 68 69 69 69 70 70 70 70 71 71 71 72 72 72 72 73 73 73 73 73 74 74 74 74 74 75 75 75 75 75 76
52 52 52 52 52 52 53 53 53 53 53 53 53 53 54 54 54 54 54 54 55 55 55 55 55 55 55 55 55 55 55 55 56 56 56 57 57 58 60 62 62 60 59 59 58 59 59 60 60 61 61 62 62 63 63 64 64 65 65 65 66 66 67 67 67 68 68 69 69 69 70 70 70 70 71 71 71 71 72 72 72 72 73 73 73 73 74 74 74 74 74 75 75 75 75 75
52 52 52 52 52 52 52 52 52 52 52 53 53 53 53 53 53 53 53 53 54 54 54 55 54 54 54 54 54 54 55 55 55 55 56 56 56 57 58 59 59 58 58 57 58 58 59 59 60 60 61 61 62 62 63 63 64 64 65 65 66 66 66 67 67 67 68 68 69 69 69 69 70 70 70 71 71 71 71 72 72 72 72 73 73 73 73 73 74 74 74 74 74 75 75 75
51 51 51 51 51 51 52 52 52 52 52 52 52 52 52 52 52 52 52 53 53 53 53 53 53 53 54 54 54 54 54 54 54 55 55 55 56 56 57 58 58 57 57 57 57 58 58 59 59 60 60 61 61 62 62 63 63 64 64 65 65 66 66 66 67 67 67 68 68 69 69 69 69 70 70 70 71 71 71 71 72 72 72 72 72 73 73 73 73 74 74 74 74 74 74 75
50 50 50 50 50 50 51 51 51 51 51 51 51 51 51 51 52 52 52 52 52 52 53 53 53 53 53 53 53 53 53 54 54 54 54 54 55 55 56 58 58 57 57 57 56 57 57 58 58 59 60 60 61 61 62 62 63 63 64 64 65 65 66 66 66 67 67 67 68 68 68 69 69 69 70 70 70 71 71 71 71 71 72 72 72 72 73 73 73 73 73 74 74 74 74 74
50 50 50 50 50 50 50 50 50 50 50 50 50 50 51 51 51 51 51 51 51 51 52 52 52 52 53 52 52 53 53 53 53 53 54 54 55 55 55 57 57 57 57 55 56 56 57 57 58 58 59 60 60 61 61 62 62 63 63 64 64 65 65 66 66 66 67 67 68 68 68 68 69 69 69 70 70 70 70 71 71 71 71 72 72 72 72 72 73 73 73 73 73 74 74 74
49 49 49 49 49 50 50 50 50 50 50 50 50 50 50 50 50 50 50 50 51 51 51 51 52 52 53 52 52 52 53 52 53 53 53 53 54 55 56 55 57 56 55 54 55 56 56 57 57 58 59 59 60 60 61 61 62 63 63 64 64 64 65 65 66 66 66 67 67 68 68 68 68 69 69 69 70 70 70 70 71 71 71 71 72 72 72 72 72 73 73 73 73 73 73 74
48 48 48 48 48 49 49 49 49 49 49 49 49 49 49 49 49 49 49 50 50 50 50 51 51 51 52 52 52 52 52 52 52 52 52 53 54 55 55 56 56 55 55 54 54 55 56 56 57 57 58 59 59 60 60 61 62 62 63 63 64 64 65 65 65 66 66 66 67 67 68 68 68 68 69 69 69 70 70 70 70 71 71 71 71 71 72 72 72 72 72 73 73 73 73 73
48 48 48 47 48 48 48 48 48 48 48 48 48 48 48 48 48 49 49 49 49 49 50 50 50 51 51 51 51 51 52 52 52 52 52 53 54 55 57 54 55 55 56 54 54 54 55 56 56 57 58 58 59 59 60 61 61 62 62 63 63 64 64 65 65 65 66 66 67 67 67 67 68 68 68 69 69 69 69 70 70 70 70 71 71 71 71 72 72 72 72 72 72 73 73 73
47 47 47 47 47 47 47 47 47 47 47 47 47 48 48 48 48 48 48 48 48 49 49 49 49 50 50 50 51 51 51 52 52 52 53 53 53 53 55 53 54 57 57 59 53 54 54 55 56 56 57 58 58 59 60 60 61 61 62 62 63 63 64 64 65 65 65 66 66 67 67 67 67 68 68 68 69 69 69 69 70 70 70 70 71 71 71 71 71 72 72 72 72 72 73 73
46 46 46 46 47 47 47 47 47 47 47 47 47 47 47 47 47 47 47 47 48 48 48 48 48 49 49 50 50 50 51 52 52 52 54 54 56 53 53 54 55 57 60 60 53 53 54 54 55 56 57 57 58 59 59 60 61 61 62 62 63 63 64 64 64 65 65 66 66 66 67 67 67 67 68 68 68 69 69 69 69 70 70 70 70 70 71 71 71 71 71 72 72 72 72 72
