Data/bom_data/etaanov.txt
ncols         417
nrows         337
xllcorner     112.15
yllcorner     -43.8
cellsize      0.1
NODATA_value  -9999
[rows 57 to 113 of 337, columns 0 to 95 of 417]
22 22 22 22 22 22 22 23 23 23 23 23 23 23 23 23 23 23 23 23 23 23 23 23 23 23 23 23 23 23 23 23 23 23 23 23 24 24 24 24 24 24 24 24 24 24 24 25 25 25 25 25 25 25 25 26 26 26 26 26 26 27 27 27 27 27 28 28 28 28 29 29 29 29 30 30 30 30 31 31 31 32 32 32 32 33 33 33 34 34 34 35 35 35 36 36
22 22 22 22 22 22 22 22 22 22 22 22 22 23 23 23 23 23 23 23 23 23 23 23 23 23 23 23 23 23 23 23 23 23 23 23 23 23 23 23 23 23 23 24 24 24 24 24 24 24 24 24 25 25 25 25 25 25 25 26 26 26 26 26 27 27 27 27 27 28 28 28 28 29 29 29 29 30 30 30 31 31 31 31 32 32 32 33 33 33 34 34 34 35 35 35
21 21 21 21 22 22 22 22 22 22 22 22 22 22 22 22 22 22 22 22 22 22 22 22 22 22 22 22 22 22 22 22 22 22 22 22 23 23 23 23 23 23 23 23 23 23 23 23 24 24 24 24 24 24 24 24 25 25 25 25 25 25 26 26 26 26 26 27 27 27 27 27 28 28 28 28 29 29 29 30 30 30 30 31 31 31 32 32 32 33 33 33 34 34 34 34
21 21 21 21 21 21 21 21 21 21 21 22 22 22 22 22 22 22 22 22 22 22 22 22 22 22 22 22 22 22 22 22 22 22 22 22 22 22 22 22 22 22 22 22 23 23 23 23 23 23 23 23 23 24 24 24 24 24 24 24 25 25 25 25 25 25 26 26 26 26 27 27 27 27 28 28 28 28 29 29 29 29 30 30 30 31 31 31 32 32 32 32 33 33 33 34
21 21 21 21 21 21 21 21 21 21 21 21 21 21 21 21 21 21 21 21 21 21 21 21 21 21 21 21 21 21 21 21 21 21 21 22 22 22 22 22 22 22 22 22 22 22 22 22 22 22 23 23 23 23 23 23 23 23 24 24 24 24 24 24 25 25 25 25 25 26 26 26 26 27 27 27 27 28 28 28 28 29 29 29 30 30 30 30 31 31 31 32 32 32 33 33
20 20 20 20 20 20 20 21 21 21 21 21 21 21 21 21 21 21 21 21 21 21 21 21 21 21 21 21 21 21 21 21 21 21 21 21 21 21 21 21 21 21 21 21 21 22 22 22 22 22 22 22 22 22 22 23 23 23 23 23 23 23 24 24 24 24 24 25 25 25 25 25 26 26 26 26 27 27 27 27 28 28 28 29 29 29 29 30 30 30 31 31 31 32 32 32
20 20 20 20 20 20 20 20 20 20 20 20 20 20 20 20 20 21 21 21 20 20 20 20 20 20 20 20 20 20 20 20 20 20 20 21 21 21 21 21 21 21 21 21 21 21 21 21 21 21 21 22 22 22 22 22 22 22 22 23 23 23 23 23 23 24 24 24 24 24 25 25 25 25 25 26 26 26 26 27 27 27 28 28 28 28 29 29 29 30 30 30 31 31 31 31
20 20 20 20 20 20 20 20 20 20 20 20 20 20 20 20 20 20 20 20 20 20 20 20 20 20 20 20 20 20 20 20 20 20 20 20 20 20 20 20 20 20 20 20 20 20 21 21 21 21 21 21 21 21 21 21 21 22 22 22 22 22 22 23 23 23 23 23 23 24 24 24 24 25 25 25 25 26 26 26 26 27 27 27 27 28 28 28 29 29 29 29 30 30 30 31
19 19 19 19 19 19 19 19 19 19 19 19 19 19 20 20 20 20 20 20 20 20 20 20 20 20 20 20 20 20 20 20 20 20 20 20 20 20 20 20 20 20 20 20 20 20 20 20 20 20 20 20 20 21 21 21 21 21 21 21 21 22 22 22 22 22 22 23 23 23 23 23 24 24 24 24 25 25 25 25 26 26 26 26 27 27 27 28 28 28 28 29 29 29 30 30
19 19 19 19 19 19 19 19 19 19 19 19 19 19 19 19 19 19 19 19 19 19 19 19 19 19 19 19 19 19 19 19 19 19 19 19 19 19 19 19 19 19 19 19 19 19 19 19 20 20 20 20 20 20 20 20 20 20 21 21 21 21 21 21 21 22 22 22 22 22 23 23 23 23 23 24 24 24 24 25 25 25 25 26 26 26 27 27 27 27 28 28 28 29 29 29
19 19 19 19 19 19 19 19 19 19 19 19 19 19 19 19 19 19 19 19 19 19 19 19 19 19 19 19 19 19 19 19 19 19 19 19 19 19 19 19 19 19 19 19 19 19 19 19 19 19 19 19 19 19 19 20 20 20 20 20 20 20 20 21 21 21 21 21 21 22 22 22 22 22 23 23 23 23 24 24 24 24 25 25 25 26 26 26 26 27 27 27 28 28 28 28
18 18 18 18 18 18 18 18 18 18 18 18 18 18 18 18 18 18 18 18 18 18 18 18 18 18 18 18 18 18 18 18 18 18 18 18 18 18 18 18 18 18 18 18 18 18 18 18 18 18 19 19 19 19 19 19 19 19 19 19 20 20 20 20 20 20 20 21 21 21 21 21 22 22 22 22 22 23 23 23 23 24 24 24 25 25 25 25 26 26 26 27 27 27 27 28
18 18 18 18 18 18 18 18 18 18 18 18 18 18 18 18 18 18 18 18 18 18 18 18 18 18 18 18 18 18 18 18 18 18 18 18 18 18 18 18 18 18 18 18 18 18 18 18 18 18 18 18 18 18 18 18 18 19 19 19 19 19 19 19 19 20 20 20 20 20 20 21 21 21 21 22 22 22 22 23 23 23 23 24 24 24 24 25 25 25 26 26 26 26 27 27
17 17 17 17 17 17 17 17 17 17 17 17 17 17 17 17 17 17 17 17 17 17 17 17 17 17 17 17 17 17 17 17 17 17 17 17 17 17 17 17 17 17 17 17 17 17 17 17 17 17 17 17 18 18 18 18 18 18 18 18 18 18 19 19 19 19 19 19 19 20 20 20 20 20 21 21 21 21 22 22 22 22 23 23 23 23 24 24 24 25 25 25 25 26 26 26
17 17 17 17 17 17 17 17 17 17 17 17 17 17 17 17 17 17 17 17 17 17 17 17 17 17 17 17 17 17 17 17 17 17 17 17 17 17 17 17 17 17 17 17 17 17 17 17 17 17 17 17 17 17 17 17 17 17 17 18 18 18 18 18 18 18 18 19 19 19 19 19 20 20 20 20 20 21 21 21 21 22 22 22 23 23 23 23 24 24 24 24 25 25 25 26
17 17 17 17 17 17 17 17 17 17 17 17 17 17 17 17 17 16 16 16 16 16 16 16 16 16 16 16 16 16 16 16 16 16 16 16 16 16 16 16 16 16 16 16 16 16 16 16 16 16 16 16 16 16 16 17 17 17 17 17 17 17 17 17 17 18 18 18 18 18 18 19 19 19 19 20 20 20 20 20 21 21 21 22 22 22 22 23 23 23 24 24 24 24 25 25
17 16 16 16 16 16 16 16 16 16 16 16 16 16 16 16 16 16 16 16 16 16 16 16 16 16 16 16 16 16 16 16 16 16 16 16 16 16 16 16 16 16 16 16 16 16 16 16 16 16 16 16 16 16 16 16 16 16 16 16 16 16 17 17 17 17 17 17 17 18 18 18 18 18 19 19 19 19 20 20 20 20 21 21 21 21 22 22 22 23 23 23 23 24 24 24
16 16 16 16 16 16 16 16 16 16 16 16 16 16 16 16 16 16 16 16 16 16 16 16 16 16 16 16 15 16 15 15 15 15 15 15 15 15 15 15 15 15 15 15 15 15 15 15 15 15 15 15 15 15 15 15 15 16 16 16 16 16 16 16 16 16 16 17 17 17 17 17 18 18 18 18 18 19 19 19 19 20 20 20 20 21 21 21 22 22 22 22 23 23 23 24
16 16 16 16 16 16 16 16 16 16 15 15 15 15 15 15 15 15 15 15 15 15 15 15 15 15 15 15 15 15 15 15 15 15 15 15 15 15 15 15 15 15 15 15 15 15 15 15 15 15 15 15 15 15 15 15 15 15 15 15 15 15 15 15 16 16 16 16 16 16 16 17 17 17 17 17 18 18 18 18 19 19 19 20 20 20 20 21 21 21 22 22 22 22 23 23
16 16 15 15 15 15 15 15 15 15 15 15 15 15 15 15 15 15 15 15 15 15 15 15 15 15 15 15 15 14 14 14 14 14 14 14 14 14 14 14 14 14 14 14 14 14 14 14 14 14 14 14 14 14 14 14 14 14 14 14 15 15 15 15 15 15 15 15 15 16 16 16 16 16 17 17 17 17 18 18 18 18 19 19 19 19 20 20 20 21 21 21 21 22 22 22
15 15 15 15 15 15 15 15 15 15 15 15 15 15 15 15 14 14 14 14 14 14 14 14 14 14 14 14 14 14 14 14 14 14 14 14 14 14 14 14 14 14 14 14 14 13 13 13 13 13 13 13 14 14 14 14 14 14 14 14 14 14 14 14 14 14 15 15 15 15 15 15 16 16 16 16 16 17 17 17 17 18 18 18 18 19 19 19 20 20 20 20 21 21 21 22
15 15 15 15 15 15 15 15 15 14 14 14 14 14 14 14 14 14 14 14 14 14 14 14 14 14 14 14 14 14 13 13 13 13 13 13 13 13 13 13 13 13 13 13 13 13 13 13 13 13 13 13 13 13 13 13 13 13 13 13 13 13 13 14 14 14 14 14 14 14 14 15 15 15 15 15 16 16 16 16 17 17 17 18 18 18 18 19 19 19 20 20 20 20 21 21
15 15 15 14 14 14 14 14 14 14 14 14 14 14 14 14 14 14 14 14 13 13 13 13 13 13 13 13 13 13 13 13 13 13 13 13 13 13 13 13 13 13 13 13 13 12 12 12 12 12 12 12 12 12 12 12 12 13 13 13 13 13 13 13 13 13 13 13 14 14 14 14 14 14 15 15 15 15 16 16 16 16 17 17 17 17 18 18 18 19 19 19 20 20 20 20
14 14 14 14 14 14 14 14 14 14 14 14 14 14 13 13 13 13 13 13 13 13 13 13 13 13 13 13 13 13 13 12 12 12 12 12 12 12 12 12 12 12 12 12 12 12 12 12 12 12 12 12 12 12 12 12 12 12 12 12 12 12 12 12 12 12 13 13 13 13 13 13 14 14 14 14 14 15 15 15 15 16 16 16 17 17 17 17 18 18 18 19 19 19 19 20
14 14 14 14 14 14 14 14 14 13 13 13 13 13 13 13 13 13 13 13 13 13 13 12 12 12 12 12 12 12 12 12 12 12 12 12 12 12 12 12 12 12 12 12 12 11 11 11 11 11 11 11 11 11 11 11 11 11 11 11 11 12 12 12 12 12 12 12 12 12 13 13 13 13 13 13 14 14 14 14 15 15 15 16 16 16 16 17 17 17 18 18 18 19 19 19
14 14 14 14 14 13 13 13 13 13 13 13 13 13 13 13 13 13 12 12 12 12 12 12 12 12 12 12 12 12 12 12 11 11 11 11 11 11 11 11 11 11 11 11 11 11 11 11 11 11 11 11 11 11 11 11 11 11 11 11 11 11 11 11 11 11 11 11 12 12 12 12 12 12 13 13 13 13 14 14 14 14 15 15 15 16 16 16 16 17 17 17 18 18 18 19
14 13 13 13 13 13 13 13 13 13 13 13 13 12 12 12 12 12 12 12 12 12 12 12 12 12 11 11 11 11 11 11 11 11 11 11 11 11 11 11 11 11 10 10 10 10 10 10 10 10 10 10 10 10 10 10 10 10 10 10 10 10 10 10 10 11 11 11 11 11 11 11 12 12 12 12 12 13 13 13 13 14 14 14 15 15 15 16 16 16 16 17 17 17 18 18
13 13 13 13 13 13 13 13 13 12 12 12 12 12 12 12 12 12 12 12 12 11 11 11 11 11 11 11 11 11 11 11 11 10 10 10 10 10 10 10 10 10 10 10 10 10 10 10 10 10 10 10 10 10 10 10 10 10 10 10 10 10 10 10 10 10 10 10 10 10 11 11 11 11 11 12 12 12 12 13 13 13 13 14 14 14 15 15 15 16 16 16 17 17 17 19
13 13 13 13 13 13 12 12 12 12 12 12 12 12 12 12 12 11 11 11 11 11 11 11 11 11 11 11 10 10 10 10 10 10 10 10 10 10 10 10 10 9 9 9 9 9 9 9 9 9 9 9 9 9 9 9 9 9 9 9 9 9 9 9 9 9 9 10 10 10 10 10 10 10 11 11 11 11 12 12 12 12 13 13 13 14 14 14 15 15 15 16 16 16 17 19
13 13 13 12 12 12 12 12 12 12 12 12 12 11 11 11 11 11 11 11 11 11 11 11 10 10 10 10 10 10 10 10 10 10 9 9 9 9 9 9 9 9 9 9 9 9 9 9 9 9 9 9 9 9 9 9 9 9 9 9 9 9 9 9 9 9 9 9 9 9 9 9 10 10 10 10 10 11 11 11 12 12 12 13 13 13 13 14 14 14 15 15 15 16 18 19
13 12 12 12 12 12 12 12 12 12 11 11 11 11 11 11 11 11 11 11 10 10 10 10 10 10 10 10 10 10 9 9 9 9 9 9 9 9 9 9 9 8 8 8 8 8 8 8 8 8 8 8 8 8 8 8 8 8 8 8 8 8 8 8 8 9 9 8 8 8 9 9 9 9 9 10 10 10 10 11 11 11 12 12 12 13 13 13 14 14 14 15 15 15 18 18
12 12 12 12 12 12 12 11 11 11 11 11 11 11 11 11 11 10 10 10 10 10 10 10 10 10 9 9 9 9 9 9 9 9 9 9 8 8 8 8 8 8 8 8 8 8 8 8 8 8 7 7 7 7 7 7 7 7 7 7 7 8 8 8 8 8 8 8 8 8 9 8 8 8 9 9 9 9 10 10 10 11 11 11 12 12 12 13 13 13 14 14 14 17 17 18
12 12 12 12 12 11 11 11 11 11 11 11 11 11 10 10 10 10 10 10 10 10 10 9 9 9 9 9 9 9 9 9 8 8 8 8 8 8 8 8 8 7 7 7 7 7 7 7 7 7 7 7 7 7 7 7 7 7 7 7 7 7 7 7 7 7 7 7 7 8 8 8 8 8 9 9 9 9 9 9 10 10 10 11 11 11 12 12 13 13 13 14 14 16 17 17
12 12 12 11 11 11 11 11 11 11 11 10 10 10 10 10 10 10 10 10 9 9 9 9 9 9 9 9 9 8 8 8 8 8 8 8 8 7 7 7 7 7 7 7 7 7 7 7 7 6 6 6 6 6 6 6 6 6 6 6 6 6 6 6 6 6 6 7 7 7 7 7 7 8 8 8 9 9 9 10 10 10 11 11 11 11 11 12 12 12 13 13 15 16 16 17
12 11 11 11 11 11 11 11 11 10 10 10 10 10 10 10 10 9 9 9 9 9 9 9 9 9 8 8 8 8 8 8 8 8 7 7 7 7 7 7 7 7 6 6 6 6 6 6 6 6 6 6 6 6 6 6 6 6 6 6 6 6 6 6 6 6 6 6 6 6 6 6 7 7 7 7 8 8 8 9 9 10 10 10 11 11 12 12 12 13 13 14 15 15 16 17
11 11 11 11 11 11 11 10 10 10 10 10 10 10 10 9 9 9 9 9 9 9 9 8 8 8 8 8 8 8 8 7 7 7 7 7 7 7 7 6 6 6 6 6 6 6 6 6 6 5 5 5 5 5 5 5 5 5 5 5 5 5 5 5 5 5 5 5 5 5 6 6 6 6 6 7 7 7 8 8 9 9 9 10 10 10 11 11 12 12 15 14 15 15 16 17
11 11 11 11 11 10 10 10 10 10 10 10 10 9 9 9 9 9 9 9 9 8 8 8 8 8 8 8 7 7 7 7 7 7 7 7 6 6 6 6 6 6 6 6 5 5 5 5 5 5 5 5 5 5 5 5 5 5 5 4 4 4 4 4 4 4 4 5 5 5 5 5 5 5 6 6 6 7 7 7 8 8 9 9 9 10 10 11 11 13 13 14 15 15 16 16
11 11 11 10 10 10 10 10 10 10 10 9 9 9 9 9 9 9 8 8 8 8 8 8 8 8 7 7 7 7 7 7 7 6 6 6 6 6 6 6 5 5 5 5 5 5 5 5 5 5 4 4 4 4 4 4 4 4 4 4 4 4 4 4 4 4 4 4 4 4 4 4 4 5 5 5 6 6 6 7 7 8 8 8 9 9 11 12 12 14 13 14 14 15 15 16
11 11 10 10 10 10 10 10 10 9 9 9 9 9 9 9 8 8 8 8 8 8 8 8 7 7 7 7 7 7 7 6 6 6 6 6 6 5 5 5 5 5 5 5 5 4 4 4 4 4 4 4 4 4 4 4 4 4 4 3 3 3 3 3 3 3 3 3 3 3 3 4 4 4 4 5 5 5 6 6 7 7 7 9 10 10 11 12 13 13 14 13 13 14 14 15
10 10 10 10 10 10 10 9 9 9 9 9 9 9 8 8 8 8 8 8 8 8 7 7 7 7 7 7 7 6 6 6 6 6 6 5 5 5 5 5 5 5 4 4 4 4 4 4 4 4 4 4 4 3 3 3 3 3 3 3 3 3 3 3 3 3 3 3 3 3 3 3 3 3 4 4 4 5 5 6 8 8 9 9 10 11 12 12 13 13 14 14 15 15 16 15
10 10 10 10 10 9 9 9 9 9 9 9 8 8 8 8 8 8 8 8 7 7 7 7 7 7 7 6 6 6 6 6 6 5 5 5 5 5 5 4 4 4 4 4 4 4 4 3 3 3 3 3 3 3 3 3 3 3 3 3 3 2 2 2 2 2 2 2 2 4 4 4 4 3 3 5 5 6 6 7 8 9 9 10 11 12 12 13 13 14 14 14 15 16 16 16
10 10 10 10 9 9 9 9 9 9 9 8 8 8 8 8 8 8 7 7 7 7 7 7 7 6 6 6 6 6 6 6 5 5 5 5 5 4 4 4 4 4 4 4 3 3 3 3 3 3 3 3 3 3 3 2 2 2 2 2 2 2 2 2 2 2 2 2 3 3 4 4 4 4 4 5 6 6 7 8 8 9 10 11 11 12 13 13 14 14 15 15 16 15 15 16
10 10 10 9 9 9 9 9 9 8 8 8 8 8 8 8 7 7 7 7 7 7 7 6 6 6 6 6 6 6 5 5 5 5 5 5 4 4 4 4 4 3 3 3 3 3 3 3 3 3 3 2 2 2 2 2 2 2 2 2 2 2 2 1 1 1 1 3 3 3 3 3 3 4 4 5 6 7 8 8 9 10 11 11 11 12 12 12 14 14 13 14 15 15 15 17
10 10 9 9 9 9 9 9 8 8 8 8 8 8 7 7 7 7 7 7 7 6 6 6 6 6 6 6 5 5 5 5 5 5 4 4 4 4 4 4 3 3 3 3 3 3 3 2 2 2 2 2 2 2 2 2 2 2 1 1 1 1 1 1 3 1 2 3 3 3 3 3 3 4 5 5 6 7 8 9 9 10 10 12 12 13 12 13 13 14 15 14 14 15 15 17
9 9 9 9 9 9 8 8 8 8 8 8 8 7 7 7 7 7 7 6 6 6 6 6 6 6 6 5 5 5 5 5 5 4 4 4 4 4 3 3 3 3 3 3 2 2 2 3 2 2 2 2 2 2 2 1 1 1 1 3 3 2 2 2 2 2 3 3 3 3 3 3 3 3 4 5 6 8 8 9 9 10 11 11 11 12 13 13 14 14 14 16 16 16 17 17
9 9 9 9 9 8 8 8 8 8 8 7 7 7 7 7 7 7 6 6 6 6 6 6 6 5 5 5 5 5 5 5 4 4 4 4 4 3 3 3 3 3 2 2 4 4 2 2 2 2 2 1 1 1 1 1 1 1 2 3 3 3 3 3 3 3 3 3 3 3 3 3 3 3 4 5 6 7 7 9 9 10 11 11 12 12 13 14 14 14 15 15 15 17 17 17
9 9 9 9 8 8 8 8 8 8 7 7 7 7 7 7 6 6 6 6 6 6 6 5 5 5 5 5 5 5 4 4 4 4 4 3 3 3 3 3 2 2 2 4 3 2 2 2 1 1 3 1 1 1 1 3 1 2 2 3 3 3 3 3 3 3 3 3 3 3 3 3 3 3 4 5 6 7 7 7 9 9 10 11 11 11 12 13 14 14 14 15 15 15 17 17
9 9 9 8 8 8 8 8 8 7 7 7 7 7 7 6 6 6 6 6 6 5 5 5 5 5 5 5 5 4 4 4 4 4 3 3 3 3 3 2 2 2 2 2 3 3 3 1 3 3 2 1 1 1 1 3 2 2 2 2 2 2 3 3 3 3 3 3 3 3 3 3 3 4 4 5 6 7 7 8 8 9 9 10 10 10 11 12 13 13 14 14 15 15 17 17
9 9 8 8 8 8 8 8 7 7 7 7 7 7 6 6 6 6 6 6 5 5 5 5 5 5 5 4 4 4 4 4 6 4 3 3 3 3 2 2 2 2 2 3 3 3 3 3 3 3 2 1 2 2 2 2 3 2 2 3 2 2 3 3 3 3 3 4 3 3 3 3 4 5 5 6 6 8 8 9 10 10 10 11 11 11 12 13 14 15 15 16 17 17 17 17
9 8 8 8 8 8 8 7 7 7 7 7 6 6 6 6 6 6 6 5 5 5 5 5 5 4 4 4 4 4 4 4 4 3 3 3 3 2 2 2 3 3 3 3 3 3 3 3 4 3 3 3 2 2 2 2 3 3 2 2 3 2 3 3 3 3 3 4 4 4 4 4 5 6 6 6 7 9 9 10 10 10 10 11 11 11 12 13 14 14 15 16 17 16 16 16
9 8 8 8 8 8 7 7 7 7 7 6 6 6 6 6 6 5 5 5 5 5 5 5 4 4 4 4 4 4 4 4 3 3 3 3 2 2 2 3 4 4 4 3 4 3 4 4 4 4 4 3 3 3 3 3 3 3 2 2 3 2 3 3 3 4 4 4 4 5 5 5 5 6 7 8 8 9 10 9 10 11 11 12 12 11 12 12 14 14 14 15 16 16 16 17
8 8 8 8 8 7 7 7 7 7 6 6 6 6 6 6 5 5 5 5 5 5 4 4 4 4 4 4 4 3 3 3 3 3 3 2 2 4 3 4 4 5 5 4 4 3 4 4 4 4 5 4 3 3 3 2 3 3 3 3 3 3 3 4 3 4 4 5 5 5 6 6 7 9 10 8 9 9 10 10 10 12 12 12 12 12 12 12 14 15 14 14 15 16 17 17
8 8 8 8 7 7 7 7 7 6 6 6 6 6 6 5 5 5 5 5 5 4 4 4 4 4 4 3 3 3 3 3 3 3 2 2 2 4 4 4 5 6 6 5 5 4 4 4 4 4 4 5 3 3 3 3 2 3 3 4 3 4 3 3 5 4 4 5 7 7 8 7 8 9 10 9 9 10 10 11 12 13 12 11 12 13 12 12 13 15 15 14 14 15 16 16
8 8 8 8 7 7 7 7 7 6 6 6 6 6 5 5 5 5 5 5 4 4 4 4 4 4 3 3 3 3 3 3 3 2 2 2 4 4 4 4 5 6 6 7 7 6 5 5 6 6 5 3 4 4 4 3 2 3 4 5 4 3 3 3 5 4 4 6 8 6 6 7 9 9 9 9 10 10 10 11 12 12 11 12 12 13 12 12 12 14 15 15 14 14 15 15
8 8 8 7 7 7 7 7 6 6 6 6 6 5 5 5 5 5 5 4 4 4 4 4 4 3 3 3 3 3 3 3 2 2 4 4 4 4 4 4 5 5 5 6 7 7 7 8 8 8 6 4 6 6 6 4 4 3 5 5 4 3 3 4 4 4 5 6 7 8 7 6 8 9 10 9 10 10 10 11 12 11 11 13 13 13 12 12 12 13 16 15 14 14 14 14
8 8 7 7 7 7 7 6 6 6 6 6 5 5 5 5 5 5 4 4 4 4 4 4 3 3 3 3 3 3 3 2 2 4 4 4 4 4 5 5 5 5 6 6 6 7 7 8 8 7 8 7 7 7 6 6 5 4 5 6 6 3 3 3 3 4 5 5 7 9 8 6 7 9 10 8 9 9 11 11 11 11 12 14 14 12 12 12 12 13 16 15 14 14 14 14
8 8 7 7 7 7 6 6 6 6 6 5 5 5 5 5 5 4 4 4 4 4 4 3 3 3 3 3 3 3 4 4 4 4 4 4 4 4 5 6 6 7 7 8 7 7 7 8 8 7 8 7 8 7 8 8 7 5 5 9 7 4 3 3 3 4 5 6 7 8 8 7 7 9 10 8 8 9 11 12 12 12 11 13 14 13 12 12 12 12 14 15 14 14 14 13
