Data/bom_data/etaajul.txt
ncols         417
nrows         337
xllcorner     112.15
yllcorner     -43.8
cellsize      0.1
NODATA_value  -9999
[rows 56 to 111 of 337, columns 192 to 287 of 417]
15 15 15 16 16 16 17 17 17 18 18 18 19 19 20 20 20 21 21 22 22 22 22 22 23 23 22 22 23 23 23 23 22 22 21 20 20 20 20 20 20 21 22 22 22 22 22 22 22 22 22 23 23 23 23 24 25 25 26 27 28 28 29 30 31 32 33 34 34 35 36 37 38 39 40 40 41 42 42 43 43 43 43 43 43 43 43 43 43 43 43 43 43 43 42 42
15 15 15 15 16 16 17 17 17 17 18 18 19 19 19 20 20 21 21 21 22 22 22 22 22 22 22 22 22 22 22 22 22 21 20 20 19 20 20 19 19 20 21 21 21 21 21 21 21 21 21 22 22 22 23 23 24 25 25 26 27 27 28 29 30 31 32 33 34 35 36 37 38 39 39 40 41 41 42 42 43 43 43 43 43 43 43 43 43 43 42 42 42 42 42 42
15 15 15 15 16 16 16 17 17 17 18 18 18 19 19 20 20 20 21 21 21 22 22 22 22 22 22 22 22 22 22 21 21 20 20 19 19 19 19 18 18 19 20 21 20 20 20 20 20 20 21 21 21 22 22 23 23 24 25 25 26 27 27 28 29 30 31 32 33 34 35 36 37 38 39 40 41 41 42 42 42 43 43 43 43 43 43 42 42 42 42 42 42 41 41 41
15 15 15 15 16 16 16 17 17 17 18 18 18 19 19 19 20 20 21 21 21 21 22 22 21 21 21 21 21 21 21 20 20 20 19 19 19 19 18 18 18 18 20 20 19 19 19 19 19 20 20 20 21 21 21 22 23 23 24 25 25 26 27 28 28 29 30 31 32 33 35 36 37 38 39 40 40 41 42 42 42 42 42 42 42 42 42 42 42 42 41 41 41 41 41 40
15 15 15 15 15 16 16 16 17 17 17 18 18 19 19 19 20 20 21 21 21 21 21 21 21 21 21 21 21 20 20 20 19 19 19 19 19 18 17 17 17 17 19 19 18 18 18 18 18 19 19 19 20 20 21 21 22 23 23 24 25 25 26 27 28 29 30 31 32 33 34 35 36 37 38 39 40 41 41 42 42 42 42 42 42 42 42 41 41 41 41 41 40 40 40 40
14 15 15 15 15 16 16 16 17 17 17 18 18 18 19 19 19 20 20 21 21 21 21 21 21 21 21 20 20 20 20 19 19 18 18 18 18 18 17 17 17 17 18 18 17 18 18 17 18 18 18 19 19 20 20 21 21 22 23 23 24 25 25 26 27 28 29 30 31 32 33 34 36 37 38 39 40 41 41 42 42 42 42 42 41 41 41 41 41 40 40 40 40 40 39 39
14 15 15 15 15 15 16 16 17 17 17 17 18 18 18 19 19 19 20 20 20 20 20 20 20 20 20 20 20 19 19 19 18 18 18 18 17 17 17 17 17 17 17 17 17 17 17 17 17 18 18 18 19 19 20 20 21 21 22 23 23 24 25 25 26 27 28 29 30 31 32 34 35 36 38 39 40 41 41 42 42 42 42 42 41 41 41 40 40 40 40 39 39 39 39 38
14 14 14 15 15 15 16 16 16 17 17 17 18 18 18 18 19 19 19 20 20 20 20 20 20 20 19 19 19 19 19 18 18 18 17 17 17 17 17 17 16 16 17 17 16 16 16 16 17 17 17 18 18 19 19 19 20 20 21 22 22 23 24 25 25 26 27 28 29 30 32 33 34 36 37 38 40 41 42 42 42 42 41 41 40 40 40 40 39 39 39 39 38 38 38 38
14 14 14 14 15 15 15 16 16 16 17 17 17 17 18 18 18 19 19 19 19 19 19 19 19 19 19 19 18 18 18 18 18 17 17 17 16 16 16 16 16 16 16 16 16 16 16 16 16 17 17 17 17 18 18 19 19 20 21 21 22 22 23 24 25 25 26 27 28 30 31 32 34 35 36 38 39 40 42 42 41 41 40 40 40 39 39 39 39 38 38 38 38 38 37 37
14 13 13 14 14 15 15 16 16 16 16 16 17 17 17 17 18 18 18 18 18 18 18 18 18 18 18 18 18 17 17 17 17 17 17 16 16 16 16 16 16 16 16 16 16 16 15 16 16 16 16 17 17 18 18 18 19 19 20 20 21 22 22 23 24 24 25 26 28 29 30 31 33 34 35 37 38 40 40 40 40 40 40 39 39 39 38 38 38 38 37 37 37 37 37 36
13 13 13 13 14 15 15 15 15 16 16 16 16 17 17 17 17 17 18 18 18 18 18 18 17 17 17 17 17 17 16 16 16 16 16 16 16 16 16 16 16 16 15 15 15 15 15 15 16 16 16 16 17 17 17 18 18 19 19 20 20 21 21 22 23 23 24 25 27 28 29 31 32 34 35 36 37 39 39 39 39 39 39 38 38 38 38 37 37 37 37 36 36 36 36 36
13 13 13 13 14 14 15 15 15 15 16 16 16 16 16 17 17 17 17 17 17 17 17 17 17 16 16 16 16 16 16 15 16 16 15 15 15 15 15 15 15 15 15 15 15 15 15 15 15 16 16 16 16 17 17 17 18 18 19 19 20 20 21 22 22 22 23 24 26 27 28 30 31 32 34 35 36 37 37 38 38 38 38 37 37 37 37 37 36 36 36 36 35 35 35 35
13 13 13 13 14 14 14 15 15 15 15 15 16 16 16 16 16 16 16 16 16 16 16 16 16 16 16 15 15 15 15 15 15 15 15 15 15 15 15 15 15 15 15 15 15 15 15 15 15 15 16 16 16 16 17 17 17 18 18 18 19 19 20 21 21 21 22 23 25 26 27 29 30 31 33 34 35 36 36 36 36 37 36 36 36 36 36 36 35 35 35 35 35 34 34 34
12 13 13 13 13 14 14 14 15 15 15 15 15 15 16 16 16 16 16 16 16 16 16 15 15 15 15 15 15 15 15 15 15 14 15 15 15 15 15 15 15 14 15 15 15 15 15 15 15 15 15 16 16 16 16 17 17 17 18 18 18 19 19 20 20 20 21 22 23 25 26 27 29 30 31 32 33 34 34 35 35 35 36 35 35 35 35 35 34 34 34 34 34 34 33 33
12 13 13 13 13 13 14 14 14 14 14 15 15 15 15 15 15 15 15 15 15 15 15 15 15 15 15 14 14 14 14 14 14 14 14 14 14 14 14 15 14 14 15 14 15 14 15 15 15 15 15 15 15 16 16 16 16 17 17 17 18 18 19 19 19 19 20 21 23 24 25 26 28 29 30 31 32 33 33 33 34 34 34 34 33 33 33 33 33 33 33 33 33 33 33 33
12 12 13 13 13 13 13 14 14 14 14 14 14 14 14 15 15 15 15 15 15 15 15 14 14 14 14 14 14 14 13 14 14 14 14 14 14 14 14 14 15 15 14 14 14 14 14 14 15 15 15 15 15 15 16 16 16 16 17 17 17 18 18 18 18 19 20 21 22 23 24 25 27 28 29 30 31 31 32 32 32 32 32 32 32 32 32 32 32 32 32 32 32 32 32 32
12 12 13 13 13 13 13 13 13 14 14 14 14 14 14 14 14 14 14 14 14 14 14 14 14 14 13 13 13 13 13 13 13 13 13 13 13 14 14 14 14 14 14 14 14 14 14 14 14 14 14 15 15 15 15 15 16 16 16 17 17 17 17 18 18 18 19 20 21 22 23 24 26 27 28 28 29 30 31 31 31 30 30 30 30 30 30 30 30 30 30 30 30 31 31 31
12 12 12 13 13 13 13 13 13 13 13 13 14 14 14 14 14 14 14 14 14 14 14 13 13 13 13 13 13 13 13 12 13 13 13 13 13 13 13 13 13 13 13 13 13 13 13 14 14 14 14 15 15 15 15 15 15 16 16 16 17 17 17 18 18 18 19 20 20 22 22 24 25 26 26 27 28 29 29 30 30 29 28 28 28 28 28 28 28 29 29 29 29 30 30 30
12 12 12 12 12 13 13 13 13 13 13 13 13 13 13 13 13 13 13 13 13 13 13 13 13 12 12 12 12 12 12 12 12 12 12 12 13 13 13 13 13 13 13 13 13 13 13 13 13 14 14 14 14 14 14 15 15 15 16 16 16 16 17 17 18 18 19 19 20 21 22 23 24 24 25 26 27 27 28 28 28 28 28 27 27 26 26 27 27 27 27 28 29 30 30 30
12 12 12 12 12 12 12 12 12 13 13 13 13 13 13 13 13 13 13 13 13 13 13 12 12 12 12 11 11 11 12 12 12 12 12 12 12 12 12 12 13 13 13 13 13 13 13 13 13 13 13 14 14 14 14 14 14 15 15 15 16 16 17 17 17 17 18 19 20 20 21 22 23 23 24 25 26 26 26 26 26 26 26 26 26 26 25 25 26 26 27 28 28 29 29 29
11 11 12 12 12 12 12 12 12 12 12 12 12 12 12 12 12 12 12 12 12 12 12 12 11 11 11 11 11 11 11 11 11 11 12 12 12 12 12 12 12 12 12 12 12 13 13 13 13 13 13 13 13 14 14 14 14 14 15 15 15 16 16 16 16 17 17 18 19 19 20 21 22 23 23 24 24 25 25 25 25 25 24 24 24 24 25 25 26 26 26 27 27 28 28 28
11 11 11 12 12 12 12 12 12 12 12 12 12 12 12 12 12 12 12 12 12 11 12 12 11 11 11 11 10 10 11 11 11 11 11 11 11 11 11 12 12 12 12 12 12 12 12 12 13 13 13 13 13 13 13 13 13 14 14 14 15 15 15 15 16 16 17 17 18 19 19 20 21 22 22 23 23 23 23 23 23 23 23 22 22 23 23 24 24 25 25 26 26 26 27 27
11 11 11 11 12 12 12 12 12 12 12 12 12 11 12 12 11 11 11 11 11 11 11 11 11 10 10 10 10 10 10 10 10 10 10 11 11 11 11 11 11 11 12 12 12 12 12 12 12 12 12 13 13 13 13 13 13 13 13 14 14 14 15 15 15 16 17 17 18 18 19 19 20 20 21 21 21 22 22 22 22 22 21 21 21 21 22 23 23 24 24 25 25 25 26 26
11 11 11 11 11 11 11 11 11 11 11 11 11 11 11 11 11 11 11 11 11 11 11 11 10 10 10 10 10 10 10 10 10 10 10 10 10 10 11 11 11 11 11 11 12 12 12 12 12 12 12 12 13 13 13 13 13 13 13 13 14 14 14 15 15 16 16 17 17 18 18 19 19 19 20 20 20 20 20 20 20 20 20 20 20 20 21 22 22 23 23 24 24 25 25 25
10 10 10 11 11 11 11 11 11 11 11 11 11 11 11 11 11 11 10 10 10 10 11 11 10 10 10 9 9 9 9 9 9 10 10 10 10 10 10 11 11 11 11 11 11 11 12 12 12 12 12 12 12 13 13 13 13 13 13 13 14 14 14 14 15 15 16 16 16 17 17 18 18 18 19 19 19 19 19 19 19 19 19 19 19 20 20 21 22 22 23 23 23 24 24 24
10 10 10 10 11 11 10 10 10 10 10 11 11 11 11 10 10 10 10 10 10 10 10 10 10 10 9 9 9 9 9 9 9 9 9 10 10 10 10 10 11 11 11 11 11 11 11 11 11 11 12 12 12 12 12 12 12 13 13 13 13 14 14 14 14 15 16 16 16 16 16 17 17 17 18 18 18 18 18 18 18 19 19 19 19 19 20 20 21 22 22 22 22 22 23 23
10 10 10 10 10 10 10 10 10 10 10 10 10 10 10 10 10 10 10 10 10 10 10 10 10 10 9 9 9 9 9 9 9 9 9 9 9 10 10 10 10 11 11 11 11 11 11 11 11 11 11 11 12 12 12 12 12 12 13 13 13 13 13 14 14 15 15 15 15 16 16 16 16 17 17 17 17 17 17 17 18 18 18 18 18 19 19 20 20 21 21 21 21 21 21 21
10 10 10 10 10 10 10 10 10 10 10 10 10 10 10 10 10 10 9 9 9 9 10 10 10 9 9 9 9 9 9 9 9 9 9 9 9 9 10 10 10 10 10 11 11 11 11 11 11 11 11 11 11 11 12 12 12 12 12 13 13 13 13 14 14 14 14 15 15 16 16 15 16 16 16 16 16 16 16 17 17 17 17 17 18 18 19 19 20 20 21 21 21 20 20 20
10 10 10 9 9 10 10 10 10 10 10 10 10 10 9 9 9 9 9 9 9 9 9 9 9 9 9 9 8 8 8 8 8 8 9 9 9 9 9 10 10 10 10 10 10 11 11 11 11 11 11 11 11 11 11 12 12 12 12 12 13 13 13 13 13 13 14 14 14 15 15 15 15 15 15 16 16 16 16 16 16 17 17 17 17 18 18 19 19 19 20 20 20 19 19 19
9 10 9 9 9 9 9 10 10 9 9 9 9 9 9 9 9 9 9 9 9 9 9 9 9 9 9 9 8 8 8 8 8 8 8 9 9 9 9 9 10 10 10 10 10 10 10 10 10 10 10 10 10 11 11 11 11 11 11 12 12 12 12 12 13 13 13 13 14 14 14 14 15 15 15 15 15 15 15 16 16 16 16 17 17 17 18 18 19 19 20 20 19 19 19 19
9 9 9 9 9 9 9 9 9 9 9 9 9 9 9 9 9 9 9 9 8 9 9 9 9 9 9 8 8 8 8 8 8 8 8 8 9 9 9 9 9 10 10 10 10 10 10 10 10 10 10 10 10 10 11 11 11 11 11 11 11 12 12 12 12 12 13 13 13 13 14 14 14 14 15 15 15 15 15 15 15 16 16 16 16 17 17 18 18 19 19 19 19 19 18 18
9 9 9 9 9 9 9 9 9 9 9 9 9 9 9 9 9 8 8 8 8 8 9 9 9 9 8 8 8 8 8 8 8 8 8 8 9 9 9 9 9 9 9 10 10 10 10 10 10 10 10 10 10 10 10 10 10 10 11 11 11 11 11 12 12 12 12 12 13 13 13 13 14 14 14 14 14 14 15 15 15 15 15 16 16 16 17 17 18 18 19 19 19 18 18 18
9 9 9 9 9 9 9 9 9 9 9 9 9 9 8 8 8 8 8 8 8 8 8 8 8 9 8 8 8 8 8 8 8 8 8 8 8 9 9 9 9 9 9 9 9 9 10 10 10 9 9 9 9 9 10 10 10 10 10 11 11 11 11 11 11 12 12 12 12 12 13 13 13 13 13 13 14 14 14 15 15 15 15 15 16 16 16 17 17 18 18 18 18 18 18 18
9 10 9 9 9 9 9 9 9 9 9 9 9 8 8 8 8 8 8 8 8 8 8 8 8 8 8 8 8 7 7 7 8 8 8 8 8 8 9 9 9 9 9 9 9 9 9 9 9 9 9 9 9 9 9 9 10 10 10 10 10 10 11 11 11 11 11 11 11 12 12 12 12 12 13 13 14 14 14 15 15 15 15 15 15 15 16 16 17 17 17 17 17 17 17 17
9 9 9 9 9 9 9 9 9 9 9 9 8 8 8 8 8 8 8 8 8 8 8 8 8 8 8 8 7 7 7 7 8 7 8 8 8 8 8 8 8 9 9 9 9 9 9 9 9 9 9 9 9 9 9 9 9 10 10 10 10 10 10 10 10 11 11 11 11 11 11 11 12 11 13 13 13 14 14 14 14 14 14 14 15 15 15 16 16 16 16 17 17 17 17 17
9 9 9 9 9 9 9 9 9 9 9 8 8 8 8 8 8 8 8 8 8 8 8 8 8 8 8 8 7 7 7 7 7 7 8 8 8 8 8 8 8 8 8 9 9 9 9 9 9 9 9 9 9 9 9 9 9 9 10 10 10 10 10 10 10 10 10 10 10 10 11 11 11 11 12 12 13 13 14 14 14 14 14 14 14 14 15 15 15 16 16 16 16 16 16 16
9 9 9 9 9 9 9 9 9 9 8 8 8 8 8 8 8 8 8 8 7 7 7 8 7 8 7 7 7 7 7 7 7 7 8 8 8 8 8 8 8 8 8 8 8 8 9 9 9 9 9 9 9 9 9 9 9 9 9 9 9 10 10 10 10 10 10 10 10 10 10 10 10 10 11 12 12 13 13 13 13 13 13 14 14 14 14 14 15 15 15 15 16 16 15 15
9 9 9 9 9 9 9 9 9 9 8 8 8 8 8 7 7 7 7 7 7 7 7 7 7 7 7 7 7 7 7 7 7 7 7 7 7 7 8 8 8 8 8 8 8 8 8 8 9 9 9 9 9 9 9 9 9 9 9 9 9 9 9 9 9 9 9 9 10 10 10 10 10 10 10 11 12 12 12 13 13 13 13 13 13 13 14 14 14 14 14 15 15 15 15 15
9 9 9 9 9 9 9 9 9 8 8 8 8 8 7 7 7 7 7 7 7 7 7 7 7 7 7 7 6 7 7 7 7 7 7 7 7 7 7 7 8 8 8 8 8 8 9 9 9 9 9 9 9 9 9 9 9 9 9 9 9 9 9 9 9 9 9 9 9 9 9 9 10 10 10 11 11 12 12 12 12 12 12 12 13 13 13 13 14 14 14 14 14 14 14 14
9 9 9 9 9 9 9 9 9 8 8 8 8 7 7 7 7 7 7 7 7 7 7 6 6 6 7 7 6 7 7 7 7 7 7 7 7 7 7 7 7 8 8 8 8 9 9 9 9 9 9 9 9 9 9 9 9 9 9 9 9 9 9 9 9 9 8 9 9 9 9 9 9 10 10 10 11 11 11 11 12 12 12 12 12 12 13 13 13 13 13 14 14 14 14 14
9 9 9 9 9 9 9 9 8 8 8 8 8 7 7 7 7 7 7 7 7 7 7 6 6 6 6 7 7 7 7 7 7 7 7 7 7 7 7 7 7 7 7 8 9 9 9 9 9 9 9 9 9 9 9 9 9 9 9 9 9 9 8 8 8 8 8 8 8 8 8 9 9 10 10 10 10 11 11 11 12 11 12 12 12 12 12 12 13 13 13 13 13 13 13 13
9 9 9 9 9 8 8 8 8 8 8 8 8 7 7 7 7 7 7 7 7 7 7 6 6 6 7 7 7 7 7 7 7 7 7 7 7 7 7 7 7 7 7 9 9 8 9 9 9 9 9 9 9 9 9 9 9 9 8 8 8 8 8 8 8 8 8 8 8 8 8 9 9 9 9 9 10 10 10 10 11 11 11 11 11 11 12 12 12 12 12 13 13 13 13 13
9 9 9 9 9 8 8 8 8 8 8 8 8 7 7 7 7 7 7 7 7 7 7 6 6 6 7 7 7 7 7 7 7 7 7 7 8 8 7 7 7 7 8 8 8 8 8 9 9 9 9 9 9 9 9 9 9 9 9 8 8 8 8 8 8 8 8 7 7 8 8 8 8 8 8 9 10 10 10 10 10 11 11 11 11 11 11 11 12 12 12 12 12 13 13 13
9 9 9 9 9 9 8 8 8 8 8 8 8 7 7 7 7 7 7 7 7 7 7 6 6 6 7 6 6 7 6 6 6 6 7 7 8 8 8 8 8 8 8 8 8 8 8 9 9 9 9 9 9 9 9 9 9 9 9 9 9 8 8 9 8 8 8 7 7 7 8 8 8 8 8 8 9 9 10 10 10 10 10 10 10 10 11 11 11 11 12 12 12 12 12 13
9 9 9 9 9 9 9 8 8 8 8 8 8 8 7 7 7 7 7 7 7 7 7 7 6 6 7 7 6 6 6 6 6 6 6 6 6 8 8 8 8 8 8 8 8 8 8 9 9 9 9 9 9 9 9 9 9 9 9 9 9 9 9 8 8 8 8 7 7 7 8 8 8 7 7 8 9 9 9 10 10 10 10 10 10 10 10 11 11 11 11 11 12 12 12 12
10 9 9 9 9 9 9 9 9 8 8 8 8 8 8 7 7 7 7 7 7 7 7 7 7 7 7 7 7 6 6 6 6 6 6 6 6 8 8 8 8 8 8 8 8 8 8 8 9 9 9 9 9 9 9 9 9 9 9 9 9 9 9 8 8 8 8 7 7 7 7 7 7 7 8 8 8 9 9 9 9 9 10 9 10 10 10 10 11 11 11 11 11 11 12 12
10 10 9 9 9 9 9 9 9 9 9 8 8 8 8 8 7 7 7 7 7 7 7 7 7 7 7 7 7 7 6 6 6 6 8 8 8 8 8 8 8 8 8 8 8 8 8 8 8 9 9 9 9 9 9 9 9 9 9 9 9 9 9 8 8 8 8 7 7 7 7 7 7 7 8 8 8 9 9 9 9 9 9 9 9 10 10 10 10 10 10 11 11 11 11 12
10 10 10 9 9 9 9 9 9 9 9 8 8 8 8 8 8 7 8 7 7 7 7 7 7 7 7 7 7 6 6 6 6 6 8 8 8 8 8 9 9 9 9 8 8 8 8 8 8 9 9 9 9 9 9 9 9 9 9 9 9 9 9 8 8 8 8 8 8 7 7 7 8 8 8 8 8 8 8 8 9 8 9 9 9 10 10 10 10 10 10 11 11 11 11 11
10 10 10 9 9 9 9 9 9 9 9 9 9 8 8 8 8 8 8 7 7 7 7 7 7 7 7 7 7 6 6 6 6 6 8 8 8 8 9 9 9 9 9 9 8 8 8 8 8 8 9 9 9 9 9 9 9 9 9 9 9 9 9 9 8 8 8 8 8 8 7 7 7 7 7 8 8 8 8 8 8 8 8 8 9 10 9 10 10 10 10 10 11 11 11 11
10 10 10 9 9 9 9 9 9 9 9 9 9 8 8 8 8 8 8 8 7 7 7 7 7 7 7 7 7 7 8 6 6 6 9 8 8 9 9 9 9 10 9 9 9 8 8 8 9 9 9 9 9 9 9 9 9 9 9 9 9 9 9 9 9 8 8 8 8 8 8 7 7 7 7 7 8 8 8 8 8 8 8 8 9 10 10 9 10 10 10 10 11 11 11 11
10 10 10 10 9 9 9 9 9 9 9 9 9 9 8 8 8 8 8 8 8 7 7 7 7 7 7 7 7 7 7 8 6 6 6 9 9 9 9 9 10 8 9 9 9 9 9 8 9 9 9 9 9 9 9 9 9 9 9 9 9 9 9 9 9 9 9 8 8 8 8 7 7 7 7 7 8 8 8 8 8 8 9 9 9 9 9 10 10 10 10 10 11 11 11 11
10 10 10 10 10 10 10 9 9 9 9 9 9 9 9 9 9 8 8 8 8 8 8 8 8 7 7 7 7 7 7 8 8 9 9 9 9 9 10 10 8 10 9 9 9 9 9 9 9 9 9 9 9 9 9 9 9 9 9 9 9 9 9 9 9 9 9 9 8 8 8 8 7 7 7 8 8 8 8 8 8 8 9 9 9 9 9 9 9 10 10 10 11 11 11 11
10 10 10 10 10 10 10 9 9 9 9 9 9 9 9 9 9 9 9 8 8 8 8 8 8 8 8 7 7 7 7 8 8 8 9 9 10 10 10 10 10 10 9 9 9 9 9 9 8 8 8 8 8 9 9 9 9 9 9 9 9 9 9 9 9 9 9 9 8 8 8 8 8 7 7 7 8 8 8 9 8 9 9 9 9 9 9 9 9 9 10 10 10 10 10 11
10 10 10 10 10 10 10 10 10 9 9 9 9 9 9 9 9 9 9 8 8 8 8 8 9 8 8 8 8 8 7 8 8 8 9 10 7 10 10 10 10 10 9 9 9 9 9 9 8 8 8 8 8 8 9 9 9 9 9 9 9 10 10 10 10 9 9 9 9 8 8 8 8 8 7 7 8 8 8 8 9 9 9 9 9 9 9 9 9 10 10 10 10 11 11 10
10 10 10 10 10 10 10 10 10 10 9 9 9 9 9 10 9 9 9 8 8 8 8 9 9 9 9 8 8 8 8 8 8 9 9 10 10 10 10 10 10 10 9 9 9 9 9 9 8 8 8 8 9 9 9 9 9 9 9 9 10 10 10 10 10 10 9 9 9 8 8 8 8 8 8 8 8 8 8 9 9 9 9 9 9 9 9 9 10 10 10 10 11 11 10 11
10 10 10 10 10 10 10 10 10 10 10 9 9 9 9 10 10 9 9 9 8 9 9 9 9 9 9 9 8 8 8 8 8 9 9 10 10 10 10 10 10 10 10 9 9 9 9 9 9 9 9 9 9 9 9 9 9 9 10 10 10 10 10 10 10 10 9 9 9 9 8 8 8 8 8 8 8 8 8 9 10 9 9 9 9 9 9 10 10 10 10 10 11 11 11 11
