Data/bom_data/etaadec.txt
ncols         417
nrows         337
xllcorner     112.15
yllcorner     -43.8
cellsize      0.1
NODATA_value  -9999
[rows 168 to 223 of 337, columns 192 to 287 of 417]
26 28 28 28 29 29 30 31 33 34 37 35 33 33 33 34 33 35 36 34 32 31 31 30 30 30 30 30 30 29 27 27 27 26 25 25 24 23 24 22 21 21 21 19 18 17 17 17 17 17 16 16 16 16 16 16 16 15 15 14 15 15 14 14 14 15 15 15 15 15 15 15 16 16 16 16 16 16 16 16 17 16 16 16 15 15 15 15 15 15 15 15 16 17 18 19
26 27 27 28 28 29 29 32 34 34 36 35 34 33 32 33 32 34 35 34 33 34 34 33 33 33 31 32 31 32 29 27 26 26 25 24 24 23 23 22 20 20 22 20 18 18 18 17 17 17 17 17 16 16 16 16 16 15 15 15 15 15 15 15 15 15 15 15 15 15 15 15 15 16 16 17 17 17 16 17 17 16 16 16 15 15 15 15 15 15 16 16 16 17 18 19
25 26 26 28 28 28 29 30 32 31 32 32 32 32 32 32 32 32 31 33 34 34 35 34 34 33 32 31 30 29 28 27 26 25 25 25 25 24 23 22 21 20 20 19 19 19 18 18 18 17 17 17 16 16 16 16 16 15 15 15 15 15 15 15 15 15 15 15 15 15 15 15 15 16 17 17 17 18 17 17 17 16 16 16 16 16 16 16 16 16 16 17 17 18 19 20
25 26 26 27 27 27 28 28 28 29 29 30 30 31 31 31 31 32 32 33 33 33 34 34 34 35 35 34 34 31 30 28 29 27 25 25 25 24 23 23 22 20 20 21 21 22 21 20 19 18 17 17 16 16 16 16 15 15 15 15 15 14 15 15 15 15 15 15 15 15 15 15 15 16 17 18 18 18 18 17 16 16 16 16 16 16 16 16 16 17 17 17 18 19 20 22
25 26 26 26 26 27 27 27 27 28 28 28 29 31 31 31 31 32 33 34 33 32 33 33 33 34 35 34 33 31 30 29 29 28 26 25 25 24 24 24 23 23 22 23 24 24 24 23 21 19 18 17 17 16 16 16 15 15 15 15 15 14 15 15 15 15 15 15 15 15 15 15 16 16 17 18 18 18 17 17 16 16 16 16 16 16 16 17 17 17 18 18 19 20 21 23
24 25 27 27 27 28 28 28 28 27 28 27 28 29 30 30 31 31 31 31 31 31 31 32 33 33 34 35 33 32 31 31 29 28 27 26 25 23 23 22 24 25 26 26 27 23 24 23 21 20 19 17 16 16 16 16 16 15 15 15 15 14 15 15 15 15 15 15 15 15 15 15 16 16 16 17 17 17 17 17 16 16 16 16 16 16 17 17 17 18 18 19 20 22 23 23
23 24 26 28 28 27 27 27 27 27 27 27 28 28 29 29 29 30 30 31 30 30 30 31 33 33 33 34 32 32 31 30 29 28 27 27 25 25 26 24 23 25 27 29 28 24 22 22 21 19 18 18 17 16 16 15 16 16 15 15 14 15 15 15 15 15 15 15 15 15 15 15 15 16 16 17 17 16 16 16 15 15 16 16 16 16 17 17 18 18 19 19 21 23 24 23
23 24 26 27 27 26 26 26 26 26 27 27 27 28 29 29 29 29 29 29 29 28 29 30 32 32 32 33 31 30 30 29 30 29 28 27 25 26 25 24 25 26 27 28 26 24 23 22 21 19 19 18 17 16 16 15 15 15 14 14 15 14 14 15 15 15 15 15 14 15 15 15 15 15 15 16 16 16 15 15 15 15 15 16 16 16 17 17 18 18 19 20 21 22 22 21
24 25 26 26 26 26 26 26 26 27 27 27 27 28 29 29 28 28 28 28 28 27 28 29 31 33 33 31 30 29 28 28 27 29 30 28 25 24 23 23 24 25 26 26 25 24 24 23 23 22 21 20 17 16 16 15 15 15 14 14 14 14 15 15 15 15 15 14 14 15 15 15 15 14 15 15 16 15 15 15 15 15 15 16 16 16 17 18 18 19 19 20 20 21 21 21
23 24 25 25 23 24 26 25 25 26 27 27 26 27 27 27 27 26 27 27 27 27 27 28 29 31 32 31 30 29 30 29 26 26 28 27 25 24 24 24 24 24 25 25 24 23 22 22 21 22 22 20 17 16 15 15 15 14 14 14 14 14 15 15 14 14 14 14 14 15 15 15 15 15 16 16 16 15 15 14 14 15 15 16 16 16 17 18 18 19 19 20 20 21 21 21
22 22 24 24 23 24 26 26 25 25 25 25 25 26 27 28 27 26 26 27 27 27 26 27 28 30 31 31 30 29 28 28 26 24 24 24 23 24 24 24 25 25 25 25 25 23 22 21 20 20 20 19 18 16 15 15 14 14 14 14 14 14 15 15 15 14 14 14 14 14 14 15 15 16 16 16 15 15 14 14 14 15 15 15 16 16 17 17 18 18 19 19 20 21 22 21
22 21 24 23 21 24 25 25 25 25 24 24 25 26 26 27 27 27 26 27 26 26 25 26 27 28 30 31 30 29 27 26 26 25 23 23 22 23 23 23 24 24 24 24 24 23 22 20 20 19 19 19 18 16 16 15 15 14 14 14 14 14 14 14 15 14 14 14 14 14 14 14 15 16 16 15 14 14 14 14 14 15 15 15 16 16 17 17 18 18 18 19 19 20 21 21
21 21 23 22 21 23 24 23 25 26 25 24 24 26 26 24 24 25 26 26 24 24 25 26 26 27 29 30 30 28 26 25 24 25 24 23 22 22 22 22 23 23 23 24 25 25 22 20 19 19 18 18 17 16 15 15 14 14 14 14 14 14 14 14 15 15 14 13 13 13 13 14 14 15 15 14 13 13 13 14 14 14 15 15 15 16 16 17 17 18 18 18 19 19 20 20
20 21 22 21 22 24 24 22 24 24 24 23 24 24 25 24 25 25 24 24 24 23 25 26 26 27 28 29 29 28 26 24 23 23 23 22 22 22 22 23 23 23 23 24 25 25 23 21 19 18 18 17 16 16 15 15 14 14 14 14 14 14 14 14 14 15 14 13 13 13 13 13 14 14 13 13 13 13 13 13 14 14 14 15 15 16 16 16 17 17 17 18 18 19 19 19
20 20 20 20 22 22 21 21 21 21 22 22 23 24 25 25 25 25 24 24 23 23 23 24 24 26 27 29 28 27 26 25 23 23 22 22 22 22 22 22 22 22 23 24 26 27 26 21 19 18 18 17 17 16 15 15 14 14 14 14 14 13 14 13 14 14 14 13 12 13 13 12 13 13 12 12 12 12 13 13 13 14 14 14 15 15 16 16 16 16 17 17 17 18 18 19
19 19 19 20 21 20 19 19 20 21 22 23 24 25 25 24 24 24 24 24 23 22 22 23 24 25 27 28 28 26 25 24 24 23 23 22 23 22 23 22 22 22 22 24 26 28 32 23 20 19 18 18 17 16 15 14 14 14 14 14 13 13 14 13 13 13 13 13 12 13 12 12 12 12 12 12 12 13 13 13 13 14 14 14 15 15 15 15 16 16 16 17 17 17 18 18
19 19 19 19 19 18 19 20 20 23 24 24 24 23 23 23 23 23 23 23 22 22 22 22 24 25 26 27 28 27 26 24 22 22 21 22 23 23 23 22 22 22 22 23 25 27 28 23 20 19 19 18 17 16 15 14 14 14 14 14 13 14 14 14 13 14 13 12 12 12 12 12 12 11 12 12 12 13 13 13 13 13 14 14 14 14 15 15 15 16 16 16 16 17 17 18
19 19 18 18 18 18 19 21 21 23 24 24 23 22 21 21 22 22 22 22 21 21 21 22 23 24 24 25 26 26 26 24 22 21 20 20 21 21 22 21 21 22 22 23 24 25 26 23 21 20 19 18 17 17 15 14 14 14 14 14 14 14 13 13 13 14 14 13 13 12 11 12 12 12 12 12 12 12 13 13 13 13 13 14 14 14 14 15 15 15 15 16 16 16 17 18
19 19 19 18 18 18 19 20 21 22 23 22 22 21 21 21 21 21 21 21 20 20 21 22 22 22 23 23 24 25 25 25 23 21 20 19 19 20 20 20 20 21 21 22 23 23 22 22 21 20 19 18 17 17 15 14 14 14 14 14 14 14 13 13 13 13 13 13 13 12 12 12 13 13 13 12 12 12 13 13 13 13 13 13 14 14 14 14 15 15 15 15 16 16 16 17
18 19 19 18 18 18 18 19 20 21 22 21 21 21 21 20 20 20 21 20 20 20 20 21 22 22 22 22 22 22 23 24 24 21 19 19 19 19 19 19 19 20 21 21 22 21 20 19 19 19 19 18 17 17 16 15 14 14 15 14 14 14 13 13 14 14 14 13 13 13 13 13 14 14 13 12 11 12 12 12 12 13 13 13 13 14 14 14 14 15 15 15 15 16 16 17
17 18 18 18 17 18 18 19 21 21 21 20 21 20 20 20 20 20 20 19 20 20 20 20 21 21 21 21 20 21 22 22 22 21 20 19 19 19 19 19 19 19 20 20 20 20 20 19 18 18 18 18 17 17 17 16 15 15 15 14 15 14 14 14 14 14 13 13 13 13 13 14 14 14 12 12 11 12 12 12 12 13 13 13 13 14 14 14 14 15 15 15 15 16 16 17
17 17 16 17 17 17 18 19 20 20 20 20 21 21 20 20 20 20 19 19 19 20 20 20 19 19 19 19 19 20 20 21 22 22 21 20 19 19 19 18 19 19 20 20 20 20 20 19 19 18 18 18 17 17 17 17 16 16 16 16 16 15 14 14 14 14 14 14 14 14 14 14 14 13 12 12 12 12 12 12 12 13 13 13 14 13 14 14 14 15 15 15 15 16 16 17
18 17 16 16 17 17 18 20 20 20 20 20 21 20 20 20 20 19 19 19 19 19 20 20 19 19 19 18 18 19 19 19 20 21 20 21 20 19 18 18 19 19 20 20 20 20 20 20 19 18 18 18 17 17 17 17 16 15 15 15 15 15 14 14 15 15 15 14 14 14 14 14 14 13 13 13 13 12 12 12 12 12 12 12 13 13 13 14 14 14 15 15 15 16 16 17
18 18 18 17 16 17 18 18 19 20 20 20 20 20 20 20 19 19 19 20 20 20 19 19 19 19 18 18 18 17 17 18 18 18 19 20 19 18 18 18 19 19 19 20 20 20 20 20 20 19 18 18 17 17 16 16 16 15 15 15 15 14 14 15 16 15 15 15 14 14 14 14 14 13 13 13 13 12 12 13 12 12 12 12 13 13 13 14 14 14 15 15 16 16 16 17
17 17 17 16 16 16 17 17 18 19 20 20 20 19 19 20 19 19 20 21 21 20 19 18 18 18 18 17 17 17 16 17 17 17 18 19 19 18 18 18 19 19 19 20 20 20 20 21 21 19 18 17 17 16 16 16 15 15 15 15 14 15 15 15 16 16 15 15 14 14 14 14 14 14 15 14 13 13 13 13 13 12 12 12 13 13 13 14 14 15 15 15 16 16 17 17
15 15 15 16 16 17 17 17 18 19 20 20 20 19 18 19 19 19 21 21 20 19 19 18 18 17 17 17 17 16 16 16 16 17 17 19 19 18 18 18 19 19 20 20 20 20 19 19 19 18 17 18 18 17 16 16 15 15 15 15 15 16 16 16 16 16 15 15 14 14 14 14 14 15 15 14 14 13 13 14 13 13 13 13 13 13 14 14 14 15 15 16 16 17 17 17
15 15 15 15 16 17 18 18 18 19 19 19 18 18 18 18 18 19 20 19 19 19 18 17 17 17 17 17 16 16 16 16 16 16 16 17 18 19 20 20 19 20 20 20 20 19 19 18 18 17 17 20 21 18 17 16 16 16 16 16 16 16 17 16 16 16 15 15 14 14 14 14 14 14 14 14 14 14 14 15 14 14 14 14 14 13 13 14 15 15 16 16 17 17 18 18
15 15 15 15 15 16 18 18 19 19 18 18 18 18 18 19 19 19 19 19 18 18 18 18 18 17 17 17 16 16 16 16 16 15 16 16 17 20 21 21 21 21 20 20 19 18 18 18 17 17 18 20 20 19 18 17 17 16 16 16 16 17 17 17 17 17 16 14 15 14 14 14 14 14 14 14 14 15 15 15 15 15 15 15 14 14 13 13 15 16 16 17 18 18 18 18
15 14 15 15 15 16 17 17 19 20 19 19 19 19 19 19 20 20 20 20 19 19 19 18 18 17 17 17 17 17 16 16 16 16 16 16 17 19 20 20 21 20 20 19 19 19 18 17 17 18 18 19 19 19 19 18 18 17 17 17 17 18 19 18 18 18 16 14 14 14 13 13 14 14 14 15 15 16 17 17 17 16 16 15 15 15 14 14 15 16 17 18 18 19 19 19
15 15 15 15 16 17 18 17 17 20 21 20 20 19 19 19 20 21 20 19 20 20 19 18 18 18 18 18 17 16 16 16 15 16 16 16 16 17 18 19 19 18 17 17 17 18 17 17 17 18 19 19 19 19 20 21 20 19 19 18 18 18 19 20 19 18 17 14 13 13 13 13 13 14 14 15 15 17 20 20 21 19 18 17 16 16 15 15 16 16 17 18 19 19 20 20
16 15 15 15 17 18 18 17 17 19 22 22 21 20 20 19 20 20 19 18 19 19 19 19 19 18 18 18 17 16 16 16 15 16 16 17 16 17 18 18 18 18 17 16 16 16 15 16 16 17 18 19 20 21 21 22 21 20 20 19 19 18 19 20 18 18 18 15 13 13 13 14 14 14 15 15 17 19 23 26 28 23 22 18 16 16 15 15 16 17 17 18 19 20 20 20
17 16 16 16 18 18 18 17 17 18 21 22 21 20 19 20 19 19 19 19 19 19 19 19 19 18 18 17 17 16 16 15 15 15 16 18 16 16 17 18 17 17 17 17 16 15 15 15 16 17 18 19 20 21 21 21 21 20 20 19 18 18 17 17 17 17 17 15 14 14 14 14 15 15 16 17 19 22 26 32 32 24 21 17 16 16 16 16 16 17 18 19 20 20 21 21
14 16 17 17 18 18 17 17 18 18 20 22 22 21 20 20 19 20 20 20 19 19 19 19 18 18 18 17 16 16 16 16 16 16 16 16 16 16 17 17 17 17 16 17 16 15 15 15 16 16 18 19 20 21 21 20 21 20 19 18 18 17 17 16 16 16 18 15 14 14 14 15 16 17 18 21 23 27 30 34 30 20 17 16 16 16 16 16 17 18 18 19 20 20 21 22
13 14 16 17 18 19 18 18 18 19 20 22 23 22 21 19 19 20 20 20 19 19 19 18 18 18 18 17 16 15 16 16 16 16 16 15 16 16 16 16 17 16 16 16 17 16 15 15 16 16 17 18 19 20 20 20 20 20 19 18 17 17 17 16 16 16 18 16 15 15 15 16 18 20 21 24 26 31 32 31 25 19 17 17 16 16 17 17 17 18 19 19 20 20 22 22
14 14 14 14 16 19 19 19 19 19 20 22 22 22 21 20 19 20 20 19 18 18 17 16 17 17 17 17 16 16 15 15 15 15 15 15 15 15 15 16 16 15 15 16 17 16 15 15 16 16 17 18 19 19 20 21 21 21 20 18 17 17 16 16 15 15 16 16 18 18 16 20 22 24 24 28 33 36 32 27 22 18 17 17 16 15 17 17 18 18 19 19 20 20 21 21
14 14 14 14 15 17 18 20 19 19 20 21 22 22 22 21 21 21 20 19 19 17 16 16 17 16 16 16 15 15 14 14 14 15 15 14 15 14 15 15 15 14 15 15 16 16 16 15 16 17 17 18 18 19 19 21 22 22 21 18 17 16 15 15 15 15 15 16 20 22 21 25 27 28 29 33 38 36 28 24 19 17 17 17 16 16 17 18 18 18 19 20 20 21 21 20
15 14 14 15 15 16 16 18 20 20 20 21 21 22 22 22 22 22 21 20 19 17 16 15 17 16 15 16 15 14 14 14 14 14 14 14 14 13 14 14 14 14 15 15 16 16 16 16 16 17 17 18 18 18 19 20 21 21 20 18 17 16 15 15 14 15 15 15 21 26 27 29 30 34 34 35 31 27 23 21 18 17 16 16 17 17 17 18 18 18 19 20 20 20 20 20
15 15 15 15 15 15 16 18 20 21 20 20 21 21 22 22 21 20 20 20 19 17 16 16 17 16 15 15 15 14 14 14 14 15 14 13 13 13 13 13 14 14 14 15 15 16 16 16 15 16 17 17 17 18 18 19 19 19 19 18 17 15 15 15 14 14 15 17 24 27 28 29 32 36 37 34 29 25 22 19 18 17 16 17 17 17 18 18 18 18 19 20 20 20 20 20
15 15 15 15 15 15 16 17 20 21 19 20 21 21 21 22 20 20 19 19 18 16 16 16 17 16 15 14 14 14 14 14 14 15 13 13 13 14 14 13 13 13 14 14 15 15 15 15 16 16 16 16 17 17 17 17 17 18 18 18 17 15 15 14 14 15 15 18 22 25 28 30 35 40 39 33 28 26 24 18 17 16 17 16 16 17 18 18 18 19 19 19 19 19 19 19
16 16 15 15 15 15 16 17 20 20 20 20 20 20 20 21 20 20 19 19 17 17 16 16 16 16 16 14 14 14 14 14 14 14 14 13 13 13 14 13 13 13 13 14 14 14 14 15 16 17 16 16 16 16 16 16 16 17 18 18 17 15 15 14 14 14 15 18 20 22 28 35 42 43 38 34 28 25 24 18 17 17 17 16 17 18 18 18 18 19 19 19 19 19 19 19
16 16 16 16 16 16 16 17 19 20 20 20 19 19 19 19 19 19 19 18 17 17 16 16 16 16 15 15 15 14 14 14 14 15 15 13 13 12 12 13 13 13 14 14 15 15 15 15 15 16 17 16 16 16 15 15 15 16 17 17 16 16 15 14 14 15 15 17 19 20 28 36 41 33 35 30 25 23 22 18 17 17 17 17 18 18 18 19 19 19 19 19 19 19 19 19
16 16 16 16 16 16 16 16 17 18 18 19 18 19 19 19 18 18 18 18 17 18 17 17 17 16 15 16 15 14 14 14 14 14 15 14 13 12 12 12 12 12 13 14 15 15 15 15 14 15 15 15 16 16 16 15 15 16 16 16 15 15 14 14 14 15 15 16 17 19 25 34 37 37 31 26 23 21 20 18 18 18 18 18 18 18 19 19 19 19 19 19 19 19 19 19
16 16 16 16 16 16 16 16 16 16 16 17 18 20 19 19 18 18 18 17 17 18 18 17 17 16 16 16 15 14 14 15 15 15 15 14 13 12 12 12 12 12 12 13 13 14 14 14 14 13 13 15 17 16 16 15 16 15 15 17 16 15 14 14 14 15 15 15 17 18 21 32 35 35 29 23 21 19 19 18 18 18 19 19 19 19 19 19 19 19 19 19 19 19 19 19
17 17 17 17 16 16 16 16 16 16 16 16 17 19 19 19 18 18 18 18 17 17 17 17 16 15 16 16 15 14 14 15 15 15 14 13 12 12 13 12 12 11 11 12 12 12 13 13 14 13 13 14 17 16 16 16 16 14 13 16 17 18 15 14 14 14 15 15 16 17 20 30 34 35 31 24 20 19 19 19 18 19 19 20 20 20 20 20 19 19 19 19 19 19 19 19
17 18 18 18 17 17 17 16 16 16 16 16 16 17 19 19 19 18 18 18 17 17 17 17 16 15 16 16 16 14 14 15 15 14 13 13 12 11 12 12 12 12 11 11 11 12 12 13 13 13 12 13 14 13 14 15 14 12 12 16 18 19 17 15 14 14 14 15 16 18 20 29 35 38 34 25 20 19 20 19 19 19 20 20 20 20 20 20 20 19 19 19 19 19 19 18
16 17 18 18 19 17 17 17 16 17 17 16 16 17 19 19 19 19 18 18 18 18 17 17 16 15 15 16 17 15 15 15 15 13 13 12 12 11 11 11 12 12 11 11 11 11 12 12 13 12 12 11 12 12 12 13 12 13 12 14 16 19 18 15 14 14 14 15 16 19 24 38 39 38 32 24 21 20 20 19 19 20 20 20 20 21 21 21 20 20 20 19 19 19 19 19
15 15 16 18 19 18 17 17 17 17 17 16 16 17 19 18 18 19 18 18 18 17 18 17 16 15 15 15 16 16 16 16 15 13 13 12 12 12 11 11 11 12 11 11 11 11 11 11 12 12 12 11 11 11 12 13 13 14 13 14 15 18 17 14 14 14 15 15 17 20 30 27 31 33 28 24 21 21 21 19 19 20 20 20 20 21 21 21 21 20 20 20 20 20 19 19
13 13 14 15 16 18 18 18 16 17 16 16 17 17 17 17 18 18 19 18 18 17 18 17 17 16 16 15 16 16 15 15 14 14 14 13 12 13 11 11 11 12 12 11 11 11 11 11 12 12 12 11 11 11 11 13 13 13 13 14 14 17 16 14 14 14 15 16 18 21 30 32 35 32 28 24 23 23 21 19 19 20 20 21 21 21 21 21 21 21 20 20 20 20 19 19
13 13 13 13 15 16 18 19 17 16 16 16 17 16 17 17 18 18 19 19 19 18 18 18 17 17 17 17 17 15 14 14 14 14 14 14 13 13 12 11 12 13 13 12 11 11 11 11 11 12 12 11 11 11 12 12 12 13 13 15 14 15 15 14 14 14 15 18 20 23 26 27 33 34 30 27 29 25 22 20 20 21 21 22 21 21 21 21 22 21 21 20 20 20 19 19
14 13 13 13 13 14 15 16 18 16 14 14 15 15 16 18 18 18 19 19 19 18 18 19 18 17 17 18 17 15 14 14 15 15 14 14 14 13 12 11 12 13 14 14 13 12 11 11 11 12 12 12 11 11 12 12 13 13 13 14 14 15 16 14 14 14 16 20 22 25 25 25 32 36 30 28 31 27 23 21 21 22 22 24 24 23 22 22 23 22 22 21 21 20 20 20
14 14 14 14 13 13 14 15 16 15 14 13 14 14 16 17 18 18 18 19 18 17 17 18 18 17 17 18 17 16 15 15 15 15 15 16 15 15 13 12 11 12 14 15 13 11 11 11 11 12 12 12 11 11 12 13 13 13 14 15 15 16 17 14 14 17 22 20 23 26 25 24 29 33 26 24 24 23 22 22 22 23 23 24 26 24 22 24 25 25 24 22 21 20 20 21
15 15 15 14 14 14 14 14 14 14 13 13 13 13 14 15 16 18 18 17 16 15 15 17 17 17 17 18 17 16 16 15 14 14 14 16 17 16 15 13 12 12 14 15 13 11 11 11 12 12 12 12 11 11 12 14 16 15 14 15 14 15 16 14 14 23 28 21 21 24 24 24 27 29 24 22 21 21 22 23 24 25 23 23 24 24 23 25 26 27 25 22 22 21 21 22
16 16 15 15 15 15 14 14 14 14 14 14 14 14 14 14 15 16 17 16 16 15 14 16 16 17 17 18 17 17 17 16 16 15 14 15 15 16 16 14 13 13 14 14 12 12 12 12 12 13 13 13 12 12 13 15 17 19 16 15 14 14 14 13 15 25 28 21 20 22 24 25 25 26 26 23 21 20 21 23 25 25 23 23 24 26 26 28 26 27 25 23 22 22 22 23
17 16 16 16 16 15 15 15 15 15 15 15 15 15 15 15 15 15 15 15 14 15 15 15 15 16 18 18 18 18 18 18 17 16 15 15 14 15 16 15 15 15 15 14 13 14 14 14 14 14 14 14 13 13 13 15 18 21 19 15 16 14 14 14 16 29 27 21 20 22 23 25 25 25 28 22 19 20 22 24 25 25 25 24 26 27 26 26 25 25 24 24 23 22 24 24
18 17 17 17 17 16 16 16 16 16 16 15 15 16 16 16 16 15 15 16 15 15 15 15 15 18 17 17 19 19 19 19 19 18 16 15 14 14 15 16 16 15 16 16 15 14 15 17 18 16 16 16 15 14 14 15 17 20 19 16 17 16 15 14 16 28 30 23 21 24 25 24 26 24 24 20 18 20 23 26 27 27 27 26 26 26 25 24 25 25 24 24 23 22 23 24
18 18 18 18 18 17 17 17 17 17 17 16 16 16 16 16 16 16 16 16 16 16 15 15 16 17 17 16 18 19 19 19 19 18 17 16 15 14 16 18 17 17 19 19 18 15 15 18 19 19 18 18 17 15 16 17 18 19 18 16 16 19 17 13 16 24 30 25 21 23 26 26 25 21 21 19 19 21 24 27 28 27 27 27 28 27 27 26 26 26 25 24 22 21 23 23
