Data/bom_data/etaajul.txt
ncols         417
nrows         337
xllcorner     112.15
yllcorner     -43.8
cellsize      0.1
NODATA_value  -9999
[rows 112 to 167 of 337, columns 288 to 383 of 417]
10 10 10 11 11 11 11 11 11 11 11 11 11 11 11 11 12 12 12 12 12 12 12 13 13 13 13 14 14 14 14 14 15 15 16 16 17 17 17 18 18 19 19 19 20 21 21 21 21 22 22 23 23 23 24 24 25 25 26 26 27 27 28 28 28 29 29 28 28 28 30 34 38 39 39 41 42 43 44 45 46 46 46 46 46 46 46 46 46 46 46 46 46 46 47 47
10 10 10 11 11 11 11 11 11 11 11 11 11 11 11 12 12 12 12 12 12 12 12 12 13 13 13 14 14 14 14 14 15 15 16 16 17 17 17 18 18 18 19 19 20 20 21 21 21 22 22 23 23 23 23 24 24 25 25 26 26 27 27 27 28 27 28 28 28 29 32 35 36 37 35 39 40 42 43 44 44 45 45 45 45 45 45 45 46 45 45 45 45 45 46 46
10 10 11 11 11 11 11 11 11 11 11 11 11 12 12 12 12 12 12 12 12 12 12 13 13 13 13 14 14 14 14 14 15 15 16 16 17 17 17 18 18 18 19 19 19 20 21 21 21 21 22 23 23 23 23 24 24 24 25 26 26 26 27 27 27 27 27 27 28 28 31 31 34 32 32 35 39 40 41 42 43 43 44 44 44 44 44 44 44 44 44 44 44 44 45 45
11 11 11 11 11 11 11 11 11 11 11 11 12 12 12 12 12 12 12 12 12 12 12 13 13 13 13 14 14 14 15 15 15 15 16 16 16 17 17 18 18 18 18 19 19 20 20 21 21 21 22 22 22 23 23 23 24 24 24 25 26 26 26 26 26 26 27 27 27 28 29 30 33 31 31 34 37 39 40 41 42 42 43 43 43 42 43 43 43 43 43 43 43 43 44 44
11 11 11 11 11 11 11 11 11 11 11 12 12 12 12 12 12 12 12 12 12 12 12 12 12 13 13 14 14 15 15 15 15 15 16 16 16 17 17 18 18 18 18 19 19 20 20 21 21 21 22 22 22 22 23 23 23 24 24 25 25 26 26 26 26 26 26 27 28 28 28 30 32 30 30 32 34 37 38 39 40 41 42 42 41 41 41 42 42 42 42 42 42 42 43 43
11 11 11 11 11 11 11 11 11 11 12 12 12 12 12 12 12 12 12 12 12 12 12 12 12 13 13 14 14 14 15 15 15 15 16 16 16 17 17 17 18 18 18 19 19 20 21 21 21 21 21 22 22 22 22 23 23 23 24 24 25 25 26 26 26 26 26 27 28 28 28 29 31 31 30 31 32 34 36 38 39 40 41 41 40 40 40 41 41 41 41 41 41 42 42 42
11 11 11 11 11 11 11 11 11 11 12 12 12 12 12 12 12 12 12 12 12 12 12 12 12 13 13 14 14 14 15 15 15 15 16 16 16 17 17 17 18 18 18 19 19 20 21 21 21 21 21 22 22 22 22 23 23 23 24 24 24 25 25 25 26 26 26 27 27 27 28 29 30 30 31 32 31 32 33 34 38 38 39 40 40 40 39 39 40 41 40 40 41 41 41 41
11 11 11 11 11 11 11 11 11 11 12 12 12 12 11 12 12 12 12 12 13 12 12 12 12 13 13 14 14 14 15 15 15 15 16 16 16 17 17 17 18 18 18 19 19 20 21 21 21 21 21 22 22 22 22 22 23 23 23 24 24 25 25 25 25 26 26 27 27 27 27 28 29 30 30 31 30 30 30 31 33 37 38 38 39 38 38 38 39 39 40 39 40 40 40 41
11 11 11 11 11 11 11 11 11 11 11 12 12 11 11 12 12 12 12 13 13 13 12 12 12 13 13 14 14 15 15 15 15 15 16 16 16 17 17 18 18 18 18 19 19 20 20 21 21 21 21 22 22 22 22 22 23 23 23 24 24 24 25 25 25 26 26 26 27 27 28 28 29 29 30 30 30 29 29 30 32 36 37 38 37 37 37 37 38 38 39 39 39 39 40 40
11 11 11 11 10 10 11 11 11 11 11 11 11 11 11 12 12 12 13 13 13 13 13 13 13 13 14 14 15 15 15 15 15 16 16 16 17 17 17 18 18 18 19 19 19 20 20 20 21 21 21 22 22 22 22 22 23 23 23 23 24 24 24 25 25 26 26 26 27 27 28 28 28 29 30 30 29 29 29 29 31 35 36 37 36 36 37 37 38 37 38 38 38 38 39 40
11 11 11 11 10 10 10 10 10 11 11 11 11 11 11 12 12 12 13 13 13 13 13 13 13 14 14 14 15 15 15 15 15 16 16 16 17 17 17 18 18 18 19 19 20 20 20 21 21 21 21 22 22 22 22 22 23 23 23 23 24 24 24 25 25 25 26 26 27 27 28 28 28 29 29 29 29 29 29 29 30 34 35 36 36 35 36 36 37 36 37 38 38 38 38 38
11 11 11 10 10 10 10 10 10 10 11 11 11 11 11 12 12 13 13 13 14 14 14 14 14 14 14 14 15 15 15 15 15 16 16 16 17 17 18 18 18 19 19 19 20 20 20 21 21 21 22 22 22 22 22 22 23 23 23 24 24 24 24 25 25 25 26 26 27 28 27 28 28 28 29 29 29 29 29 29 30 32 34 36 35 35 35 35 36 37 36 37 38 39 38 38
11 11 11 10 10 10 10 10 10 10 10 11 11 11 12 12 13 13 13 14 13 13 14 14 14 14 14 14 15 15 15 15 16 16 16 16 17 17 18 18 18 19 19 20 20 20 21 21 21 22 22 22 22 23 22 22 23 23 24 24 24 24 24 25 25 25 25 26 26 27 28 27 28 28 28 29 29 29 29 28 29 30 33 34 35 34 34 35 36 35 35 36 37 38 37 38
11 11 11 10 10 10 10 10 10 10 10 10 11 11 12 12 13 14 14 14 14 14 14 15 15 14 14 15 15 15 15 16 16 16 16 17 17 17 18 18 19 19 19 20 20 21 21 21 21 22 22 22 23 23 22 22 23 23 24 24 24 24 24 25 25 25 25 25 26 26 27 28 28 28 28 29 29 29 29 29 28 29 31 33 34 33 34 34 35 36 35 35 36 36 37 37
11 11 11 10 10 10 10 10 10 10 10 10 11 11 12 13 13 14 14 15 14 14 14 14 15 14 14 15 15 15 15 16 16 16 16 17 17 18 18 18 19 19 20 20 20 21 21 22 22 22 22 22 23 23 23 23 23 23 23 24 24 24 24 25 25 25 25 25 26 26 27 27 28 28 28 28 29 29 29 29 29 29 29 31 33 33 33 33 34 34 34 34 35 36 36 37
11 11 11 11 10 10 10 10 10 10 10 11 11 12 13 13 13 14 14 14 14 14 14 14 15 14 14 15 15 15 15 16 16 16 16 17 17 18 18 18 19 19 20 20 20 21 22 22 22 22 22 23 23 23 23 23 23 23 23 24 24 24 25 25 25 25 25 25 25 26 26 26 27 28 28 28 28 28 28 29 29 29 29 29 32 33 33 33 33 34 34 34 34 34 35 35
11 11 11 11 11 10 10 10 10 10 10 11 11 12 13 13 13 14 14 14 15 15 14 14 14 14 14 15 15 15 15 16 16 16 16 17 17 18 18 19 19 20 20 20 21 21 22 22 22 22 22 23 23 23 23 23 23 23 23 24 24 24 24 25 25 25 25 25 25 25 26 26 26 27 27 27 28 28 27 28 28 28 28 28 30 31 32 32 32 32 33 33 33 34 34 35
11 11 11 11 11 10 10 10 10 10 11 11 12 13 13 13 14 14 14 14 15 15 15 14 14 14 15 15 15 15 15 16 16 16 17 17 18 18 18 19 20 20 20 21 21 21 22 22 22 22 23 23 23 23 23 23 23 23 23 23 24 24 25 25 24 25 25 25 25 25 26 26 26 27 27 27 27 27 27 27 27 27 28 28 29 30 32 31 32 32 32 32 33 33 34 34
11 11 11 11 11 11 10 11 11 11 11 12 12 13 13 13 14 14 14 14 14 15 16 16 14 15 15 15 15 15 15 16 16 16 17 17 18 18 19 19 20 20 21 21 21 22 22 22 22 22 23 23 23 23 23 23 23 23 23 24 24 24 25 25 25 25 25 25 25 25 25 26 26 26 27 27 27 26 26 26 26 26 27 28 28 29 31 31 31 31 32 32 32 32 33 33
11 11 11 11 11 11 11 11 12 12 12 12 13 13 13 13 14 14 14 14 14 15 16 15 15 15 15 15 15 15 16 16 16 16 17 17 18 18 19 20 20 21 21 21 22 22 22 23 23 23 23 23 23 23 23 23 23 23 24 24 24 25 25 25 25 25 25 25 25 25 25 25 26 26 26 26 26 26 26 26 26 26 27 27 28 28 29 30 31 30 31 32 32 32 32 33
11 11 11 12 11 11 11 12 12 12 13 13 13 13 13 14 14 14 14 14 14 15 15 16 15 15 15 15 15 16 16 16 17 17 17 18 18 19 19 20 20 21 21 22 22 22 23 23 23 23 23 23 23 23 23 23 23 24 24 24 24 25 26 26 25 25 25 25 25 25 25 25 25 25 26 26 26 25 25 25 25 26 26 27 27 28 29 30 30 30 30 31 31 32 32 32
11 11 11 11 11 12 12 12 13 13 13 14 14 14 14 14 14 14 14 13 14 14 15 16 16 17 15 15 15 18 17 17 18 18 17 18 18 19 20 20 21 21 22 22 22 22 23 23 23 23 23 23 23 24 24 24 24 24 24 24 24 25 26 26 25 24 25 25 25 25 25 25 25 25 25 25 25 25 25 25 25 25 26 26 27 27 28 29 29 29 29 31 31 32 32 32
11 11 11 11 12 12 12 13 13 13 13 14 14 14 14 14 14 14 14 14 14 14 15 15 16 16 17 17 17 17 17 17 18 18 18 18 19 19 20 20 21 21 22 22 22 23 23 23 23 23 23 23 24 24 24 24 24 24 24 24 24 25 25 25 25 24 24 25 25 25 25 24 24 24 24 24 24 24 24 24 25 25 25 26 26 27 28 28 29 29 29 30 30 32 32 32
11 11 12 12 12 12 12 13 13 13 14 14 14 14 15 15 15 15 15 14 14 14 15 15 15 16 16 16 17 17 17 18 18 18 18 19 19 20 20 21 21 21 22 22 23 23 23 23 23 24 24 23 24 24 24 24 24 24 24 24 24 25 25 24 24 24 25 25 25 25 24 24 24 24 24 24 24 24 24 25 25 24 25 26 26 27 28 28 28 28 29 30 30 31 32 32
11 11 12 12 12 13 13 13 14 14 14 15 15 15 15 15 16 16 15 14 14 14 15 15 15 15 16 16 17 17 18 18 18 18 18 19 19 20 20 21 21 21 22 22 23 23 23 23 23 24 24 24 24 24 24 24 24 24 24 24 24 25 25 25 24 24 25 25 25 24 24 24 24 24 24 24 24 24 24 24 27 27 25 26 26 27 27 27 28 28 29 29 30 30 31 32
11 11 12 12 13 13 14 14 14 15 15 16 16 16 16 16 16 16 15 15 14 14 15 15 14 15 16 16 17 18 18 18 18 18 19 19 19 20 20 21 21 22 22 22 23 23 23 23 23 24 24 24 24 24 24 24 24 24 24 25 24 25 25 25 24 24 25 25 25 25 24 24 24 25 25 24 24 23 23 24 27 27 26 26 26 27 27 27 27 28 29 29 29 30 30 31
11 11 12 12 13 13 14 15 15 15 16 17 17 17 17 17 16 16 16 15 15 15 15 15 15 15 16 17 18 18 18 18 18 19 19 19 20 20 20 21 21 22 22 22 23 23 23 23 23 24 24 24 24 24 24 24 24 25 25 25 25 25 25 25 25 25 25 25 25 25 25 25 25 25 25 24 24 23 23 23 25 26 25 26 27 27 27 27 26 27 28 28 28 29 30 31
11 11 12 12 13 13 14 15 15 16 16 17 17 17 17 17 17 17 16 15 15 15 15 15 16 17 18 18 19 17 18 18 18 19 19 20 20 20 21 21 21 22 22 22 23 23 23 23 23 24 24 24 24 25 25 25 24 25 25 25 25 25 25 25 25 25 25 25 25 25 26 25 25 25 25 25 24 23 23 23 24 25 25 26 27 27 27 26 26 26 27 27 27 28 30 31
11 11 12 13 13 13 14 15 15 16 16 16 17 17 17 17 17 17 16 16 15 15 15 16 17 18 16 17 19 18 18 18 19 19 19 20 20 20 21 21 21 22 22 22 23 23 23 23 24 24 24 24 25 25 25 25 25 25 25 25 25 25 25 25 25 25 25 25 25 25 25 25 26 25 25 24 24 23 23 23 24 25 26 26 27 27 27 26 26 26 26 27 28 28 29 30
11 12 12 13 13 14 14 15 16 16 16 16 16 17 17 17 17 16 16 15 15 15 15 16 17 18 19 19 19 18 18 18 19 19 20 20 20 21 21 21 21 22 22 22 22 23 23 23 24 24 24 24 25 25 25 25 25 25 25 25 25 25 25 25 25 25 25 25 25 25 25 26 26 25 25 25 24 24 23 24 24 25 26 26 27 27 27 27 26 26 26 27 27 27 28 30
11 12 12 13 13 14 14 15 15 16 16 16 16 16 16 17 16 16 16 15 15 15 15 16 17 18 19 19 19 19 19 19 19 19 20 20 20 21 21 21 21 22 22 22 23 23 23 23 24 24 24 24 25 25 25 25 25 25 25 25 25 25 25 25 25 25 25 25 25 25 25 26 26 26 25 25 24 24 24 24 25 25 26 26 27 27 27 27 26 26 26 26 27 27 27 28
12 12 12 13 13 13 14 14 15 15 15 15 16 16 16 16 16 16 16 15 15 15 15 16 17 17 18 18 19 19 19 19 19 19 20 20 20 21 21 21 21 22 22 22 23 23 23 23 24 24 24 24 24 25 25 25 25 25 25 25 25 25 25 25 25 25 25 26 26 26 26 27 26 26 25 25 25 24 24 25 25 26 26 27 27 27 27 27 26 26 26 26 27 28 27 28
12 12 13 13 13 13 14 14 14 14 15 15 15 15 16 16 16 15 15 15 15 14 15 16 17 18 18 18 18 19 19 19 19 19 20 20 21 21 21 21 21 22 22 22 23 23 23 23 24 24 24 24 25 25 25 25 25 26 26 25 25 25 25 25 25 25 26 27 27 27 27 26 26 26 26 25 25 25 25 25 26 26 27 27 27 27 27 27 27 27 27 27 27 28 27 28
13 13 13 13 13 13 13 14 14 15 15 16 16 15 15 16 15 15 15 15 14 14 15 16 17 18 18 18 18 18 19 19 19 19 20 20 21 21 21 21 22 22 22 22 22 23 23 23 24 24 24 24 25 25 25 25 26 26 26 26 26 25 25 26 26 26 27 28 28 28 27 27 27 26 26 26 26 26 26 26 27 27 27 27 27 28 28 27 28 28 27 27 28 29 29 28
13 13 13 13 13 13 13 14 14 15 16 16 16 15 15 15 15 15 15 15 14 14 15 17 18 18 19 18 18 18 19 19 20 20 20 20 21 21 21 21 22 22 22 22 23 23 23 24 24 24 24 24 25 25 25 25 25 26 26 26 26 26 26 27 27 27 27 28 28 29 28 28 27 27 26 26 26 26 26 27 27 27 27 28 28 28 28 28 28 28 29 28 28 29 29 29
13 13 13 13 13 13 13 14 15 15 16 16 15 15 15 15 15 15 15 15 15 15 16 17 17 18 18 17 18 18 19 19 19 20 20 20 21 21 21 21 22 22 22 22 23 23 23 24 24 24 24 25 25 25 25 25 26 26 26 26 26 26 26 26 26 27 27 27 28 28 29 29 28 26 26 26 26 27 27 27 28 28 28 28 29 29 29 29 29 30 30 30 29 29 29 29
13 13 13 13 13 13 14 14 15 15 16 16 15 15 15 16 15 15 15 15 15 15 16 16 17 17 17 17 17 18 19 20 19 20 20 20 21 21 21 21 22 22 22 22 23 23 23 24 24 24 24 25 25 25 25 25 25 26 26 26 26 26 26 26 27 27 27 27 27 27 28 29 27 26 26 26 26 27 27 28 28 28 28 29 29 29 30 30 30 30 31 31 30 30 30 30
13 14 13 13 13 13 14 14 15 16 16 16 15 15 15 16 16 15 15 15 15 16 16 16 16 16 17 17 18 18 19 20 19 20 20 20 21 21 21 21 22 22 22 22 23 23 23 24 24 24 24 24 25 25 25 25 25 26 26 26 26 26 26 26 27 27 27 27 27 27 27 28 28 27 27 27 27 27 27 28 28 28 29 29 29 29 29 30 30 31 31 31 30 30 30 30
13 14 13 13 14 14 14 15 15 16 16 15 15 15 15 16 16 16 15 16 16 16 16 16 16 16 17 17 17 18 19 19 20 20 20 20 20 21 21 21 22 22 22 22 23 23 23 23 24 24 24 24 25 25 25 25 25 25 26 26 26 26 26 26 26 26 27 27 27 27 27 27 27 28 27 27 27 27 27 28 28 28 29 29 29 29 29 29 30 30 30 30 30 29 30 30
13 13 13 14 14 15 15 15 16 16 15 15 15 15 15 16 16 16 16 16 16 16 16 16 16 17 17 17 17 18 19 19 19 19 20 20 20 20 21 21 21 22 22 22 23 23 23 23 24 24 24 24 24 25 25 25 25 25 26 26 26 26 26 26 26 27 27 26 27 27 27 27 27 27 27 27 27 27 27 28 28 28 28 28 28 28 28 28 29 30 30 30 30 30 30 30
13 13 13 14 14 14 15 15 16 16 15 15 15 15 16 16 16 16 16 16 16 16 16 17 17 17 18 18 17 18 19 20 20 19 20 20 20 20 21 21 21 22 22 22 23 23 23 23 24 24 24 24 25 25 25 25 25 25 25 25 26 26 26 26 26 26 26 27 27 27 27 27 27 27 27 27 27 27 27 28 28 28 28 28 28 28 28 27 28 29 30 30 30 30 30 30
13 13 14 14 15 15 15 16 16 16 16 15 15 16 16 16 16 16 17 17 17 17 17 17 17 17 18 18 18 18 18 19 20 20 19 20 20 20 20 21 21 22 22 22 23 23 23 23 24 24 24 24 24 25 25 25 25 25 25 25 26 26 26 26 26 26 26 26 27 26 27 27 27 27 27 27 27 27 27 28 28 28 27 27 27 27 27 27 28 29 29 29 29 30 30 30
14 14 14 15 16 16 15 15 16 16 16 16 15 16 16 16 16 17 17 17 17 17 17 17 17 17 17 18 18 18 18 19 19 20 20 21 20 20 20 21 21 22 22 22 23 23 23 23 24 24 24 24 24 25 25 25 25 25 25 25 26 26 26 26 26 26 26 26 26 26 26 27 27 27 27 27 27 27 27 27 28 28 27 27 27 27 27 27 27 28 29 29 29 29 30 29
14 14 14 15 15 15 16 15 16 16 16 16 16 16 16 16 16 17 17 17 18 18 17 17 16 17 17 18 18 18 19 19 19 19 20 20 20 20 20 21 21 22 22 22 22 23 23 23 24 24 24 24 24 25 25 25 25 25 25 25 26 26 26 26 26 26 26 26 26 26 27 27 28 27 27 27 27 27 27 26 27 27 27 27 27 27 27 27 27 28 28 28 29 29 29 29
15 15 15 15 15 15 16 15 15 15 15 15 16 16 16 16 16 17 17 17 17 17 17 17 16 16 17 17 18 18 19 19 20 20 20 20 20 21 20 21 21 21 22 22 22 23 23 23 23 24 24 24 24 25 25 25 25 25 25 25 26 26 26 26 26 26 26 26 26 26 26 27 28 28 27 27 27 27 26 26 26 26 27 26 27 27 27 27 27 28 28 28 28 28 29 29
14 15 15 16 16 16 16 16 15 15 15 15 16 16 16 16 16 17 17 17 17 17 17 17 16 16 17 17 17 18 18 19 19 19 19 19 20 20 20 21 21 21 22 22 22 23 23 23 23 24 24 24 25 25 25 25 25 25 25 26 26 26 26 26 26 26 26 26 26 26 27 27 27 27 27 27 26 26 26 27 27 27 27 27 27 27 27 27 27 28 28 28 28 28 28 29
14 15 15 16 16 15 15 15 15 15 15 15 16 16 17 16 17 17 17 17 17 17 17 17 17 16 16 17 17 18 18 18 18 18 19 19 20 21 21 21 21 21 22 22 22 23 23 23 24 24 24 24 24 25 25 25 25 25 25 25 26 26 26 26 26 26 26 26 26 26 27 27 27 27 27 27 27 26 27 27 27 27 27 27 27 27 27 27 27 27 27 28 28 28 28 29
14 15 17 16 15 15 15 15 15 15 15 15 15 16 17 18 17 17 17 17 17 17 17 17 17 17 16 17 17 18 18 18 18 18 19 20 20 20 21 21 21 21 22 22 22 23 23 23 23 24 24 24 24 25 25 25 25 25 25 25 25 26 26 26 26 26 26 26 26 26 26 27 27 27 27 27 27 27 26 26 26 26 26 26 27 27 27 27 27 27 27 28 28 28 28 28
14 15 16 15 15 15 15 15 15 15 15 15 15 16 18 19 19 18 18 17 17 17 17 17 17 17 17 17 17 18 18 18 18 18 19 20 20 20 21 21 21 21 22 22 22 23 23 23 23 24 24 24 24 25 25 25 25 25 25 25 25 26 26 26 26 26 26 26 26 26 26 26 27 27 27 27 27 27 27 26 26 26 26 26 27 27 27 27 27 27 27 28 28 28 28 28
15 16 15 15 15 15 15 15 15 15 15 15 15 16 18 18 18 18 18 18 17 17 17 17 17 17 17 17 18 18 18 18 18 18 19 20 20 20 21 21 21 21 22 22 22 23 23 23 23 24 24 24 24 25 25 25 25 25 25 25 25 26 26 26 26 26 26 26 26 26 26 26 26 26 27 26 26 26 27 27 27 27 26 27 27 27 27 27 27 27 27 28 28 28 28 29
16 15 15 15 15 15 15 15 15 15 15 15 15 17 17 17 18 19 19 18 17 17 17 17 17 17 17 17 17 18 19 18 18 18 19 19 20 20 21 21 21 21 21 22 22 23 23 23 23 24 24 24 24 25 25 25 25 25 25 25 25 26 26 26 26 26 26 26 26 25 26 26 26 26 26 26 26 26 26 27 27 27 27 27 27 27 27 27 27 28 28 28 28 28 28 28
16 16 16 15 15 15 15 15 15 15 15 15 15 15 16 16 18 19 19 18 18 17 17 17 17 17 17 17 18 18 19 18 18 18 18 19 19 20 22 22 21 21 21 22 22 22 23 23 23 24 24 24 24 25 25 25 25 25 25 25 25 26 26 26 26 26 26 26 26 26 25 26 26 26 26 26 26 26 26 27 26 27 27 27 27 27 27 27 27 28 28 28 28 28 28 28
16 16 16 16 15 15 15 14 14 14 14 15 15 16 16 17 18 18 19 18 18 17 17 17 17 17 17 18 18 19 19 18 18 18 18 19 19 20 21 21 22 21 21 22 22 22 23 23 23 24 24 24 24 24 25 25 25 25 25 25 25 25 25 25 25 25 26 26 25 26 25 26 26 26 26 26 26 26 26 26 26 26 26 26 26 26 27 27 27 27 27 27 27 28 28 28
16 16 16 16 16 16 16 15 14 14 14 14 15 15 16 16 17 17 19 19 18 18 17 17 18 18 18 19 19 19 19 19 18 18 18 19 19 20 21 21 22 21 21 22 22 22 23 23 23 23 24 24 24 24 25 25 25 25 25 25 25 25 25 25 25 25 26 26 25 25 25 26 26 26 26 26 26 26 26 26 26 26 26 26 26 26 26 27 27 27 27 27 27 27 27 27
16 16 16 16 16 16 16 15 14 14 14 14 15 15 15 16 16 17 18 19 18 18 18 18 18 18 18 19 20 19 19 19 18 18 18 19 20 21 22 22 22 22 23 23 22 22 23 23 23 23 24 24 24 24 24 25 25 25 25 25 25 25 25 25 25 25 26 25 25 26 25 26 26 26 26 26 26 26 26 26 26 26 27 27 26 26 26 26 26 27 27 27 27 27 27 26
16 16 16 16 16 16 16 15 14 14 14 14 15 15 15 16 17 17 18 18 18 18 18 18 18 18 19 19 19 19 20 19 18 19 19 20 20 21 22 22 22 22 22 23 22 22 23 23 23 23 24 24 24 24 24 24 25 25 25 25 25 25 25 25 25 25 25 25 26 25 25 26 26 26 26 26 26 26 26 26 26 26 26 27 26 26 26 26 26 26 26 26 26 26 26 26
