Data/bom_data/etaamar.txt
ncols         417
nrows         337
xllcorner     112.15
yllcorner     -43.8
cellsize      0.1
NODATA_value  -9999
[rows 220 to 274 of 337, columns 96 to 191 of 417]
22 22 23 22 24 25 24 23 24 26 27 24 22 22 22 22 23 22 22 22 22 23 24 24 24 23 23 23 22 22 21 21 20 20 20 20 21 22 22 23 24 25 25 25 26 25 25 24 24 24 25 24 24 23 23 23 23 23 22 21 20 20 20 20 21 21 20 20 20 20 20 20 20 19 19 19 19 19 19 19 19 20 20 20 20 20 20 19 19 19 19 19 19 18 18 18
22 22 23 22 24 25 25 24 25 25 25 23 22 22 23 23 23 22 22 23 23 24 24 24 24 24 24 23 23 23 22 22 22 22 22 22 23 24 24 24 24 23 23 23 24 24 25 25 24 24 24 24 23 23 23 22 21 21 20 20 21 21 21 21 21 21 21 21 21 21 21 21 20 20 20 20 20 20 20 20 20 20 20 20 20 20 20 20 20 20 20 19 19 19 19 18
22 22 23 23 23 24 25 24 25 24 23 22 22 24 24 23 22 22 23 23 23 24 25 25 25 25 24 24 24 24 24 23 23 24 24 24 24 25 24 23 22 21 21 22 22 23 23 23 22 22 22 22 21 21 21 21 21 21 21 21 22 22 22 22 22 22 22 22 22 22 22 21 21 21 21 21 21 21 21 21 21 21 21 21 21 21 21 21 21 20 20 20 20 19 19 19
21 22 23 24 23 24 25 25 24 25 23 23 23 24 23 22 22 22 23 23 24 24 25 25 25 25 25 25 25 25 25 25 25 25 25 25 24 24 22 21 20 21 22 23 23 23 23 23 23 23 22 22 22 22 22 22 22 22 22 22 23 23 23 23 23 23 23 23 23 23 22 22 22 22 22 22 22 22 22 22 22 22 22 22 22 22 21 21 21 21 21 21 20 20 20 19
21 22 24 24 24 25 25 26 25 25 25 25 24 24 23 23 22 22 23 24 24 25 25 25 25 25 26 26 26 26 26 26 25 25 24 23 22 21 20 21 21 22 23 23 24 24 24 24 24 24 24 23 23 23 23 23 23 23 23 23 24 24 24 24 24 24 24 24 24 23 23 23 23 23 23 23 23 23 23 23 23 23 22 22 22 22 22 22 22 22 22 21 21 21 20 20
21 22 23 24 25 25 26 26 26 25 25 26 25 25 24 24 23 23 23 24 25 26 26 26 26 25 27 27 27 27 27 26 25 23 21 20 20 21 21 22 23 23 24 24 25 25 25 25 25 25 25 25 24 24 24 24 24 24 24 24 24 25 25 25 25 25 25 24 24 24 24 24 24 24 24 24 24 24 24 23 23 23 23 23 23 23 23 23 23 22 22 22 22 21 21 21
22 22 23 25 26 26 27 26 27 26 26 26 26 25 24 24 24 24 25 25 26 27 27 27 26 26 28 28 28 27 26 24 22 21 20 21 21 22 22 23 24 24 25 25 26 26 26 26 26 26 26 26 26 25 25 25 25 25 25 25 25 25 25 25 25 25 25 25 25 25 25 25 25 25 25 25 24 24 24 24 24 24 24 24 24 24 24 23 23 23 23 23 22 22 22 21
22 22 23 24 25 26 27 27 28 28 27 27 27 26 25 26 26 26 26 27 27 28 28 28 27 25 27 27 26 25 23 22 21 21 22 22 23 23 24 24 25 25 26 26 26 27 27 27 27 27 27 27 27 26 26 26 26 26 26 26 26 26 26 26 26 26 26 26 26 26 26 26 26 26 25 25 25 25 25 25 25 25 25 25 25 24 24 24 24 24 24 23 23 23 22 22
22 23 24 25 25 27 28 28 28 28 29 29 29 28 27 28 28 28 28 28 29 29 30 29 26 24 23 23 23 22 22 22 22 23 23 24 24 24 25 25 26 26 27 27 27 27 28 28 28 28 28 28 27 27 27 27 27 27 27 27 27 27 27 27 27 27 27 27 27 27 27 27 26 26 26 26 26 26 26 26 26 26 25 25 25 25 25 25 25 24 24 24 24 24 23 23
23 23 24 26 26 27 28 28 29 29 30 31 30 29 29 30 29 29 29 30 30 30 29 27 24 22 22 23 23 23 23 24 24 24 24 25 25 26 26 26 27 27 28 28 28 28 28 29 29 29 29 28 28 28 28 28 28 28 28 28 28 28 28 28 28 28 28 28 28 28 27 27 27 27 27 27 27 27 27 27 26 26 26 26 26 26 26 26 25 25 25 25 24 24 24 24
23 24 25 26 27 28 29 29 30 31 31 32 31 31 31 31 31 31 32 31 31 31 28 25 23 24 24 24 24 24 25 25 25 26 26 26 26 27 27 28 28 28 29 29 29 29 29 29 29 29 29 29 29 29 29 29 29 29 29 29 29 29 29 29 29 29 29 29 28 28 28 28 28 28 28 28 28 28 27 27 27 27 27 27 27 27 26 26 26 26 26 25 25 25 25 25
25 26 27 28 28 29 30 28 28 28 28 28 27 27 32 32 33 30 30 28 33 31 28 25 25 25 25 25 26 26 26 26 27 27 27 27 28 28 28 29 29 29 30 30 30 30 30 30 30 30 30 30 30 30 30 30 30 30 30 30 30 30 30 30 30 30 29 29 29 29 29 29 29 29 29 29 29 28 28 28 28 28 28 28 28 27 27 27 27 27 26 26 26 26 26 25
28 28 27 28 27 27 28 28 28 28 28 28 28 28 28 28 30 30 29 28 27 31 28 26 26 27 27 27 27 27 28 28 28 28 28 29 29 29 30 30 30 30 31 31 31 31 31 31 31 31 31 31 31 31 31 31 31 31 31 31 31 31 31 31 31 30 30 30 30 30 30 30 30 30 30 29 29 29 29 29 29 29 29 28 28 28 28 28 28 27 27 22 22 22 22 22
27 27 27 27 28 28 28 28 29 28 28 28 28 29 28 29 29 29 28 28 27 32 29 28 28 28 28 28 29 29 29 29 29 30 30 30 30 30 31 31 31 31 32 32 32 32 32 32 32 32 32 32 23 23 23 23 23 22 22 22 22 22 22 22 22 22 23 23 23 23 23 23 23 23 23 23 23 23 23 23 23 23 23 23 23 23 23 23 23 23 23 23 22 22 22 22
28 27 27 27 28 28 28 28 28 29 28 29 29 28 30 29 30 29 28 28 25 25 30 29 30 30 30 30 30 30 30 30 31 31 31 31 31 32 32 32 32 32 33 33 24 24 24 24 24 24 24 24 23 23 23 23 23 23 23 23 23 23 23 23 23 23 23 23 23 23 23 23 23 23 23 23 23 23 23 23 23 23 23 23 23 23 23 23 23 23 23 23 23 23 23 23
28 27 27 28 28 28 29 29 28 29 28 28 29 29 29 29 29 29 28 28 26 31 31 31 31 31 31 31 32 32 32 32 32 32 32 32 33 33 25 25 25 25 25 25 25 25 25 24 24 24 24 24 24 24 24 24 24 23 23 23 23 23 23 23 23 23 23 23 24 24 24 24 24 24 24 24 24 24 24 24 24 24 24 24 24 24 24 24 24 24 24 23 23 23 23 23
27 26 26 28 29 28 29 28 28 28 29 28 26 29 29 29 29 28 26 26 26 26 26 26 26 26 26 26 26 26 26 26 26 26 26 26 26 26 26 26 26 26 25 25 25 25 25 25 25 25 25 24 24 24 24 24 24 24 24 24 24 24 24 24 24 24 24 24 24 24 24 24 24 24 24 24 24 24 24 24 24 24 24 24 24 24 24 24 24 24 24 24 24 24 24 24
26 26 26 29 29 27 27 27 27 27 27 27 27 27 30 27 27 27 27 27 27 27 27 27 27 27 27 27 27 27 27 27 27 27 27 27 26 26 26 26 26 26 26 26 26 26 25 25 25 25 25 25 25 25 25 25 25 24 24 24 24 24 24 24 24 24 24 24 24 24 24 25 25 25 25 25 25 25 25 25 25 25 25 25 25 25 25 25 25 25 24 24 24 24 24 24
27 27 27 27 27 27 27 27 27 27 27 27 27 27 27 27 27 28 28 28 28 27 27 27 27 27 27 27 27 27 27 27 27 27 27 27 27 27 27 27 27 26 26 26 26 26 26 26 26 26 26 25 25 25 25 25 25 25 25 25 25 25 25 25 25 25 25 25 25 25 25 25 25 25 25 25 25 25 25 25 25 25 25 25 25 25 25 25 25 25 25 25 25 25 25 25
28 28 28 28 28 28 28 28 28 28 28 28 28 28 28 28 28 28 28 28 28 28 28 28 28 28 28 28 28 28 28 28 28 28 27 27 27 27 27 27 27 27 27 27 27 26 26 26 26 26 26 26 26 26 26 26 26 25 25 25 25 25 25 25 25 25 25 25 25 25 25 25 25 25 25 26 26 26 26 26 26 26 26 26 26 26 26 26 26 25 25 25 25 25 25 25
29 29 29 29 29 29 29 29 29 29 29 29 29 29 29 29 29 29 29 29 29 29 29 29 28 28 28 28 28 28 28 28 28 28 28 28 28 28 28 28 27 27 27 27 27 27 27 27 27 27 26 26 26 26 26 26 26 26 26 26 26 26 26 26 26 26 26 26 26 26 26 26 26 26 26 26 26 26 26 26 26 26 26 26 26 26 26 26 26 26 26 26 26 26 26 26
30 30 30 30 30 30 30 30 30 29 29 29 29 29 29 29 29 29 29 29 29 29 29 29 29 29 29 29 29 29 29 29 29 28 28 28 28 28 28 28 28 28 28 28 28 27 27 27 27 27 27 27 27 27 27 27 27 26 26 26 26 26 26 26 26 26 26 26 26 26 26 26 26 26 26 26 26 26 26 26 26 27 27 27 27 27 27 27 27 26 26 26 26 26 26 27
31 31 31 31 31 30 30 30 30 30 30 30 30 30 30 30 30 30 30 30 30 30 30 30 30 29 29 29 29 29 29 29 29 29 29 29 29 29 29 28 28 28 28 28 28 28 28 28 28 28 27 27 27 27 27 27 27 27 27 27 27 27 27 27 27 27 27 27 27 27 27 27 27 27 27 27 27 27 27 27 27 27 27 27 27 27 27 27 27 27 27 27 27 27 27 27
32 32 32 31 31 31 31 31 31 31 31 31 31 31 31 31 31 30 30 30 30 30 30 30 30 30 30 30 30 30 30 30 30 29 29 29 29 29 29 29 29 29 29 29 28 28 28 28 28 28 28 28 28 28 28 28 27 27 27 27 27 27 27 27 27 27 27 27 27 27 27 27 27 27 27 27 27 27 27 27 27 27 27 27 27 27 27 28 28 28 28 28 28 28 28 28
33 33 32 32 32 32 32 32 32 32 32 32 31 31 31 31 31 31 31 31 31 31 31 31 31 31 30 30 30 30 30 30 30 30 30 30 30 30 29 29 29 29 29 29 29 29 29 29 29 28 28 28 28 28 28 28 28 28 28 28 28 28 28 28 28 28 28 28 28 28 28 28 28 28 28 28 28 28 28 28 28 28 28 28 28 28 28 28 28 28 28 28 28 28 28 28
34 33 33 33 33 33 33 33 33 32 32 32 32 32 32 32 32 32 32 32 31 31 31 31 31 31 31 31 31 31 31 31 31 30 30 30 30 30 30 30 30 30 30 30 29 29 29 29 29 29 29 29 29 29 29 29 28 28 28 28 28 28 28 28 28 28 28 28 28 28 28 28 28 28 28 28 28 28 28 28 28 28 28 28 28 28 28 29 29 29 29 29 29 29 29 29
34 34 34 34 34 34 34 33 33 33 33 33 33 33 33 33 32 32 32 32 32 32 32 32 32 32 32 31 31 31 31 31 31 31 31 31 31 31 30 30 30 30 30 30 30 30 30 30 30 29 29 29 29 29 29 29 29 29 29 29 29 29 29 29 29 29 29 29 29 29 29 29 29 29 29 29 29 29 29 29 29 29 29 29 29 29 29 29 29 29 29 29 29 29 29 29
35 35 35 35 35 34 34 34 34 34 34 34 34 33 33 33 33 33 33 33 33 33 32 32 32 32 32 32 32 32 32 32 32 31 31 31 31 31 31 31 31 31 31 30 30 30 30 30 30 30 30 30 30 30 30 30 29 29 29 29 29 29 29 29 29 29 29 29 29 29 29 29 29 29 29 29 29 29 29 29 29 29 29 29 29 29 30 30 30 30 30 30 30 30 30 30
36 36 36 36 35 35 35 35 35 35 34 34 34 34 34 34 34 34 33 33 33 33 33 33 33 33 33 33 32 32 32 32 32 32 32 32 32 32 31 31 31 31 31 31 31 31 31 31 31 30 30 30 30 30 30 30 30 30 30 30 30 30 30 30 30 30 30 30 30 30 30 30 30 30 30 30 30 30 30 30 30 30 30 30 30 30 30 30 30 30 30 30 30 30 30 30
37 37 37 37 36 36 36 36 36 35 35 35 35 35 35 34 34 34 34 34 34 34 34 34 33 33 33 33 33 33 33 33 33 32 32 32 32 32 32 32 32 32 32 31 31 31 31 31 31 31 31 31 31 31 31 31 30 30 30 30 30 30 30 30 30 30 30 30 30 30 30 30 30 30 30 30 30 30 30 30 30 30 30 30 30 31 31 31 31 31 31 31 31 31 31 31
38 38 38 37 37 37 37 37 36 36 36 36 36 35 35 35 35 35 35 35 34 34 34 34 34 34 34 34 34 33 33 33 33 33 33 33 33 33 32 32 32 32 32 32 32 32 32 32 32 31 31 31 31 31 31 31 31 31 31 31 31 31 31 31 31 31 31 31 31 31 31 31 31 31 31 31 31 31 31 31 31 31 31 31 31 31 31 31 31 31 31 31 31 31 31 32
39 39 38 38 38 38 37 37 37 37 37 36 36 36 36 36 36 36 35 35 35 35 35 35 35 34 34 34 34 34 34 34 34 34 33 33 33 33 33 33 33 33 33 32 32 32 32 32 32 32 32 32 32 32 32 32 31 31 31 31 31 31 31 31 31 31 31 31 31 31 31 31 31 31 31 31 31 31 31 31 31 31 31 31 31 32 32 32 32 32 32 32 32 32 32 32
40 40 39 39 39 39 38 38 38 38 37 37 37 37 37 36 36 36 36 36 36 36 35 35 35 35 35 35 35 35 34 34 34 34 34 34 34 34 33 33 33 33 33 33 33 33 33 33 33 32 32 32 32 32 32 32 32 32 32 32 32 32 32 32 32 32 32 32 32 32 32 32 32 32 32 32 32 32 32 32 32 32 32 32 32 32 32 32 32 32 32 32 32 32 33 33
41 40 40 40 40 39 39 39 39 38 38 38 38 38 37 37 37 37 37 36 36 36 36 36 36 36 35 35 35 35 35 35 35 35 34 34 34 34 34 34 34 34 34 33 33 33 33 33 33 33 33 33 33 33 33 33 32 32 32 32 32 32 32 32 32 32 32 32 32 32 32 32 32 32 32 32 32 32 32 32 32 32 32 32 33 33 33 33 33 33 33 33 33 33 33 33
42 41 41 41 40 40 40 40 39 39 39 39 38 38 38 38 38 37 37 37 37 37 37 36 36 36 36 36 36 36 35 35 35 35 35 35 35 35 35 34 34 34 34 34 34 34 34 34 34 33 33 33 33 33 33 33 33 33 33 33 33 33 33 33 33 33 33 33 33 33 33 33 33 33 33 33 33 33 33 33 33 33 33 33 33 33 33 33 33 33 33 33 33 34 34 34
42 42 42 41 41 41 41 40 40 40 40 39 39 39 39 38 38 38 38 38 38 37 37 37 37 37 37 36 36 36 36 36 36 36 35 35 35 35 35 35 35 35 35 34 34 34 34 34 34 34 34 34 34 34 34 34 34 33 33 33 33 33 33 33 33 33 33 33 33 33 33 33 33 33 33 33 33 33 33 33 33 33 33 34 34 34 34 34 34 34 34 34 34 34 34 34
43 43 43 42 42 42 41 41 41 40 40 40 40 40 39 39 39 39 38 38 38 38 38 38 37 37 37 37 37 37 37 36 36 36 36 36 36 36 36 35 35 35 35 35 35 35 35 35 35 34 34 34 34 34 34 34 34 34 34 34 34 34 34 34 34 34 34 34 34 34 34 34 34 34 34 34 34 34 34 34 34 34 34 34 34 34 34 34 34 34 34 34 35 35 35 35
44 44 43 43 43 42 42 42 41 41 41 41 40 40 40 40 40 39 39 39 39 39 38 38 38 38 38 38 37 37 37 37 37 37 37 36 36 36 36 36 36 36 36 36 35 35 35 35 35 35 35 35 35 35 35 35 35 34 34 34 34 34 34 34 34 34 34 34 34 34 34 34 34 34 34 34 34 34 34 34 34 34 34 35 35 35 35 35 35 35 35 35 35 35 35 35
45 45 44 44 43 43 43 42 42 42 42 41 41 41 41 40 40 40 40 40 39 39 39 39 39 38 38 38 38 38 38 37 37 37 37 37 37 37 37 36 36 36 36 36 36 36 36 36 36 35 35 35 35 35 35 35 35 35 35 35 35 35 35 35 35 35 35 35 35 35 35 35 35 35 35 35 35 35 35 35 35 35 35 35 35 35 35 35 35 35 35 36 36 36 36 36
46 45 45 45 44 44 43 43 43 43 42 42 42 41 41 41 41 41 40 40 40 40 40 39 39 39 39 39 38 38 38 38 38 38 38 37 37 37 37 37 37 37 37 37 36 36 36 36 36 36 36 36 36 36 36 36 35 35 35 35 35 35 35 35 35 35 35 35 35 35 35 35 35 35 35 35 35 35 35 35 35 35 36 36 36 36 36 36 36 36 36 36 36 36 36 36
46 46 46 45 45 45 44 44 44 43 43 43 42 42 42 42 41 41 41 41 40 40 40 40 40 40 39 39 39 39 39 39 38 38 38 38 38 38 38 37 37 37 37 37 37 37 37 37 37 36 36 36 36 36 36 36 36 36 36 36 36 36 36 36 36 36 36 36 36 36 36 36 36 36 36 36 36 36 36 36 36 36 36 36 36 36 36 36 36 36 37 37 37 37 37 37
47 47 46 46 46 45 45 45 44 44 44 43 43 43 42 42 42 42 42 41 41 41 41 40 40 40 40 40 40 39 39 39 39 39 39 39 38 38 38 38 38 38 38 38 37 37 37 37 37 37 37 37 37 37 37 37 36 36 36 36 36 36 36 36 36 36 36 36 36 36 36 36 36 36 36 36 36 36 36 36 36 36 37 37 37 37 37 37 37 37 37 37 37 37 37 37
48 47 47 47 46 46 46 45 45 45 44 44 44 43 43 43 43 42 42 42 42 41 41 41 41 41 40 40 40 40 40 40 39 39 39 39 39 39 39 38 38 38 38 38 38 38 38 38 38 37 37 37 37 37 37 37 37 37 37 37 37 37 37 37 37 37 37 37 37 37 37 37 37 37 37 37 37 37 37 37 37 37 37 37 37 37 37 37 37 37 38 38 38 38 38 38
49 48 48 47 47 47 46 46 46 45 45 45 44 44 44 43 43 43 43 42 42 42 42 42 41 41 41 41 41 40 40 40 40 40 40 40 39 39 39 39 39 39 39 39 38 38 38 38 38 38 38 38 38 38 38 38 37 37 37 37 37 37 37 37 37 37 37 37 37 37 37 37 37 37 37 37 37 37 37 37 37 37 38 38 38 38 38 38 38 38 38 38 38 38 38 39
49 49 48 48 48 47 47 47 46 46 46 45 45 45 44 44 44 44 43 43 43 43 42 42 42 42 42 41 41 41 41 41 40 40 40 40 40 40 40 39 39 39 39 39 39 39 39 39 39 38 38 38 38 38 38 38 38 38 38 38 38 38 38 38 38 38 38 38 38 38 38 38 38 38 38 38 38 38 38 38 38 38 38 38 38 38 38 38 38 39 39 39 39 39 39 39
50 50 49 49 48 48 47 47 47 46 46 46 45 45 45 45 44 44 44 44 43 43 43 43 42 42 42 42 42 42 41 41 41 41 41 41 40 40 40 40 40 40 40 40 39 39 39 39 39 39 39 39 39 39 39 39 38 38 38 38 38 38 38 38 38 38 38 38 38 38 38 38 38 38 38 38 38 38 38 38 38 38 39 39 39 39 39 39 39 39 39 39 39 39 39 40
51 50 50 49 49 48 48 48 47 47 47 46 46 46 45 45 45 45 44 44 44 44 43 43 43 43 43 42 42 42 42 42 42 41 41 41 41 41 41 40 40 40 40 40 40 40 40 40 40 39 39 39 39 39 39 39 39 39 39 39 39 39 39 39 39 39 39 39 39 39 39 39 39 39 39 39 39 39 39 39 39 39 39 39 39 39 39 39 39 40 40 40 40 40 40 40
51 51 50 50 50 49 49 48 48 48 47 47 47 46 46 46 45 45 45 45 44 44 44 44 44 43 43 43 43 43 42 42 42 42 42 42 41 41 41 41 41 41 41 41 40 40 40 40 40 40 40 40 40 40 40 39 39 39 39 39 39 39 39 39 39 39 39 39 39 39 39 39 39 39 39 39 39 39 39 39 39 39 40 40 40 40 40 40 40 40 40 40 40 40 41 41
52 51 51 51 50 50 49 49 49 48 48 48 47 47 47 46 46 46 46 45 45 45 45 44 44 44 44 43 43 43 43 43 43 42 42 42 42 42 42 41 41 41 41 41 41 41 41 41 40 40 40 40 40 40 40 40 40 40 40 40 40 40 40 40 40 40 40 40 40 40 40 40 40 40 40 40 40 40 40 40 40 40 40 40 40 40 40 40 40 41 41 41 41 41 41 41
52 52 52 51 51 50 50 50 49 49 48 48 48 47 47 47 47 46 46 46 46 45 45 45 45 44 44 44 44 44 43 43 43 43 43 43 42 42 42 42 42 42 42 41 41 41 41 41 41 41 41 41 41 41 41 40 40 40 40 40 40 40 40 40 40 40 40 40 40 40 40 40 40 40 40 40 40 40 40 40 40 40 41 41 41 41 41 41 41 41 41 41 41 41 42 42
53 53 52 52 51 51 50 50 50 49 49 49 48 48 48 47 47 47 47 46 46 46 46 45 45 45 45 44 44 44 44 44 44 43 43 43 43 43 43 42 42 42 42 42 42 42 42 42 41 41 41 41 41 41 41 41 41 41 41 41 41 41 41 41 41 41 41 41 41 41 41 41 41 41 41 41 41 41 41 41 41 41 41 41 41 41 41 41 41 42 42 42 42 42 42 42
54 53 53 52 52 51 51 51 50 50 50 49 49 49 48 48 48 47 47 47 47 46 46 46 46 45 45 45 45 45 44 44 44 44 44 44 43 43 43 43 43 43 43 42 42 42 42 42 42 42 42 42 42 42 41 41 41 41 41 41 41 41 41 41 41 41 41 41 41 41 41 41 41 41 41 41 41 41 41 41 41 41 41 42 42 42 42 42 42 42 42 42 42 42 43 43
54 54 53 53 52 52 52 51 51 50 50 50 49 49 49 48 48 48 48 47 47 47 47 46 46 46 46 45 45 45 45 45 45 44 44 44 44 44 44 43 43 43 43 43 43 43 43 42 42 42 42 42 42 42 42 42 42 42 42 42 42 42 42 42 42 42 42 42 42 42 42 42 42 42 42 42 42 42 42 42 42 42 42 42 42 42 42 42 42 43 43 43 43 43 43 43
55 54 54 53 53 52 52 52 51 51 51 50 50 50 49 49 49 48 48 48 48 47 47 47 47 46 46 46 46 46 45 45 45 45 45 44 44 44 44 44 44 44 43 43 43 43 43 43 43 43 43 43 43 42 42 42 42 42 42 42 42 42 42 42 42 42 42 42 42 42 42 42 42 42 42 42 42 42 42 42 42 42 42 43 43 43 43 43 43 43 43 43 43 43 44 44
55 55 54 54 53 53 53 52 52 51 51 51 50 50 50 49 49 49 49 48 48 48 48 47 47 47 47 46 46 46 46 46 45 45 45 45 45 45 44 44 44 44 44 44 44 44 44 43 43 43 43 43 43 43 43 43 43 43 43 43 43 43 42 42 42 42 42 42 42 42 42 42 42 43 43 43 43 43 43 43 43 43 43 43 43 43 43 43 43 43 44 44 44 44 44 44
