Data/bom_data/etaajun.txt
ncols         417
nrows         337
xllcorner     112.15
yllcorner     -43.8
cellsize      0.1
NODATA_value  -9999
[rows 0 to 56 of 337, columns 96 to 191 of 417]
52 52 52 52 52 52 52 52 52 52 52 52 52 52 52 52 52 52 52 52 52 52 52 52 52 52 52 52 52 52 52 52 53 53 53 53 53 53 53 53 53 53 53 53 54 54 54 54 54 54 54 54 55 55 55 55 55 55 56 56 56 56 56 57 57 57 57 58 58 58 58 59 59 59 60 60 60 61 61 61 62 62 62 62 63 63 63 64 64 64 64 64 65 65 65 65
51 51 51 51 51 51 51 51 51 51 51 51 51 51 51 51 51 51 51 51 51 52 52 52 52 52 52 52 52 52 52 52 52 52 52 52 52 52 52 53 53 53 53 53 53 53 53 53 53 54 54 54 54 54 54 54 55 55 55 55 55 56 56 56 56 57 57 57 57 58 58 58 58 59 59 59 60 60 60 61 61 61 62 62 62 63 63 63 63 63 64 64 64 64 64 65
51 51 51 51 51 51 51 51 51 51 51 51 51 51 51 51 51 51 51 51 51 51 51 51 51 51 51 51 51 51 51 51 51 52 52 52 52 52 52 52 52 52 52 52 52 53 53 53 53 53 53 53 53 54 54 54 54 54 54 55 55 55 55 55 56 56 56 56 57 57 57 58 58 58 58 59 59 59 60 60 60 61 61 61 62 62 62 62 63 63 63 63 64 64 64 64
50 50 50 50 50 50 50 50 50 50 50 50 50 50 50 50 50 50 50 51 51 51 51 51 51 51 51 51 51 51 51 51 51 51 51 51 51 51 51 51 51 52 52 52 52 52 52 52 52 52 52 53 53 53 53 53 53 54 54 54 54 54 55 55 55 55 55 56 56 56 57 57 57 58 58 58 58 59 59 60 60 60 61 61 61 61 62 62 62 62 63 63 63 63 63 63
50 50 50 50 50 50 50 50 50 50 50 50 50 50 50 50 50 50 50 50 50 50 50 50 50 50 50 50 50 50 50 50 50 50 51 51 51 51 51 51 51 51 51 51 51 51 51 52 52 52 52 52 52 52 52 53 53 53 53 53 53 54 54 54 54 55 55 55 55 56 56 56 57 57 57 58 58 58 59 59 59 60 60 60 61 61 61 61 62 62 62 62 62 62 63 63
50 50 50 50 50 50 50 49 49 49 49 49 49 49 49 49 49 50 50 50 50 50 50 50 50 50 50 50 50 50 50 50 50 50 50 50 50 50 50 50 50 50 50 51 51 51 51 51 51 51 51 51 51 52 52 52 52 52 52 53 53 53 53 53 54 54 54 54 55 55 55 56 56 56 56 57 57 58 58 58 59 59 59 60 60 60 61 61 61 61 61 62 62 62 62 62
49 49 49 49 49 49 49 49 49 49 49 49 49 49 49 49 49 49 49 49 49 49 49 49 49 49 49 49 49 49 49 49 49 49 49 50 50 50 50 50 50 50 50 50 50 50 50 50 50 51 51 51 51 51 51 51 51 52 52 52 52 52 52 53 53 53 53 54 54 54 55 55 55 55 56 56 57 57 57 58 58 58 59 59 59 60 60 60 60 61 61 61 61 61 61 61
49 49 49 49 49 49 49 49 49 49 49 49 49 49 49 49 49 49 49 49 49 49 49 49 49 49 49 49 49 49 49 49 49 49 49 49 49 49 49 49 49 49 49 49 49 50 50 50 50 50 50 50 50 50 50 51 51 51 51 51 51 52 52 52 52 52 53 53 53 53 54 54 54 55 55 55 56 56 57 57 57 58 58 59 59 59 59 60 60 60 60 60 60 60 60 61
48 48 48 48 48 48 48 48 48 48 48 48 48 48 48 48 48 48 48 48 48 48 48 48 48 48 48 48 48 48 48 48 48 48 48 48 48 48 49 49 49 49 49 49 49 49 49 49 49 49 49 49 50 50 50 50 50 50 50 51 51 51 51 51 51 52 52 52 52 53 53 53 54 54 54 55 55 55 56 56 57 57 58 58 58 59 59 59 59 59 59 60 60 60 60 60
48 48 48 48 48 48 48 48 48 48 48 48 48 48 48 48 48 48 48 48 48 48 48 48 48 48 48 48 48 48 48 48 48 48 48 48 48 48 48 48 48 48 48 48 48 48 48 48 49 49 49 49 49 49 49 49 49 50 50 50 50 50 50 51 51 51 51 51 52 52 52 53 53 53 54 54 54 55 55 56 56 56 57 57 58 58 58 59 59 59 59 59 59 59 59 59
47 47 47 47 47 47 47 47 47 47 47 47 47 47 47 47 47 47 47 47 47 47 47 47 47 47 47 47 47 47 47 47 47 47 47 47 47 47 47 47 47 48 48 48 48 48 48 48 48 48 48 48 48 48 48 49 49 49 49 49 49 49 50 50 50 50 50 51 51 51 51 52 52 52 53 53 53 54 54 55 55 56 56 57 57 57 59 58 58 58 58 58 58 59 59 59
47 47 47 47 47 47 47 47 47 47 47 47 47 47 47 47 47 47 47 47 47 47 47 47 47 47 47 47 47 47 47 47 47 47 47 47 47 47 47 47 47 47 47 47 47 47 47 47 47 47 47 47 48 48 48 48 48 48 48 48 48 49 49 49 49 49 50 50 50 50 51 51 51 52 52 52 53 53 53 54 54 55 55 56 56 57 58 58 57 57 58 58 58 58 58 58
47 47 46 46 46 46 46 46 46 46 46 46 46 46 46 46 46 46 46 46 46 46 46 46 46 46 46 46 46 46 46 46 46 46 46 46 46 46 46 46 46 46 46 46 46 46 47 47 47 47 47 47 47 47 47 47 47 47 47 48 48 48 48 48 48 49 49 49 49 50 50 50 50 51 51 51 52 52 53 53 53 54 54 55 56 57 57 58 57 56 57 57 56 57 57 57
46 46 46 46 46 46 46 46 46 46 46 46 46 46 46 46 46 46 46 46 46 46 46 46 46 46 46 46 46 46 46 46 46 46 46 46 46 46 46 46 46 46 46 46 46 46 46 46 46 46 46 46 46 46 46 46 47 47 47 47 47 47 47 47 48 48 48 48 48 49 49 49 50 50 50 50 51 51 52 52 53 53 53 54 55 56 55 56 56 56 56 56 56 56 56 56
46 46 46 46 46 45 45 45 45 45 45 45 45 45 45 45 45 45 45 45 45 45 45 45 45 45 45 45 45 45 45 45 45 45 45 45 45 45 45 45 45 45 45 45 45 45 45 45 45 45 45 45 45 46 46 46 46 46 46 46 46 46 46 47 47 47 47 47 48 48 48 48 49 49 49 50 50 50 51 51 51 52 52 53 54 55 55 55 55 55 55 55 55 55 56 55
45 45 45 45 45 45 45 45 45 45 45 45 45 45 45 45 45 45 45 45 45 45 45 45 45 45 45 45 45 45 44 44 44 44 44 44 44 44 45 45 45 45 45 45 45 45 45 45 45 45 45 45 45 45 45 45 45 45 45 45 45 46 46 46 46 46 46 46 47 47 47 47 48 48 48 49 49 49 50 50 50 51 52 52 53 53 54 54 54 54 54 54 54 54 54 54
45 45 45 45 45 45 45 45 44 44 44 44 44 44 44 44 44 44 44 44 44 44 44 44 44 44 44 44 44 44 44 44 44 44 44 44 44 44 44 44 44 44 44 44 44 44 44 44 44 44 44 44 44 44 44 44 44 44 44 45 45 45 45 45 45 45 45 46 46 46 46 46 47 47 47 48 48 48 49 49 49 50 50 50 51 51 51 52 52 52 53 53 53 52 52 53
44 44 44 44 44 44 44 44 44 44 44 44 44 44 44 44 44 44 44 44 44 44 44 44 44 43 43 43 43 43 43 43 43 43 43 43 43 43 43 43 43 43 43 43 43 43 43 43 43 43 43 43 43 43 43 43 44 44 44 44 44 44 44 44 44 44 45 45 45 45 45 46 46 46 46 47 47 47 47 48 48 49 49 49 50 50 50 50 51 51 51 51 51 51 51 52
44 44 44 44 44 44 44 44 44 43 43 43 43 43 43 43 43 43 43 43 43 43 43 43 43 43 43 43 43 43 43 43 43 43 43 43 43 43 43 43 43 43 43 43 43 43 43 43 43 43 43 43 43 43 43 43 43 43 43 43 43 43 43 43 43 44 44 44 44 44 44 45 45 45 45 46 46 46 46 47 47 47 48 48 48 49 49 49 49 49 50 50 50 50 50 51
44 43 43 43 43 43 43 43 43 43 43 43 43 43 43 43 43 43 43 43 43 43 43 43 42 42 42 42 42 42 42 42 42 42 42 42 42 42 42 42 42 42 42 42 42 42 42 42 42 42 42 42 42 42 42 42 42 42 42 42 42 42 42 42 42 43 43 43 43 43 43 44 44 44 44 44 45 45 45 46 46 46 46 47 47 47 47 48 48 48 48 48 49 49 49 50
43 43 43 43 43 43 43 43 43 43 43 42 42 42 42 42 42 42 42 42 42 42 42 42 42 42 42 42 42 42 42 42 42 42 42 42 42 42 42 42 42 42 41 41 41 41 41 41 41 41 41 41 41 41 41 41 41 41 41 41 41 41 41 42 42 42 42 42 42 42 42 43 43 43 43 43 44 44 44 44 45 45 45 45 46 46 46 46 47 47 47 47 48 48 49 49
43 43 43 42 42 42 42 42 42 42 42 42 42 42 42 42 42 42 42 42 42 42 42 41 41 41 41 41 41 41 41 41 41 41 41 41 41 41 41 41 41 41 41 41 41 41 41 41 41 41 41 41 40 40 40 40 40 40 40 40 40 41 41 41 41 41 41 41 41 41 41 41 42 42 42 42 42 43 43 43 43 44 44 44 44 45 45 45 45 45 46 47 47 47 47 48
42 42 42 42 42 42 42 42 42 42 42 42 41 41 41 41 41 41 41 41 41 41 41 41 41 41 41 41 41 41 41 41 41 41 41 41 41 40 40 40 40 40 40 40 40 40 40 40 40 40 40 40 40 40 40 40 40 40 40 40 40 40 40 40 40 40 40 40 40 40 40 40 41 41 41 41 41 41 42 42 42 42 43 43 43 43 43 44 45 45 45 45 46 46 46 46
42 42 42 42 42 41 41 41 41 41 41 41 41 41 41 41 41 41 41 41 41 41 41 40 40 40 40 40 40 40 40 40 40 40 40 40 40 40 40 40 40 40 40 40 40 39 39 39 39 39 39 39 39 39 39 39 39 39 39 39 39 39 39 39 39 39 39 39 39 39 39 39 40 40 40 40 40 40 40 41 41 41 41 41 42 42 42 43 43 44 44 44 44 45 45 45
41 41 41 41 41 41 41 41 41 41 41 41 41 40 40 40 40 40 40 40 40 40 40 40 40 40 40 40 40 40 40 40 40 40 39 39 39 39 39 39 39 39 39 39 39 39 39 39 39 39 38 38 38 38 38 38 38 38 38 38 38 38 38 38 38 38 38 38 38 38 38 38 38 39 39 39 39 39 39 39 40 40 40 40 40 41 41 42 42 42 43 43 43 44 44 44
41 41 41 41 41 41 40 40 40 40 40 40 40 40 40 40 40 40 40 40 40 40 39 39 39 39 39 39 39 39 39 39 39 39 39 39 39 39 39 39 39 38 38 38 38 38 38 38 38 38 38 38 38 37 37 37 37 37 37 37 37 37 37 37 37 37 37 37 37 37 37 37 37 37 38 38 38 38 38 38 38 39 39 39 39 39 40 40 41 41 41 41 42 42 42 43
40 40 40 40 40 40 40 40 40 40 40 40 40 40 39 39 39 39 39 39 39 39 39 39 39 39 39 39 39 39 39 38 38 38 38 38 38 38 38 38 38 38 38 38 38 38 37 37 37 37 37 37 37 37 37 37 36 36 36 36 36 36 36 36 36 36 36 36 36 36 36 36 36 36 36 37 37 37 37 37 37 37 37 38 38 38 39 39 39 40 40 40 41 41 41 42
40 40 40 40 40 40 40 39 39 39 39 39 39 39 39 39 39 39 39 39 39 39 38 38 38 38 38 38 38 38 38 38 38 38 38 38 38 38 38 37 37 37 37 37 37 37 37 37 37 36 36 36 36 36 36 36 36 36 35 35 35 35 35 35 35 35 35 35 35 35 35 35 35 35 35 35 35 36 36 36 36 36 36 37 37 37 37 38 38 38 39 39 39 40 40 40
40 40 39 39 39 39 39 39 39 39 39 39 39 39 39 38 38 38 38 38 38 38 38 38 38 38 38 38 38 38 37 37 37 37 37 37 37 37 37 37 37 37 37 37 36 36 36 36 36 36 36 35 35 35 35 35 35 35 35 34 34 34 34 34 34 34 34 34 34 34 34 34 34 34 34 34 34 34 34 35 35 35 35 36 36 36 36 36 37 37 37 38 38 38 38 39
39 39 39 39 39 39 39 39 39 38 38 38 38 38 38 38 38 38 38 38 38 38 37 37 37 37 37 37 37 37 37 37 37 37 37 37 37 36 36 36 36 36 36 36 36 36 36 35 35 35 35 35 35 34 34 34 34 34 34 34 34 33 33 33 33 33 33 33 33 33 33 33 33 33 33 33 33 33 33 33 33 33 34 34 34 34 35 35 35 36 36 36 37 37 37 38
39 39 39 38 38 38 38 38 38 38 38 38 38 38 38 38 37 37 37 37 37 37 37 37 37 37 37 37 37 36 36 36 36 36 36 36 36 36 36 36 36 36 35 35 35 35 35 35 35 34 34 34 34 34 33 33 33 33 33 33 33 33 32 32 32 32 32 32 32 32 32 32 32 32 32 32 32 32 32 32 32 32 32 32 33 33 33 33 34 34 35 35 35 36 36 37
38 38 38 38 38 38 38 38 38 38 37 37 37 37 37 37 37 37 37 37 37 37 36 36 36 36 36 36 36 36 36 36 36 36 36 35 35 35 35 35 35 35 35 35 35 34 34 34 34 34 33 33 33 33 33 32 32 32 32 32 32 32 32 31 31 31 31 31 31 31 31 31 31 31 31 31 31 31 31 31 31 31 31 31 32 32 32 32 32 33 34 34 34 35 35 35
38 38 38 38 38 37 37 37 37 37 37 37 37 37 37 37 36 36 36 36 36 36 36 36 36 36 36 36 35 35 35 35 35 35 35 35 35 35 35 35 34 34 34 34 34 34 34 33 33 33 33 33 32 32 32 32 32 31 31 31 31 31 31 30 30 30 30 30 30 30 30 30 30 30 30 30 30 30 30 30 30 30 30 30 30 30 31 31 31 31 32 33 33 34 35 34
37 37 37 37 37 37 37 37 37 37 37 36 36 36 36 36 36 36 36 36 36 36 35 35 35 35 35 35 35 35 35 35 35 34 34 34 34 34 34 34 34 34 34 34 33 33 33 33 32 32 32 32 32 31 31 31 31 30 30 30 30 30 30 30 29 29 29 29 29 29 29 29 29 29 29 29 29 29 29 29 29 29 29 29 29 29 29 29 29 30 31 31 32 33 33 33
37 37 37 37 37 37 36 36 36 36 36 36 36 36 36 36 36 35 35 35 35 35 35 35 35 35 35 34 34 34 34 34 34 34 34 34 34 34 33 33 33 33 33 33 33 33 32 32 32 32 31 31 31 31 30 30 30 30 29 29 29 29 29 29 28 28 28 28 28 28 28 28 28 28 28 28 28 28 28 28 28 28 28 28 28 28 28 28 28 29 29 30 30 31 32 32
37 37 36 36 36 36 36 36 36 36 36 36 35 35 35 35 35 35 35 35 35 35 34 34 34 34 34 34 34 34 34 34 33 33 33 33 33 33 33 33 33 33 33 32 32 32 32 31 31 31 31 31 30 30 29 29 29 29 29 28 28 28 28 28 28 27 27 27 27 27 27 27 27 27 27 27 27 27 27 27 27 27 27 27 27 27 27 27 27 27 28 28 29 29 30 31
36 36 36 36 36 36 36 35 35 35 35 35 35 35 35 35 35 34 34 34 34 34 34 34 34 34 34 33 33 33 33 33 33 33 33 33 32 32 32 32 32 32 32 32 32 31 31 31 31 30 31 30 30 29 29 28 28 28 28 28 27 27 27 27 27 26 26 26 26 26 26 26 26 26 26 26 26 26 26 26 26 26 26 27 26 26 26 26 26 26 27 27 28 28 29 30
36 36 36 35 35 35 35 35 35 35 35 35 35 34 34 34 34 34 34 34 34 34 33 33 33 33 33 33 33 33 33 32 32 32 32 32 32 32 32 32 31 31 31 32 31 31 30 31 30 30 29 30 29 29 29 28 28 27 27 27 26 26 26 26 26 26 25 25 25 25 25 25 25 25 25 25 25 25 25 24 25 25 25 25 26 25 25 25 26 26 26 26 27 27 28 29
35 35 35 35 35 35 35 35 34 34 34 34 34 34 34 34 34 34 33 33 33 33 33 33 33 33 33 32 32 32 32 32 32 32 32 31 31 31 31 31 31 31 31 31 31 30 30 30 29 29 29 29 29 29 29 28 28 26 26 26 26 25 25 25 25 25 24 24 24 24 24 24 24 24 24 24 24 24 24 24 24 24 24 25 24 24 24 24 25 25 25 25 26 27 27 28
35 35 35 35 35 34 34 34 34 34 34 34 34 33 33 33 33 33 33 33 33 33 32 32 32 32 32 32 32 32 31 31 31 31 31 31 31 31 30 31 31 30 30 30 30 30 30 29 28 29 28 28 28 28 28 27 27 27 26 25 25 24 24 24 24 24 24 23 23 23 23 23 23 23 23 23 23 23 23 23 23 23 23 23 24 24 24 25 25 25 25 25 25 26 26 27
35 34 34 34 34 34 34 34 34 34 33 33 33 33 33 33 33 33 32 32 32 32 32 32 32 32 31 31 31 31 31 31 31 31 30 30 30 30 30 30 29 29 30 30 29 29 29 29 28 28 28 27 27 27 27 27 26 26 25 25 24 24 23 23 23 23 23 22 22 22 22 22 22 22 22 22 23 23 23 23 22 22 22 23 23 23 24 24 24 24 25 24 25 25 26 26
34 34 34 34 34 34 33 33 33 33 33 33 33 33 32 32 32 32 32 32 32 32 32 31 31 31 31 31 31 31 30 30 30 30 30 30 29 29 30 30 29 29 29 29 29 29 29 28 28 28 27 27 27 27 26 26 26 25 25 24 24 23 22 22 22 22 22 22 21 21 21 21 21 21 21 21 22 22 22 22 22 22 22 22 23 23 24 24 24 24 24 24 25 25 25 26
34 34 33 33 33 33 33 33 33 33 33 32 32 32 32 32 32 32 32 31 31 31 31 31 31 31 30 30 30 30 30 30 30 29 29 29 29 30 29 28 29 28 28 29 29 28 28 27 27 27 26 26 26 26 26 25 25 25 24 23 23 22 22 21 21 21 21 21 21 20 20 20 20 20 20 20 21 21 21 21 21 21 22 22 22 23 23 23 23 23 23 24 25 25 25 25
33 33 33 33 33 33 33 32 32 32 32 32 32 32 32 31 31 31 31 31 31 31 31 30 30 30 30 30 30 30 29 29 29 30 29 29 29 29 29 29 28 27 28 29 28 28 27 27 27 26 26 25 26 26 25 25 25 24 23 23 23 22 21 20 20 20 20 20 20 20 19 19 19 19 19 19 19 20 20 20 20 21 21 21 21 22 22 22 22 22 23 23 24 24 24 24
33 33 33 33 32 32 32 32 32 32 32 32 31 31 31 31 31 31 31 30 30 30 30 30 30 30 29 29 29 29 29 29 28 29 29 29 29 29 28 28 29 28 28 28 28 27 27 27 26 25 25 25 25 25 24 24 24 23 22 22 22 22 21 20 19 19 19 19 19 19 19 19 18 18 18 18 18 18 18 20 19 19 19 20 21 20 21 21 21 22 23 22 23 23 23 24
32 32 32 32 32 32 32 32 31 31 31 31 31 31 31 31 30 30 30 30 30 30 30 29 29 29 29 29 29 29 28 28 28 28 29 29 29 28 28 28 29 27 27 27 27 27 27 26 26 25 25 24 24 24 24 23 23 22 22 22 21 21 20 20 19 20 18 18 18 18 18 18 18 18 18 18 18 18 18 19 18 19 18 19 19 20 20 20 21 21 21 22 22 22 23 23
32 32 32 32 32 31 31 31 31 31 31 31 31 30 30 30 30 30 30 30 29 29 29 29 29 29 29 28 28 28 28 28 27 27 28 28 29 28 28 28 28 28 28 27 27 26 26 25 25 24 24 24 24 24 24 23 22 22 21 21 21 20 19 19 18 18 17 18 18 18 18 17 17 17 17 17 17 17 17 18 18 18 19 18 18 19 19 19 20 20 20 21 22 22 22 22
32 32 31 31 31 31 31 31 31 31 30 30 30 30 30 30 30 29 29 29 29 29 29 29 28 28 28 28 28 28 27 28 27 27 27 27 28 28 27 27 28 28 27 26 26 26 26 25 25 24 24 23 24 23 23 22 21 21 21 21 20 20 19 18 17 17 17 17 17 17 17 17 17 17 17 17 17 16 17 17 17 18 18 18 18 18 19 20 19 19 20 20 21 21 22 22
31 31 31 31 31 31 30 30 30 30 30 30 30 30 29 29 29 29 29 29 29 28 28 28 28 28 28 27 27 27 27 27 26 27 27 26 27 28 27 27 27 27 27 26 26 25 25 25 24 23 23 23 23 23 22 21 21 21 20 20 18 18 18 17 17 16 17 16 16 17 16 16 16 16 15 16 16 16 15 17 17 17 17 18 18 18 19 19 18 18 19 20 21 21 21 21
31 31 31 30 30 30 30 30 30 30 30 29 29 29 29 29 29 29 28 28 28 28 28 28 27 27 27 27 27 27 27 27 27 27 26 26 26 26 27 26 26 26 26 26 25 25 25 25 23 23 23 22 23 22 21 21 20 20 19 18 17 17 17 16 16 16 16 16 16 16 16 15 15 15 15 15 15 15 16 16 16 16 16 16 17 18 18 18 17 18 19 20 20 21 21 21
31 30 30 30 30 30 30 30 29 29 29 29 29 29 29 28 28 28 28 28 28 28 27 27 27 27 28 26 26 27 27 26 27 26 27 27 26 26 26 26 26 26 26 25 25 25 24 24 23 23 22 22 22 22 21 20 20 19 18 17 18 16 16 15 15 15 15 16 15 15 15 15 15 15 15 15 15 15 16 16 15 16 16 16 17 17 17 17 17 17 18 19 20 20 20 20
30 30 30 30 30 29 29 29 29 29 29 29 28 28 28 28 28 28 28 27 27 27 27 27 27 27 26 27 27 27 26 26 26 26 26 27 27 26 25 25 25 25 25 25 24 24 23 23 22 22 22 22 21 21 21 20 19 19 18 17 18 16 14 15 14 14 15 15 15 14 14 14 14 14 14 14 14 15 15 15 14 15 15 15 16 15 16 16 16 17 18 18 19 19 20 20
30 30 29 29 29 29 29 29 29 28 28 28 28 28 28 28 27 27 27 27 27 27 26 26 26 26 26 26 26 27 27 26 26 25 25 26 27 26 25 26 25 25 25 25 24 24 23 23 22 22 21 21 21 21 20 20 19 18 17 16 16 16 14 14 14 14 14 14 14 14 14 14 14 14 14 15 14 15 14 14 14 14 14 14 14 15 15 16 16 17 17 18 18 18 19 20
29 29 29 29 29 29 28 28 28 28 28 28 28 27 27 27 27 27 27 27 26 26 26 26 26 26 26 26 26 26 26 26 25 25 25 25 26 26 25 25 25 25 24 24 24 23 23 22 22 22 21 21 21 20 20 20 18 17 16 15 15 14 14 14 13 13 13 13 13 13 14 13 13 14 14 14 14 14 13 14 14 14 14 14 14 14 15 15 16 16 16 17 17 17 18 19
29 29 29 29 28 28 28 28 28 28 28 27 27 27 27 27 27 26 26 26 26 26 26 25 25 25 26 26 26 25 25 25 25 25 25 24 25 25 25 25 25 25 24 24 23 23 22 22 21 21 21 21 20 19 19 19 18 17 17 16 14 15 14 13 13 14 14 14 13 13 13 13 13 13 14 15 15 14 13 14 14 13 13 13 14 14 14 15 16 16 16 17 18 17 18 18
29 28 28 28 28 28 28 28 27 27 27 27 27 27 27 26 26 26 26 26 26 25 25 25 25 25 26 26 25 25 25 26 25 26 26 25 24 24 25 25 25 25 24 23 23 22 22 22 21 21 21 20 20 19 18 18 17 17 17 15 14 15 14 13 13 13 14 13 13 13 13 13 13 13 14 13 14 14 13 14 13 13 12 13 14 14 15 15 15 15 16 17 17 17 17 18
28 28 28 28 28 27 27 27 27 27 27 27 26 26 26 26 26 26 26 25 25 25 25 25 25 24 25 25 25 25 25 26 25 25 26 25 25 24 24 25 25 24 24 23 22 22 22 21 21 20 20 20 19 18 18 17 17 17 16 15 14 14 15 14 13 13 13 12 13 12 12 12 13 12 12 13 13 13 13 13 13 13 12 13 14 14 15 14 15 16 17 17 17 17 17 18
