Data/bom_data/etaadec.txt
ncols         417
nrows         337
xllcorner     112.15
yllcorner     -43.8
cellsize      0.1
NODATA_value  -9999
[rows 168 to 223 of 337, columns 288 to 383 of 417]
20 21 21 20 20 20 21 19 18 17 18 20 23 21 21 23 24 26 25 25 26 27 27 28 29 30 32 33 34 33 34 33 33 33 34 35 37 38 38 39 39 39 42 42 41 40 41 41 41 41 42 43 43 44 45 45 46 47 47 48 49 49 50 51 52 53 54 55 56 56 57 59 60 62 63 63 65 66 67 67 68 69 70 71 72 72 73 73 74 74 74 75 76 76 76 76
20 21 21 20 20 20 21 20 18 17 17 19 20 21 22 23 24 25 25 25 25 26 28 28 29 31 31 33 34 34 33 33 33 33 34 35 37 38 37 37 38 39 41 40 40 39 40 42 40 41 41 42 42 43 44 45 45 46 46 47 48 49 49 50 51 52 53 54 55 55 56 58 59 60 62 63 63 65 65 66 67 69 70 71 71 71 72 73 73 73 74 74 75 75 75 75
22 22 21 21 21 20 20 20 18 17 17 18 20 23 23 24 24 24 25 25 25 26 27 29 30 31 31 32 34 34 33 32 32 33 34 36 36 36 37 37 37 38 39 38 40 41 41 41 41 42 41 41 42 42 43 43 44 44 45 46 47 48 48 49 50 51 52 53 54 55 56 57 58 59 61 61 62 63 64 65 67 68 70 70 70 71 72 72 73 73 73 74 74 74 75 75
24 23 23 23 21 20 19 20 19 18 18 18 19 22 23 23 23 23 24 25 24 25 27 29 30 31 31 31 32 32 32 32 32 33 34 36 36 36 36 37 37 37 38 38 40 40 39 40 40 41 41 40 41 41 42 43 43 44 44 45 46 47 48 48 49 50 51 52 53 54 55 56 57 58 59 60 61 62 63 65 67 68 69 69 69 70 71 72 73 73 73 74 74 74 75 75
24 24 23 22 20 19 19 19 19 18 18 18 19 21 23 23 22 22 23 23 24 25 27 29 30 32 31 30 31 31 31 31 32 33 34 36 37 37 36 36 37 37 36 38 39 40 39 39 39 40 40 41 40 41 41 42 42 43 43 44 45 46 47 47 48 49 50 51 52 53 54 55 56 57 59 59 60 61 62 64 65 66 68 69 69 70 71 72 72 73 73 73 74 74 75 75
22 21 21 20 19 19 18 19 19 18 18 19 20 22 22 23 22 22 22 23 24 25 27 29 29 31 31 30 30 30 30 31 32 33 34 36 36 37 37 37 38 37 36 37 40 39 39 38 38 39 39 40 41 40 40 41 41 42 43 43 45 45 46 46 47 49 49 50 51 52 53 55 56 57 58 59 60 61 62 63 64 65 67 67 68 69 70 71 71 72 72 73 73 74 74 75
21 20 20 19 19 19 18 18 18 18 18 19 21 22 21 22 22 21 22 23 24 25 27 28 28 30 30 29 29 30 30 30 31 32 33 35 35 37 37 36 36 36 35 38 39 38 39 38 37 38 39 39 40 41 40 40 41 41 42 43 44 44 45 46 46 47 48 49 50 52 53 54 55 56 57 58 59 60 61 62 63 64 66 66 67 68 68 69 70 70 71 71 72 73 73 74
20 20 20 20 19 19 19 18 18 18 18 19 19 20 21 22 22 21 22 23 24 26 27 27 27 28 28 29 29 29 29 30 31 32 33 34 35 36 37 36 35 35 35 38 37 37 37 37 37 37 38 38 39 40 41 39 40 41 41 42 43 44 44 45 46 46 48 49 50 51 52 53 54 55 56 57 58 59 60 61 63 64 64 65 65 66 67 68 68 69 70 70 71 72 72 73
21 22 22 21 20 19 19 19 18 18 18 19 19 19 21 22 21 21 22 23 25 27 27 27 26 26 27 28 28 28 29 30 30 31 32 34 34 35 36 36 36 34 35 37 37 36 36 36 36 36 37 38 38 39 40 41 39 40 40 41 42 43 43 44 45 46 47 48 49 50 51 52 53 55 56 57 58 59 60 60 62 62 63 63 64 65 66 66 67 68 69 69 70 71 71 72
22 23 23 22 21 20 19 19 19 18 19 19 19 20 20 21 22 23 23 23 25 27 28 27 25 25 26 27 27 28 29 29 30 30 31 33 34 34 35 35 35 34 35 37 37 36 35 35 36 36 37 37 38 38 39 40 39 39 40 41 41 42 42 43 44 45 46 47 48 49 50 51 53 54 55 56 57 58 59 60 60 61 62 63 63 64 65 66 67 67 68 68 69 70 71 72
22 22 22 22 22 21 19 19 19 19 19 19 19 20 20 21 22 24 25 24 26 27 27 26 25 25 26 26 27 28 29 29 29 30 31 33 35 34 34 35 34 34 35 36 35 35 35 35 35 36 36 36 37 37 38 39 40 38 39 40 40 41 42 42 43 44 45 46 47 48 50 51 52 53 54 55 56 57 58 59 59 60 61 62 63 64 64 65 66 66 67 67 68 69 70 71
21 22 22 22 22 21 19 19 19 19 19 20 21 21 21 21 23 25 27 25 25 26 26 25 24 25 27 27 27 28 29 29 29 30 31 33 34 33 33 34 33 33 35 34 34 34 34 35 35 35 36 36 36 37 38 38 39 38 38 39 39 40 41 41 42 43 44 45 47 48 49 50 51 52 53 55 56 56 57 58 59 60 60 61 62 63 63 64 65 65 66 66 67 68 69 69
21 21 22 22 22 21 20 19 19 19 20 21 23 23 23 22 24 25 25 24 24 24 23 23 24 26 28 27 27 28 30 30 29 30 32 34 34 33 32 33 33 33 33 34 34 34 34 34 35 35 35 36 36 36 37 38 39 40 37 38 39 39 40 41 42 42 44 45 46 47 48 49 51 52 53 54 55 56 57 57 58 59 60 61 62 62 62 63 63 64 65 65 66 67 68 68
20 21 21 22 21 21 20 19 19 19 20 22 24 26 24 22 22 23 23 23 23 22 22 23 25 27 28 27 28 29 30 30 29 30 32 34 35 33 32 32 33 33 33 33 34 34 34 34 34 34 35 35 35 36 36 37 38 39 37 37 38 38 39 40 41 42 43 44 45 46 47 49 50 51 52 53 55 55 56 57 58 59 59 60 61 61 61 62 62 63 64 64 65 66 67 68
19 20 21 21 21 21 21 20 19 20 21 24 26 26 23 21 21 21 21 22 22 22 22 24 26 26 27 28 29 29 30 29 29 29 31 33 34 32 31 31 32 32 32 34 34 34 33 33 34 34 34 35 35 36 36 37 38 39 36 37 37 38 38 39 40 41 42 43 44 45 47 48 49 51 52 53 54 55 56 56 57 58 59 59 59 60 60 61 62 62 63 64 64 65 66 67
19 20 20 21 20 21 21 20 20 20 22 24 26 26 22 20 20 20 21 21 21 22 23 24 25 25 27 29 29 29 29 29 28 29 31 32 31 31 31 31 31 31 32 33 33 33 33 33 33 34 34 34 35 35 36 37 38 35 35 36 36 37 38 38 39 40 41 42 43 45 46 47 49 50 51 53 53 54 55 56 57 58 58 58 59 59 60 60 61 62 62 63 64 65 65 67
19 19 19 20 19 20 21 20 20 20 22 24 24 23 21 20 20 20 21 21 21 22 23 24 24 25 28 29 28 28 29 29 28 29 30 31 30 30 30 31 31 31 31 32 33 32 32 32 33 33 34 34 35 35 36 37 38 35 35 35 36 36 37 37 38 39 40 41 43 44 46 47 48 50 51 52 53 54 55 56 56 57 57 58 58 59 59 60 60 61 62 63 63 64 65 66
18 19 19 19 19 19 20 20 20 21 22 23 21 20 20 20 20 20 21 21 21 21 22 23 23 25 26 27 27 27 29 29 27 28 29 30 29 29 30 30 30 30 31 32 33 32 32 32 32 33 33 34 34 35 36 37 34 34 34 35 35 36 36 37 37 38 39 41 42 44 45 47 48 49 51 52 53 54 55 55 56 56 57 57 58 58 59 59 60 60 61 62 63 64 65 66
17 18 18 18 18 19 20 21 22 21 23 22 20 20 20 20 20 20 20 21 20 21 21 22 23 24 25 26 26 27 29 28 27 27 28 29 28 29 29 29 30 30 31 32 32 31 31 31 32 32 33 34 34 35 36 37 34 34 34 34 35 35 35 36 37 38 39 40 42 43 45 46 48 49 50 52 53 54 55 55 56 56 57 57 57 58 58 59 59 60 61 62 63 64 65 66
17 17 17 18 18 19 21 22 22 22 24 21 20 20 20 20 20 20 20 20 20 21 21 22 22 23 25 26 26 27 29 29 28 27 27 28 28 28 29 29 30 31 31 31 32 31 30 31 31 32 32 33 34 35 36 33 33 34 34 34 34 35 35 35 36 37 38 39 41 43 44 46 48 49 50 52 53 54 55 55 56 56 56 57 57 57 58 58 59 60 61 62 63 64 65 67
17 17 17 18 18 20 22 24 23 23 24 21 20 20 20 20 20 20 20 20 20 21 21 22 22 24 25 26 25 27 28 28 27 27 27 28 29 29 29 29 30 31 31 30 30 30 30 30 31 31 32 33 34 35 36 33 33 33 34 34 34 34 34 35 35 36 37 39 41 43 44 46 47 49 51 52 53 54 55 55 56 56 56 57 57 57 57 58 59 59 60 61 63 64 65 67
17 17 17 18 19 20 22 24 25 23 22 22 21 20 20 20 20 20 20 21 21 21 21 22 23 24 24 25 25 26 27 27 27 26 27 27 28 28 28 29 29 29 29 29 29 29 30 30 30 31 32 33 34 35 36 33 33 33 34 34 34 34 34 34 34 35 37 39 40 42 44 46 47 49 51 52 53 54 55 56 56 56 57 57 57 57 57 58 58 59 60 61 63 64 66 67
17 17 17 18 19 20 22 24 24 23 23 24 23 21 20 20 20 20 20 20 21 21 21 22 23 24 24 24 25 26 27 27 27 26 26 26 27 27 27 28 28 28 28 29 29 29 29 30 30 31 32 33 34 35 32 33 33 33 34 34 34 34 34 34 34 35 37 38 40 42 44 46 48 49 51 53 54 55 56 56 56 57 57 57 57 57 57 57 58 59 60 62 64 66 66 67
17 17 17 18 19 21 23 23 23 23 23 23 23 22 21 20 20 20 20 20 21 21 21 22 22 23 24 24 26 26 27 27 27 26 26 26 27 27 28 28 28 28 28 28 29 29 29 30 30 31 32 33 34 35 32 33 33 34 34 34 34 35 35 35 35 36 37 39 40 42 44 46 48 50 51 53 55 55 56 57 57 57 57 57 57 57 57 57 58 59 61 63 65 66 68 68
17 18 18 18 20 21 23 23 23 24 24 23 23 22 21 21 20 20 20 20 21 21 21 22 22 23 24 25 26 27 27 27 26 26 26 26 26 27 28 28 28 28 29 29 29 29 29 29 30 31 32 34 31 35 32 33 33 34 34 35 35 35 35 35 36 36 38 39 40 42 44 46 48 50 52 54 55 56 57 57 57 57 58 58 58 58 58 58 58 59 62 64 66 68 69 70
18 18 18 19 20 21 22 23 25 25 25 24 23 22 22 21 20 20 20 20 21 21 22 22 23 24 25 25 26 26 26 26 26 25 25 26 26 26 28 28 28 29 29 28 28 29 29 30 31 32 32 30 31 34 35 33 34 34 35 35 35 36 36 36 36 37 38 39 40 42 44 45 48 50 52 54 56 57 57 57 58 58 58 58 59 59 59 59 59 61 64 67 69 71 72 71
18 18 19 19 20 21 22 24 24 24 26 26 23 22 21 21 20 20 20 20 21 21 22 23 23 24 25 26 26 26 26 25 25 25 25 26 26 26 27 28 28 28 28 28 28 29 29 30 31 32 32 33 34 32 32 33 34 35 35 36 36 36 36 37 37 38 38 39 40 42 43 45 47 50 52 54 56 57 57 58 58 59 59 59 60 60 60 61 62 64 67 70 74 76 77 77
19 19 19 20 20 21 22 23 23 23 24 23 22 21 20 20 20 20 20 21 21 22 23 23 23 24 25 25 25 25 25 24 24 25 25 25 26 27 28 27 27 27 28 28 28 29 30 30 31 32 32 30 31 32 32 33 34 35 36 37 37 37 37 37 37 38 39 40 40 41 43 45 47 49 51 53 55 56 57 58 59 59 60 60 61 61 62 63 65 67 71 74 78 80 84 85
19 19 20 21 22 22 22 23 23 22 21 21 20 20 20 20 20 20 20 21 22 22 23 24 23 24 25 25 24 24 24 24 24 25 25 26 26 27 27 27 27 27 28 28 28 29 30 29 30 31 32 29 30 32 33 34 35 36 37 37 38 38 37 37 38 38 39 39 40 41 42 44 46 48 50 53 54 56 57 58 59 60 60 61 62 63 64 66 68 71 74 78 81 85 86 94
20 20 20 21 21 23 23 22 22 21 20 20 20 20 20 20 20 20 21 21 22 23 23 24 24 25 25 24 24 24 24 24 24 25 25 26 26 26 27 27 27 28 28 28 28 29 29 29 29 30 28 29 30 31 33 34 35 37 38 38 38 38 38 38 38 38 38 39 40 41 42 43 45 47 50 52 54 55 57 58 59 60 61 62 63 65 66 68 71 74 77 81 83 88 92 89
20 20 20 21 21 23 23 21 21 20 20 20 20 20 20 20 20 20 21 22 22 23 24 24 25 25 25 24 24 24 24 24 24 25 25 26 26 26 27 27 28 28 28 28 29 29 29 29 29 30 28 29 30 32 33 34 35 37 38 39 38 38 38 38 38 38 38 39 39 40 41 42 44 47 49 51 53 55 57 58 60 61 62 63 65 66 68 70 72 76 80 82 86 88 93 86
21 21 21 21 21 22 24 21 20 19 20 19 20 20 20 20 20 21 21 22 23 23 24 24 24 25 25 24 23 23 24 24 24 25 25 26 26 27 27 28 28 29 29 29 29 29 29 29 29 29 28 29 31 32 33 34 35 36 37 38 38 38 38 38 38 38 38 39 39 40 41 42 44 46 48 51 53 55 57 58 60 61 63 64 66 67 69 71 74 77 81 82 85 87 90 91
22 21 21 21 20 21 23 21 20 19 19 20 20 20 20 20 20 21 22 24 23 23 23 23 24 24 25 23 23 23 23 24 24 25 26 26 27 27 28 28 29 30 29 29 29 29 29 29 30 30 31 30 32 32 33 34 35 36 37 37 38 38 38 38 38 38 38 38 39 40 41 42 44 46 48 50 52 55 57 59 60 62 64 65 67 68 70 72 75 78 81 82 83 86 87 87
22 21 21 20 20 20 21 21 20 20 20 20 20 20 20 21 21 21 22 22 22 23 23 24 24 24 24 23 22 22 23 24 25 26 26 27 27 28 28 29 30 30 29 29 29 29 30 30 30 31 31 30 31 32 34 35 35 36 37 37 37 37 37 37 37 38 38 38 39 40 41 42 44 46 48 50 52 55 57 59 61 63 64 66 68 69 71 73 75 78 81 83 83 84 86 87
21 20 20 20 20 19 19 20 21 21 21 21 22 22 21 21 22 22 21 22 23 24 24 24 24 23 22 21 22 22 23 24 25 26 27 27 28 29 29 31 30 30 30 30 30 30 30 31 31 32 32 33 32 33 34 35 36 36 36 36 37 37 37 37 37 37 38 38 39 39 41 42 43 45 47 50 52 55 57 59 62 64 65 67 69 70 72 74 76 77 80 83 84 84 85 85
20 20 20 20 19 19 20 20 21 21 22 22 24 24 22 22 23 22 22 22 23 24 25 24 23 22 21 21 22 23 24 25 26 27 27 28 29 30 31 31 30 30 30 30 31 31 32 33 32 33 33 33 33 33 34 35 36 36 36 36 36 36 36 37 37 37 37 38 38 39 40 42 43 45 47 50 52 55 58 60 62 65 66 68 70 71 73 75 77 77 80 82 84 84 84 83
20 20 20 19 20 20 21 20 20 21 22 23 24 26 24 24 24 24 23 23 23 24 25 24 23 22 21 21 22 23 24 25 26 27 28 30 30 30 30 30 30 31 31 32 32 33 35 35 34 33 34 34 33 34 34 35 35 35 35 36 36 36 36 36 36 37 37 37 38 39 40 41 43 45 47 49 52 55 58 61 63 65 67 69 71 72 73 75 77 77 78 80 82 83 83 83
20 20 20 20 20 21 22 21 21 21 22 23 24 25 25 25 25 25 24 23 24 26 26 25 25 23 22 22 23 24 25 26 27 28 29 30 30 30 31 31 32 33 32 33 34 35 35 35 35 35 35 35 34 34 34 35 35 36 35 35 36 36 36 36 36 36 37 37 38 38 40 41 42 44 46 49 52 55 59 62 64 66 69 70 72 72 74 75 77 77 76 77 80 82 82 82
19 19 20 20 21 21 24 23 21 21 22 23 25 26 26 26 27 26 25 24 24 25 26 24 24 24 23 23 24 25 26 27 28 29 30 30 31 31 32 32 35 36 34 34 35 36 38 37 36 37 37 36 36 35 35 35 36 36 35 35 35 35 35 36 36 36 36 37 37 38 39 40 42 44 46 49 52 55 59 62 65 68 70 72 72 73 74 76 76 76 76 74 77 81 76 75
19 19 20 20 22 23 26 25 22 21 22 24 27 25 25 28 29 27 26 25 24 25 24 24 24 24 24 25 27 26 27 27 28 30 31 31 31 32 33 33 36 37 36 36 37 38 39 37 37 37 36 36 37 35 35 35 35 36 36 35 35 35 35 35 35 35 36 36 37 38 39 40 41 43 45 48 52 56 60 63 66 69 71 72 72 73 74 74 74 76 77 75 75 78 78 74
19 19 20 20 23 24 27 26 22 21 22 23 25 25 27 29 31 27 26 25 24 25 24 24 24 24 26 28 29 29 30 29 29 30 31 32 32 33 34 35 37 39 39 38 39 41 40 39 39 37 37 37 37 36 35 36 36 36 36 36 35 35 35 35 35 35 35 36 36 37 38 39 41 42 44 48 51 55 61 63 67 69 71 72 72 73 74 74 74 75 77 78 77 77 77 77
19 19 20 20 24 25 25 24 22 22 22 23 25 26 29 30 30 27 26 25 24 24 24 24 25 25 26 27 28 29 30 30 30 31 32 32 33 34 35 36 38 42 40 43 41 42 42 40 40 40 38 38 37 36 36 36 36 36 36 35 35 35 35 35 35 35 35 35 36 37 38 39 41 42 45 48 51 55 60 65 67 69 70 71 72 73 73 73 74 74 75 76 77 76 75 75
18 19 20 20 24 25 24 24 23 22 22 23 26 29 30 29 29 29 28 25 25 25 25 25 26 26 27 27 28 28 29 30 31 31 32 33 34 35 36 37 39 43 41 42 44 44 44 43 42 40 39 38 37 37 36 36 36 36 36 35 35 35 34 34 34 34 34 35 35 36 38 39 41 43 45 48 51 55 59 64 68 69 69 70 71 73 73 74 73 72 73 73 74 74 73 73
18 18 20 20 23 26 25 24 24 22 22 22 25 30 30 27 28 31 29 26 25 25 26 26 27 27 28 28 28 29 30 30 31 32 33 33 34 35 36 38 40 44 42 42 45 45 45 46 42 41 38 38 37 37 37 37 36 36 36 35 35 35 34 34 34 34 34 34 35 36 37 39 41 43 45 48 51 54 59 65 69 67 68 68 70 71 72 72 71 72 72 73 72 72 71 70
18 18 19 20 24 28 26 25 25 23 22 22 24 29 30 29 26 27 28 25 26 26 26 29 29 28 28 29 29 30 30 31 31 32 33 34 35 36 37 40 44 44 43 46 45 45 47 49 43 41 39 39 38 37 37 37 36 36 36 35 35 35 34 34 34 33 33 33 34 35 37 39 41 43 45 48 51 54 58 62 65 67 67 67 69 70 71 70 70 70 72 71 71 70 70 69
18 18 18 20 25 28 27 25 24 24 23 21 22 25 26 29 26 26 26 25 26 26 27 29 29 29 29 29 30 30 31 32 33 32 33 35 37 37 38 40 43 45 47 46 45 46 48 50 50 40 39 39 39 38 38 37 36 36 35 35 35 35 34 34 33 33 33 33 33 35 36 39 41 43 46 48 51 54 57 60 63 65 66 66 67 68 70 71 72 69 72 71 69 70 69 68
18 18 19 22 26 28 27 26 24 24 23 22 22 22 25 28 26 26 26 26 26 27 28 28 29 29 30 30 31 31 31 32 32 32 33 35 37 39 40 39 41 44 45 44 44 45 47 48 48 43 41 40 39 39 39 37 36 36 36 35 35 35 34 34 33 32 32 32 33 34 36 38 41 43 46 48 51 54 56 60 62 63 65 64 67 68 67 70 77 77 76 75 72 70 69 69
19 19 21 27 28 29 26 25 24 24 23 22 22 23 24 26 26 26 26 26 26 27 28 28 29 30 31 33 34 32 32 31 32 33 33 35 39 41 40 40 40 41 43 43 43 43 45 45 45 43 41 41 40 40 38 37 37 36 36 35 35 34 34 33 33 32 31 31 32 34 36 39 41 44 46 49 51 53 56 59 60 61 63 65 66 68 70 71 75 78 80 78 75 73 73 73
19 20 25 29 28 27 27 25 24 23 23 22 22 24 26 25 27 28 26 26 26 27 27 28 30 30 32 34 35 33 32 32 33 34 34 36 40 40 39 38 39 40 40 41 43 43 44 44 43 43 42 41 40 40 39 38 37 36 35 35 34 34 34 33 33 32 31 31 31 34 37 39 42 44 47 50 52 54 55 57 59 61 63 65 68 70 70 68 72 75 78 79 79 78 74 80
20 21 25 28 28 26 27 25 23 23 23 22 24 26 26 24 25 26 25 25 26 27 28 29 30 30 32 33 34 32 31 32 34 35 35 38 40 40 38 38 39 40 40 41 44 45 45 44 44 42 42 41 40 41 39 39 37 36 36 35 34 34 34 33 33 32 32 32 33 36 38 40 43 45 47 50 52 54 56 58 60 62 64 65 65 66 66 69 69 73 74 75 73 71 75 74
21 24 26 27 27 27 26 24 23 23 23 23 25 26 24 23 24 24 25 25 26 27 28 29 30 31 32 32 32 32 32 32 34 36 36 37 37 37 37 38 39 39 39 40 42 42 45 43 43 42 41 41 40 41 39 38 37 36 36 36 35 34 34 33 33 33 33 34 35 37 40 42 44 47 48 50 53 54 56 58 59 61 63 64 67 67 68 67 67 70 74 69 69 69 72 72
23 25 26 25 26 26 25 24 24 23 23 23 25 24 23 23 24 24 25 25 26 27 28 29 30 31 31 31 31 31 31 32 33 34 35 35 35 35 37 38 38 38 37 38 40 42 44 43 41 40 41 42 40 40 39 38 37 37 36 36 35 34 34 34 34 34 34 36 37 39 41 43 45 48 49 51 53 54 56 57 59 62 64 66 69 68 70 69 66 68 62 63 66 66 68 71
24 26 25 24 24 24 23 23 23 23 23 24 24 24 24 24 24 25 25 26 27 27 28 29 29 30 30 31 31 31 31 31 32 33 35 34 34 35 37 37 37 36 37 38 38 40 41 42 41 39 40 40 39 40 40 39 38 37 37 36 35 35 34 35 35 35 36 37 39 41 43 45 47 49 52 53 54 55 56 58 60 64 66 70 71 73 72 71 67 67 61 60 61 63 67 68
25 25 25 24 23 23 23 22 23 23 23 23 24 24 25 25 25 25 26 26 27 27 28 28 29 30 30 30 30 30 30 30 31 32 33 33 33 34 35 36 36 36 36 37 38 39 41 41 40 41 41 40 39 40 40 39 38 37 37 36 36 35 35 35 36 36 37 38 40 42 45 47 49 52 54 54 55 56 56 58 60 64 67 70 73 75 76 74 70 68 62 60 60 62 66 66
24 24 24 23 23 23 22 22 22 23 23 24 24 25 26 26 26 26 26 26 27 27 28 28 29 29 29 29 29 29 29 30 30 31 32 32 33 33 34 35 36 36 36 37 37 38 39 40 40 40 39 39 39 40 39 38 38 37 39 37 37 36 36 36 37 37 38 39 42 44 46 49 52 54 56 56 56 56 56 57 59 66 67 71 76 76 79 79 76 72 67 65 64 63 67 70
23 23 23 22 22 22 22 22 22 23 23 24 24 25 26 26 26 26 26 27 27 27 28 28 28 29 29 28 30 30 29 29 29 30 31 32 32 33 33 34 35 36 35 36 37 39 40 39 40 39 39 38 39 39 40 38 37 38 37 37 37 37 37 37 38 38 38 41 43 46 48 51 54 57 58 58 59 57 58 57 58 66 68 74 76 79 81 80 79 77 75 72 74 69 68 71
