Data/bom_data/etaadec.txt
ncols         417
nrows         337
xllcorner     112.15
yllcorner     -43.8
cellsize      0.1
NODATA_value  -9999
[rows 224 to 279 of 337, columns 192 to 287 of 417]
19 19 19 19 19 18 18 18 18 18 18 17 17 17 17 17 17 17 18 18 17 17 16 16 17 16 16 16 17 20 20 19 19 19 18 18 17 15 16 17 17 18 19 18 18 16 17 18 19 21 21 20 18 17 18 18 19 19 17 16 16 21 22 15 15 22 28 29 23 22 26 27 23 20 19 19 19 21 23 26 27 27 26 26 31 28 29 26 25 24 23 22 21 21 21 22
20 20 20 20 20 19 19 19 19 19 19 18 18 18 18 18 18 18 18 18 18 18 17 17 17 17 17 18 18 21 21 20 20 20 19 19 18 17 16 16 16 18 19 18 17 17 20 20 20 22 23 21 19 19 18 19 19 19 17 17 17 19 26 20 15 21 30 33 27 25 26 28 23 22 23 21 20 22 23 25 25 26 25 26 27 25 26 25 24 23 22 21 20 20 20 21
21 21 21 21 21 20 20 20 20 20 20 20 19 19 19 19 19 19 19 19 19 18 18 18 18 18 18 21 21 22 22 22 21 21 21 20 20 19 18 16 17 18 20 19 18 19 22 21 21 23 25 22 20 19 18 19 18 18 16 18 20 18 24 22 15 22 26 35 28 28 29 31 26 24 26 23 23 25 25 24 24 25 25 25 24 25 24 24 24 22 21 21 20 20 20 21
23 22 22 22 22 21 21 21 21 21 21 21 21 20 20 20 20 20 20 20 20 19 19 19 19 19 19 21 22 22 22 22 22 23 22 21 20 20 19 18 19 19 19 20 20 20 23 24 24 25 26 23 20 19 20 19 19 19 17 17 19 18 17 22 15 19 23 31 31 30 28 32 27 23 25 25 25 26 26 24 24 26 27 26 24 24 23 23 22 21 21 20 20 20 20 20
24 23 23 23 23 23 22 22 22 22 22 22 22 22 21 21 21 21 21 21 21 21 20 20 20 20 20 21 22 23 24 23 24 24 23 22 21 20 19 20 20 20 20 20 21 21 23 24 26 26 25 23 21 20 21 20 19 21 18 17 17 18 15 16 15 18 23 31 31 29 30 31 29 24 25 26 25 26 27 25 24 28 29 26 23 22 22 21 21 21 20 20 20 20 21 21
25 25 24 24 24 24 24 23 23 23 23 23 23 23 23 22 22 22 22 22 22 22 21 21 21 21 21 21 22 25 22 23 24 24 23 22 22 22 21 20 20 20 20 20 21 22 22 24 26 27 25 24 21 22 21 20 19 23 20 19 17 15 13 14 15 19 25 30 34 30 31 31 31 30 29 26 25 25 25 24 24 27 26 23 22 22 22 21 21 21 20 20 20 20 21 21
26 26 25 25 25 25 25 25 24 24 24 24 24 24 24 24 23 23 23 23 23 23 23 22 22 22 22 21 22 23 23 23 23 23 24 23 23 24 23 21 21 21 21 20 23 23 23 26 26 27 27 27 24 23 22 21 22 23 20 20 15 13 13 14 18 21 25 27 32 31 33 35 33 36 33 27 24 23 22 20 21 23 23 22 22 22 22 22 21 21 21 21 21 21 21 21
27 27 27 26 26 26 26 26 26 25 25 25 25 25 25 25 25 24 24 24 24 24 24 24 23 23 23 23 22 22 22 22 22 23 25 25 25 25 24 23 22 22 22 21 23 23 24 27 27 28 29 30 28 27 24 22 23 23 20 20 14 13 14 15 18 24 26 27 30 33 36 38 36 39 36 33 26 22 21 18 19 20 21 21 21 22 22 22 22 21 21 21 21 21 21 21
23 23 23 23 23 23 23 23 23 23 23 23 23 23 24 24 24 24 25 25 25 25 25 25 25 24 24 24 24 23 23 23 22 23 24 27 27 27 25 24 24 24 23 23 23 24 25 28 28 30 32 33 32 28 26 23 22 22 20 16 13 13 14 14 17 22 25 28 29 33 39 38 39 41 40 40 31 22 19 18 17 18 19 20 21 22 22 22 22 21 21 21 21 21 21 21
24 24 24 24 24 24 24 24 24 24 24 24 24 24 24 25 25 25 25 25 25 25 25 26 26 26 25 25 25 25 25 24 24 24 25 29 28 27 26 26 25 25 25 25 25 26 26 29 30 32 35 33 31 28 27 24 21 21 19 15 13 13 14 14 15 20 23 30 28 32 36 39 40 42 43 43 33 22 18 17 17 17 18 19 21 22 23 22 22 21 21 21 21 21 21 21
25 25 25 25 25 25 25 25 25 25 25 25 25 25 25 26 26 26 26 26 26 26 26 26 27 27 27 27 26 26 26 27 26 25 26 29 28 28 28 28 27 26 27 27 27 26 27 28 30 33 35 35 33 31 28 22 19 19 16 14 14 14 14 15 16 19 22 29 28 30 37 42 42 43 44 43 32 22 19 17 17 17 18 19 20 22 23 22 21 21 20 21 21 21 21 21
26 26 26 26 26 26 26 26 26 26 26 26 26 26 26 26 27 27 27 27 27 27 27 27 27 27 28 28 28 28 28 28 27 27 27 27 27 29 29 29 27 27 27 27 27 27 28 28 28 30 33 32 32 29 24 18 17 17 15 14 14 14 15 16 19 21 23 30 25 26 36 47 49 47 44 42 31 22 19 17 17 17 18 19 20 21 21 21 20 20 20 21 21 21 21 21
27 27 27 27 27 27 27 27 27 27 27 27 27 27 27 27 27 28 28 28 28 28 28 28 28 28 28 29 29 29 29 29 28 28 28 28 28 28 30 29 28 28 28 28 28 28 28 29 27 27 29 27 26 23 20 17 15 15 15 15 14 14 16 19 21 22 24 31 23 23 33 48 56 53 47 42 31 23 19 18 18 18 18 19 19 19 19 19 19 19 19 20 20 20 21 21
28 28 28 28 28 28 28 28 28 28 28 28 28 28 28 28 28 29 29 29 29 29 29 29 29 29 29 29 29 30 30 30 29 29 29 28 28 29 29 30 29 29 29 28 29 29 29 31 28 26 26 23 21 18 16 16 15 15 15 15 15 15 19 20 21 22 27 31 25 24 30 44 56 53 49 43 33 25 20 19 19 19 20 20 19 18 17 17 18 18 19 19 19 20 20 20
29 29 29 29 29 29 29 29 29 29 29 29 29 29 29 29 29 29 30 30 30 30 30 30 30 30 30 30 30 30 31 31 30 30 30 29 29 28 30 32 32 31 30 30 30 29 30 31 27 25 22 20 17 17 16 16 16 16 16 16 16 19 22 22 23 25 30 22 26 25 28 37 45 47 48 45 35 26 21 19 19 20 21 22 20 17 16 16 17 18 18 19 19 19 19 20
29 29 29 29 29 29 30 30 30 30 30 30 30 30 30 30 30 30 31 31 31 31 31 31 31 31 31 31 31 31 31 32 31 31 31 31 30 29 30 34 34 33 32 32 32 31 31 30 26 24 19 17 17 17 17 17 17 17 16 16 16 21 24 26 28 28 23 16 22 24 26 34 42 43 46 43 35 26 21 19 19 20 22 23 21 18 16 16 16 17 18 18 19 19 20 21
30 30 30 30 30 30 30 31 31 31 31 31 31 31 31 31 31 31 31 32 32 32 32 32 32 32 32 32 32 32 32 33 33 32 32 32 31 31 31 32 34 34 34 34 35 34 32 29 26 21 18 18 18 17 17 17 17 17 17 17 18 24 28 31 30 25 18 14 20 22 24 31 37 37 43 38 35 28 21 18 18 20 21 23 22 18 16 16 16 16 17 18 18 19 20 20
31 31 31 31 31 31 31 31 32 32 32 32 32 32 32 32 32 32 32 33 33 33 33 33 33 33 33 33 33 33 33 34 34 34 33 33 33 32 32 33 36 37 36 35 38 38 33 26 23 19 18 18 18 18 18 18 18 17 17 17 18 26 34 35 30 23 13 13 19 22 24 28 31 33 36 35 36 34 23 18 18 20 19 22 22 19 17 17 17 16 16 17 18 19 19 19
32 32 32 32 32 32 32 32 32 33 33 33 33 33 33 33 33 33 33 34 34 34 34 34 34 34 34 34 34 34 35 35 35 35 35 35 34 34 34 34 38 37 37 38 38 36 33 26 21 20 19 19 19 18 18 18 18 18 18 18 19 28 34 34 28 18 14 14 16 22 24 26 29 33 35 38 36 39 25 19 18 19 18 20 21 20 18 18 17 17 17 17 18 19 18 18
33 33 33 33 33 33 33 33 33 33 34 34 34 34 34 34 34 34 34 34 35 35 35 35 35 35 35 35 35 35 36 36 36 36 36 36 36 36 35 37 38 38 39 41 39 36 30 26 22 21 20 20 19 19 19 19 18 18 18 19 20 28 34 34 28 17 15 15 17 20 25 27 29 30 32 41 47 43 29 20 19 18 17 19 19 19 19 18 18 18 18 18 18 19 18 18
34 34 34 34 34 34 34 34 34 34 35 35 35 35 35 35 35 35 35 35 36 36 36 36 36 36 36 36 36 36 37 37 37 37 37 37 37 37 37 37 37 39 41 41 41 35 29 26 24 24 22 21 20 20 19 19 19 18 18 19 19 27 33 33 28 18 17 17 18 20 22 28 30 39 44 56 57 46 34 22 20 18 16 18 19 19 19 19 19 19 19 19 19 19 19 18
35 35 35 35 35 35 35 35 35 35 36 36 36 36 36 36 36 36 36 36 37 37 37 37 37 37 37 37 37 37 38 38 38 38 38 38 38 38 38 38 38 41 42 42 42 37 31 27 26 25 23 22 21 20 20 19 19 19 18 18 19 27 33 33 28 20 19 19 19 20 23 31 33 58 64 66 64 53 34 23 21 18 17 18 19 19 19 20 20 20 20 19 20 19 19 19
36 36 36 36 36 36 36 36 36 36 36 37 37 37 37 37 37 37 37 37 38 38 38 38 38 38 38 38 38 39 39 39 39 39 39 39 39 39 39 39 39 39 43 42 43 41 33 29 27 25 24 23 22 21 21 20 20 19 19 19 20 28 32 32 25 21 20 21 21 22 23 34 40 67 70 70 65 48 32 23 21 19 18 19 19 19 20 21 21 21 21 21 20 20 19 19
37 37 37 37 37 37 37 37 37 37 37 38 38 38 38 38 38 38 38 38 39 39 39 39 39 39 39 39 39 40 40 40 40 40 40 40 40 40 40 40 40 40 40 40 40 42 34 32 28 27 25 24 23 22 21 21 23 23 23 22 23 28 31 31 24 22 22 23 24 24 26 37 62 73 74 71 61 44 27 23 23 22 20 21 21 21 21 21 22 22 22 22 21 21 20 20
38 38 38 38 38 38 38 38 38 38 38 39 39 39 39 39 39 39 39 39 40 40 40 40 40 40 40 40 40 41 41 41 41 41 41 41 41 41 41 41 41 41 41 40 38 39 35 34 30 28 26 25 24 23 22 23 28 29 29 27 26 28 30 27 23 23 24 25 26 27 29 49 72 74 74 70 54 38 25 24 25 25 23 23 22 22 22 22 22 23 23 23 23 22 22 21
39 39 39 39 39 39 39 39 39 39 39 40 40 40 40 40 40 40 40 40 41 41 41 41 41 41 41 41 41 42 42 42 42 42 42 42 42 42 42 42 42 41 40 39 37 36 34 33 31 29 28 26 25 24 24 27 30 32 31 29 25 26 30 27 24 24 26 27 28 29 33 55 70 72 71 60 45 36 28 25 26 27 25 25 23 23 23 23 24 24 24 24 24 23 23 22
40 40 40 40 40 40 40 40 40 40 40 41 41 41 41 41 41 41 41 41 42 42 42 42 42 42 42 42 42 43 43 43 43 43 43 43 43 43 43 43 43 42 41 40 38 36 35 33 31 30 31 29 27 26 26 30 29 29 27 25 23 24 26 25 25 26 27 29 30 32 37 61 70 67 60 45 37 34 29 27 27 28 26 26 26 25 25 25 25 26 25 25 25 25 24 24
41 41 41 41 41 41 41 41 41 41 41 42 42 42 42 42 42 42 42 42 43 43 43 43 43 43 43 43 44 44 44 44 44 44 44 44 44 44 44 44 44 43 42 40 39 37 36 34 32 31 31 30 29 28 29 30 28 28 26 25 24 24 24 25 26 27 29 31 32 34 54 75 69 58 47 41 34 32 27 28 28 28 26 26 26 27 28 27 27 27 26 26 26 26 25 25
42 42 42 42 42 42 42 42 42 42 42 42 43 43 43 43 43 43 43 43 44 44 44 44 44 44 44 44 45 45 45 45 45 45 45 45 45 45 45 45 45 44 43 42 40 38 36 35 34 33 32 32 31 30 30 30 29 29 28 27 26 26 26 26 27 29 31 32 34 48 73 75 70 54 45 38 33 29 28 30 30 30 29 28 27 27 29 29 28 28 28 28 28 27 27 26
43 43 43 43 43 43 43 43 43 43 43 43 44 44 44 44 44 44 44 44 45 45 45 45 45 45 45 45 46 46 46 46 46 46 46 46 46 46 46 46 46 46 44 43 42 40 38 37 36 35 35 34 34 34 34 34 34 33 31 34 29 28 27 27 29 31 33 43 54 69 72 66 51 41 39 36 32 32 32 33 33 34 33 31 30 29 30 30 30 30 30 30 29 29 28 28
44 44 44 44 44 44 44 44 44 44 44 44 45 45 45 45 45 45 45 45 46 46 46 46 46 46 46 46 47 47 47 47 47 47 47 47 47 47 47 47 47 47 46 45 43 42 41 40 39 38 38 38 38 39 39 43 42 41 43 45 38 35 30 29 30 33 36 41 44 45 46 45 44 39 36 35 33 34 34 36 35 34 36 33 32 31 31 31 31 31 31 31 31 30 30 29
45 45 45 45 45 45 45 45 45 45 45 45 46 46 46 46 46 46 46 46 47 47 47 47 47 47 47 47 48 48 48 48 48 48 48 48 48 48 48 48 48 48 48 47 46 44 43 42 42 41 41 42 45 49 52 56 53 54 54 52 47 42 36 34 33 41 45 42 44 45 46 46 41 37 35 33 33 34 38 39 37 36 35 35 33 33 33 32 32 32 32 32 33 32 31 30
46 46 46 46 46 46 46 46 46 46 46 46 47 47 47 47 47 47 47 47 48 48 48 48 48 48 48 48 49 49 49 49 49 49 49 49 49 49 49 49 49 49 49 49 48 47 46 46 45 45 45 46 53 54 54 57 58 59 57 54 50 46 44 38 39 47 48 43 44 45 45 44 42 39 37 35 34 35 38 36 40 39 37 37 36 34 34 34 34 34 34 34 34 34 33 32
47 47 47 47 47 47 47 47 47 47 47 47 48 48 48 48 48 48 48 48 49 49 49 49 49 49 49 50 50 50 50 50 50 50 50 50 50 50 50 50 50 50 50 50 50 49 49 48 48 48 48 48 48 54 53 55 56 57 56 54 54 50 44 43 42 43 44 45 45 46 46 45 44 42 40 38 37 37 37 39 38 40 39 38 37 36 36 35 35 36 35 35 35 35 34 33
48 48 48 48 48 48 48 48 48 48 48 48 49 49 49 49 49 49 49 49 50 50 50 50 50 50 50 51 51 51 51 51 51 51 51 51 51 51 51 51 51 51 51 51 51 51 51 50 50 50 50 50 50 50 51 51 52 52 50 50 51 49 45 42 43 44 46 46 47 48 48 47 46 44 43 41 40 40 39 39 40 39 42 40 40 39 38 37 36 36 36 36 36 37 36 34
49 49 49 49 49 49 49 49 49 49 49 49 50 50 50 50 50 50 50 50 51 51 51 51 51 51 51 52 52 52 52 52 52 52 52 52 52 53 53 53 53 53 52 52 52 52 52 52 52 52 52 52 52 52 53 53 54 51 48 48 50 48 46 45 46 47 47 48 49 49 49 49 48 47 45 44 43 42 42 41 41 41 43 43 42 41 40 39 38 37 37 37 37 37 37 35
50 50 50 50 50 50 50 50 50 50 50 50 51 51 51 51 51 51 51 51 52 52 52 52 52 52 52 53 53 53 53 53 53 53 53 53 54 54 54 54 54 54 54 54 54 54 53 53 53 53 54 54 54 54 55 55 54 52 51 50 49 49 48 48 49 49 50 50 51 51 51 51 50 49 48 47 46 45 44 44 43 43 42 45 44 44 43 41 40 40 39 38 38 38 37 37
51 51 51 51 51 51 51 51 51 51 51 51 52 52 52 52 52 52 52 52 53 53 53 53 53 53 53 54 54 54 54 54 54 54 54 55 55 55 55 55 55 55 55 55 55 55 55 55 55 55 55 55 56 56 56 56 56 55 54 53 52 52 51 51 52 52 52 53 53 53 53 52 52 51 50 49 48 48 47 46 45 45 45 47 46 46 46 44 43 42 42 41 40 39 39 38
51 52 52 52 52 52 52 52 52 52 52 52 53 53 53 53 53 53 53 53 54 54 54 54 54 54 54 55 55 55 55 55 55 55 56 56 56 56 56 56 56 56 56 56 56 56 56 56 56 57 57 57 57 57 58 58 58 57 56 55 55 54 54 54 54 54 54 55 55 55 54 54 54 53 52 52 51 50 49 49 48 47 47 46 49 48 48 47 46 45 46 45 43 42 42 41
52 53 53 53 53 53 53 53 53 53 53 53 54 54 54 54 54 54 54 54 55 55 55 55 55 55 56 56 56 56 56 56 56 56 57 57 57 57 57 57 57 57 57 57 57 58 58 58 58 58 58 58 59 59 59 59 59 59 58 57 57 57 56 56 56 56 56 56 56 56 56 56 55 55 54 54 53 52 52 51 50 50 49 49 51 51 50 49 49 48 47 48 47 46 45 45
53 54 54 54 54 54 54 54 54 54 54 54 55 55 55 55 55 55 55 55 56 56 56 56 56 56 57 57 57 57 57 57 57 58 58 58 58 58 58 58 58 58 59 59 59 59 59 59 59 59 60 60 60 60 60 61 61 61 60 59 59 59 58 58 58 58 58 58 58 58 58 57 57 57 56 56 55 54 54 53 53 52 51 51 51 53 53 52 52 50 50 49 49 49 49 48
54 55 55 55 55 55 55 55 55 55 55 55 56 56 56 56 56 56 56 56 57 57 57 57 57 57 58 58 58 58 58 58 58 59 59 59 59 59 59 59 59 60 60 60 60 60 60 60 61 61 61 61 61 62 62 62 62 62 62 61 61 60 60 60 60 60 60 59 59 59 59 59 59 58 58 57 57 56 56 55 55 54 53 53 54 56 55 55 54 53 52 51 51 51 51 51
55 55 56 56 56 56 56 56 56 56 56 56 57 57 57 57 57 57 57 57 58 58 58 58 58 58 59 59 59 59 59 59 59 60 60 60 60 60 60 60 61 61 61 61 61 61 61 62 62 62 62 62 63 63 63 63 63 63 63 63 63 63 62 62 62 61 61 61 61 61 60 60 60 60 59 59 59 58 58 57 57 56 55 55 57 59 58 57 57 56 55 54 53 53 53 54
56 56 57 57 57 57 57 57 57 57 57 57 58 58 58 58 58 58 58 58 59 59 59 59 59 59 60 60 60 60 60 60 61 61 61 61 61 61 61 62 62 62 62 62 62 63 63 63 63 63 63 64 64 64 64 64 64 65 65 64 64 64 64 64 64 64 63 63 63 63 62 62 62 61 61 60 60 60 59 59 58 58 57 59 60 61 60 59 59 58 57 56 55 55 55 56
57 57 58 58 58 58 58 58 58 58 58 58 59 59 59 59 59 59 59 59 60 60 60 60 60 60 61 61 61 61 61 61 62 62 62 62 62 62 63 63 63 63 63 63 64 64 64 64 64 64 65 65 65 65 65 66 66 66 66 66 66 66 66 65 65 65 65 65 65 65 64 64 64 63 63 62 62 61 61 60 60 60 60 63 64 63 62 61 60 60 60 58 57 56 56 57
58 58 58 59 59 59 59 59 59 59 59 59 60 60 60 60 60 60 60 60 61 61 61 61 61 61 62 62 62 62 62 62 63 63 63 63 63 63 64 64 64 64 64 65 65 65 65 65 65 66 66 66 66 66 67 67 67 67 67 67 67 67 67 67 67 67 66 66 66 66 66 66 66 65 65 64 64 63 62 62 62 61 61 63 67 65 64 63 63 62 62 61 60 59 57 61
59 59 59 60 60 60 60 60 60 60 60 60 60 61 61 61 61 61 61 61 62 62 62 62 62 62 63 63 63 63 63 63 64 64 64 64 64 65 65 65 65 65 65 66 66 66 66 66 67 67 67 67 67 68 68 68 68 68 68 68 68 68 68 68 68 68 68 68 68 68 68 67 67 67 67 66 66 65 65 64 63 63 62 64 68 68 67 66 66 65 65 63 63 64 65 66
60 60 60 61 61 61 61 61 61 61 61 61 61 62 62 62 62 62 62 62 63 63 63 63 63 63 64 64 64 64 64 65 65 65 65 65 65 66 66 66 66 66 67 67 67 67 67 68 68 68 68 68 69 69 69 69 69 69 69 69 69 69 69 69 69 69 69 69 69 69 69 69 69 69 69 69 68 68 67 66 66 65 64 65 69 71 70 70 70 68 66 65 66 67 72 71
61 61 61 62 62 62 62 62 62 62 62 62 62 63 63 63 63 63 63 63 64 64 64 64 64 64 65 65 65 65 65 66 66 66 66 66 66 67 67 67 67 67 68 68 68 68 68 69 69 69 69 70 70 70 70 70 70 70 71 71 71 71 71 71 71 71 71 71 71 71 71 71 71 71 70 70 70 70 69 69 68 67 67 66 68 71 73 73 71 69 67 66 67 68 69 69
62 62 62 62 63 63 63 63 63 63 63 63 63 64 64 64 64 64 64 64 65 65 65 65 65 65 66 66 66 66 66 67 67 67 67 67 68 68 68 68 68 69 69 69 69 69 70 70 70 70 70 71 71 71 71 71 72 72 72 72 72 72 72 72 72 72 72 72 72 72 72 72 72 72 72 72 72 72 71 71 70 70 69 69 68 71 71 73 72 70 68 68 67 67 66 67
63 63 63 63 64 64 64 64 64 64 64 64 64 65 65 65 65 65 65 65 66 66 66 66 66 66 67 67 67 67 67 68 68 68 68 68 69 69 69 69 69 70 70 70 70 70 71 71 71 71 72 72 72 72 72 72 73 73 73 73 73 73 73 73 73 73 73 73 74 74 74 74 74 74 74 74 74 74 74 73 73 72 72 71 71 70 71 72 73 71 69 70 69 69 69 70
64 64 64 64 64 65 65 65 65 65 65 65 65 65 66 66 66 66 66 66 67 67 67 67 67 67 68 68 68 68 68 69 69 69 69 69 70 70 70 70 70 71 71 71 71 72 72 72 72 72 73 73 73 73 73 74 74 74 74 74 74 74 74 75 75 75 75 75 75 75 75 75 75 75 75 75 75 75 75 76 75 75 74 74 73 73 72 74 72 73 72 72 72 72 72 73
65 65 65 65 65 66 66 66 66 66 66 66 66 66 67 67 67 67 67 67 68 68 68 68 68 68 69 69 69 69 69 70 70 70 70 70 71 71 71 71 71 72 72 72 72 73 73 73 73 73 74 74 74 74 75 75 75 75 75 75 75 76 76 76 76 76 76 76 76 76 76 76 77 77 77 77 77 77 77 77 77 77 77 76 76 75 75 75 75 74 76 75 75 76 76 77
66 66 66 66 66 67 67 67 67 67 67 67 67 67 68 68 68 68 68 68 68 69 69 69 69 69 70 70 70 70 70 71 71 71 71 71 72 72 72 72 72 73 73 73 73 74 74 74 74 75 75 75 75 75 76 76 76 76 76 76 77 77 77 77 77 77 77 77 78 78 78 78 78 78 78 78 78 79 79 79 79 79 79 79 78 78 77 77 77 77 77 79 80 80 81 81
67 67 67 67 67 67 68 68 68 68 68 68 68 68 69 69 69 69 69 69 69 70 70 70 70 70 71 71 71 71 71 72 72 72 72 72 73 73 73 73 73 74 74 74 74 75 75 75 75 76 76 76 76 76 77 77 77 77 77 78 78 78 78 78 78 78 79 79 79 79 79 79 79 80 80 80 80 80 80 80 80 80 81 81 80 80 80 79 79 79 80 81 81 82 82 83
68 68 68 68 68 68 69 69 69 69 69 69 69 69 69 70 70 70 70 70 70 71 71 71 71 71 71 72 72 72 72 72 73 73 73 73 74 74 74 74 74 75 75 75 75 76 76 76 76 77 77 77 77 78 78 78 78 78 79 79 79 79 79 79 80 80 80 80 80 80 80 81 81 81 81 81 81 82 82 82 82 82 82 82 82 82 82 82 81 81 80 81 83 85 86 86
