Data/bom_data/etaajul.txt
ncols         417
nrows         337
xllcorner     112.15
yllcorner     -43.8
cellsize      0.1
NODATA_value  -9999
[rows 0 to 55 of 337, columns 96 to 191 of 417]
53 53 53 53 53 53 53 53 53 53 53 53 53 53 53 53 53 53 53 54 54 54 54 54 54 54 54 54 54 54 54 54 54 55 55 55 55 55 55 55 55 55 55 55 56 56 56 56 56 56 56 56 56 57 57 57 57 57 57 58 58 58 58 58 58 59 59 59 59 60 60 60 60 61 61 61 61 62 62 62 63 63 63 63 64 64 64 64 64 65 65 65 65 65 65 65
52 52 52 52 52 52 52 52 52 53 53 53 53 53 53 53 53 53 53 53 53 53 53 53 53 53 53 54 54 54 54 54 54 54 54 54 54 54 54 55 55 55 55 55 55 55 55 55 55 56 56 56 56 56 56 56 56 57 57 57 57 57 57 58 58 58 58 58 59 59 59 59 60 60 60 61 61 61 61 62 62 62 63 63 63 63 63 64 64 64 64 64 64 64 65 65
52 52 52 52 52 52 52 52 52 52 52 52 52 52 52 52 52 52 52 53 53 53 53 53 53 53 53 53 53 53 53 53 53 54 54 54 54 54 54 54 54 54 54 54 54 55 55 55 55 55 55 55 55 55 56 56 56 56 56 56 56 57 57 57 57 57 58 58 58 58 59 59 59 59 60 60 60 61 61 61 61 62 62 62 62 63 63 63 63 63 64 64 64 64 64 64
51 51 51 51 51 51 51 52 52 52 52 52 52 52 52 52 52 52 52 52 52 52 52 52 52 52 53 53 53 53 53 53 53 53 53 53 53 53 53 53 54 54 54 54 54 54 54 54 54 54 54 55 55 55 55 55 55 55 55 56 56 56 56 56 57 57 57 57 57 58 58 58 58 59 59 59 60 60 60 61 61 61 61 62 62 62 62 63 63 63 63 63 63 63 63 63
51 51 51 51 51 51 51 51 51 51 51 51 51 51 51 51 51 51 52 52 52 52 52 52 52 52 52 52 52 52 52 52 52 52 53 53 53 53 53 53 53 53 53 53 53 53 54 54 54 54 54 54 54 54 54 54 55 55 55 55 55 55 55 56 56 56 56 56 57 57 57 57 58 58 58 59 59 59 60 60 60 61 61 61 61 62 62 62 62 62 62 62 63 63 63 63
50 50 50 50 50 51 51 51 51 51 51 51 51 51 51 51 51 51 51 51 51 51 51 51 51 51 52 52 52 52 52 52 52 52 52 52 52 52 52 52 52 53 53 53 53 53 53 53 53 53 53 53 53 54 54 54 54 54 54 54 54 55 55 55 55 55 56 56 56 56 56 57 57 57 58 58 58 59 59 59 60 60 60 61 61 61 61 61 62 62 62 62 62 62 62 62
50 50 50 50 50 50 50 50 50 50 50 50 50 50 50 50 50 50 51 51 51 51 51 51 51 51 51 51 51 51 51 51 51 51 52 52 52 52 52 52 52 52 52 52 52 52 52 52 52 53 53 53 53 53 53 53 53 53 53 54 54 54 54 54 54 55 55 55 55 55 56 56 56 57 57 57 58 58 58 59 59 59 60 60 60 60 61 61 61 61 61 61 61 61 61 61
49 49 50 50 50 50 50 50 50 50 50 50 50 50 50 50 50 50 50 50 50 50 50 50 50 50 50 51 51 51 51 51 51 51 51 51 51 51 51 51 51 51 51 52 52 52 52 52 52 52 52 52 52 52 52 52 53 53 53 53 53 53 53 54 54 54 54 54 54 55 55 55 56 56 56 56 57 57 57 58 58 59 59 59 60 60 60 60 60 60 60 60 61 61 61 61
49 49 49 49 49 49 49 49 49 49 49 49 49 49 49 49 49 50 50 50 50 50 50 50 50 50 50 50 50 50 50 50 50 50 50 51 51 51 51 51 51 51 51 51 51 51 51 51 51 51 51 51 52 52 52 52 52 52 52 52 52 52 53 53 53 53 53 54 54 54 54 54 55 55 55 56 56 56 57 57 57 58 58 59 59 59 60 60 60 60 60 60 60 60 60 60
49 49 49 49 49 49 49 49 49 49 49 49 49 49 49 49 49 49 49 49 49 49 49 49 49 49 49 50 50 50 50 50 50 50 50 50 50 50 50 50 50 50 50 50 50 51 51 51 51 51 51 51 51 51 51 51 51 51 51 52 52 52 52 52 52 52 53 53 53 53 53 54 54 54 54 55 55 56 56 56 57 57 58 58 58 59 59 59 59 59 59 59 59 59 59 59
48 48 48 48 48 48 48 48 48 48 48 48 48 48 48 48 48 49 49 49 49 49 49 49 49 49 49 49 49 49 49 49 49 49 49 49 49 50 50 50 50 50 50 50 50 50 50 50 50 50 50 50 50 50 50 50 51 51 51 51 51 51 51 51 51 52 52 52 52 52 53 53 53 53 54 54 54 55 55 55 56 56 57 57 58 58 59 58 58 58 58 58 58 58 58 58
48 48 48 48 48 48 48 48 48 48 48 48 48 48 48 48 48 48 48 48 48 48 48 48 48 48 48 48 49 49 49 49 49 49 49 49 49 49 49 49 49 49 49 49 49 49 49 49 49 49 49 50 50 50 50 50 50 50 50 50 50 50 50 50 51 51 51 51 51 51 52 52 52 52 53 53 53 54 54 55 55 55 56 56 57 58 58 58 58 57 58 58 58 57 57 57
47 47 47 47 47 47 47 47 47 47 47 47 47 47 47 47 47 48 48 48 48 48 48 48 48 48 48 48 48 48 48 48 48 48 48 48 48 48 48 49 49 49 49 49 49 49 49 49 49 49 49 49 49 49 49 49 49 49 49 49 49 49 50 50 50 50 50 50 50 51 51 51 51 52 52 52 52 53 53 54 54 54 55 55 56 57 58 58 57 56 57 57 56 57 56 57
47 47 47 47 47 47 47 47 47 47 47 47 47 47 47 47 47 47 47 47 47 47 47 47 47 47 47 47 47 48 48 48 48 48 48 48 48 48 48 48 48 48 48 48 48 48 48 48 48 48 48 48 48 48 48 48 48 48 48 48 49 49 49 49 49 49 49 49 49 50 50 50 50 51 51 51 51 52 52 52 53 53 54 54 55 56 55 56 56 56 56 56 55 55 55 55
46 46 46 46 46 46 46 46 46 46 46 46 46 46 46 46 46 46 47 47 47 47 47 47 47 47 47 47 47 47 47 47 47 47 47 47 47 47 47 47 47 47 47 47 47 47 47 48 48 48 48 48 48 48 48 48 48 48 48 48 48 48 48 48 48 48 48 48 49 49 49 49 49 50 50 50 50 51 51 51 52 52 53 53 54 54 55 55 55 55 55 54 54 54 54 54
46 46 46 46 46 46 46 46 46 46 46 46 46 46 46 46 46 46 46 46 46 46 46 46 46 46 46 46 46 46 47 47 47 47 47 47 47 47 47 47 47 47 47 47 47 47 47 47 47 47 47 47 47 47 47 47 47 47 47 47 47 47 47 47 47 47 47 48 48 48 48 48 48 49 49 49 49 50 50 50 51 51 52 52 52 53 53 53 53 53 53 53 53 53 53 52
45 45 45 45 45 45 45 45 45 45 45 45 45 45 45 45 45 45 46 46 46 46 46 46 46 46 46 46 46 46 46 46 46 46 46 46 46 46 46 46 46 46 46 46 46 46 46 46 46 46 46 46 46 46 46 46 46 46 46 46 46 46 46 46 46 46 46 47 47 47 47 47 47 47 48 48 48 48 49 49 49 50 50 50 51 51 51 51 51 51 52 52 52 51 51 51
45 45 45 45 45 45 45 45 45 45 45 45 45 45 45 45 45 45 45 45 45 45 45 45 45 45 45 45 45 45 45 45 46 46 46 46 46 46 46 46 46 46 46 46 46 46 46 46 46 46 46 45 45 45 45 45 45 45 45 45 45 45 45 45 45 45 46 46 46 46 46 46 46 46 47 47 47 47 47 48 48 48 49 49 49 49 49 50 50 50 50 50 50 50 50 50
44 44 44 44 44 44 44 44 44 44 44 44 44 44 44 44 44 44 44 44 45 45 45 45 45 45 45 45 45 45 45 45 45 45 45 45 45 45 45 45 45 45 45 45 45 45 45 45 45 45 45 45 45 45 45 45 45 45 44 44 44 44 44 44 44 45 45 45 45 45 45 45 45 45 45 46 46 46 46 46 47 47 47 47 48 48 48 48 48 48 48 48 48 48 48 49
44 44 44 44 44 44 44 44 44 44 44 44 44 44 44 44 44 44 44 44 44 44 44 44 44 44 44 44 44 44 44 44 44 44 44 44 45 45 45 45 45 45 45 44 44 44 44 44 44 44 44 44 44 44 44 44 44 44 44 44 44 44 44 44 44 44 44 44 44 44 44 44 44 44 44 44 45 45 45 45 45 45 46 46 46 46 46 46 47 47 47 47 47 47 47 48
43 43 43 43 43 43 43 43 43 43 43 43 43 43 43 43 43 43 43 43 43 43 44 44 44 44 44 44 44 44 44 44 44 44 44 44 44 44 44 44 44 44 44 44 44 44 44 44 44 44 43 43 43 43 43 43 43 43 43 43 43 43 43 43 43 43 43 43 43 43 43 43 43 43 43 43 43 43 44 44 44 44 44 44 44 45 45 45 45 45 45 45 46 46 46 46
43 43 43 43 43 43 43 43 43 43 43 43 43 43 43 43 43 43 43 43 43 43 43 43 43 43 43 43 43 43 43 43 43 43 43 43 43 43 43 43 43 43 43 43 43 43 43 43 43 43 43 43 43 42 42 42 42 42 42 42 42 42 42 42 42 42 42 42 42 42 42 42 42 42 42 42 42 42 42 42 42 43 43 43 43 43 43 43 43 43 44 44 44 44 44 45
42 42 42 42 42 42 42 42 42 42 42 42 42 42 42 42 42 42 42 42 42 42 42 42 42 43 43 43 43 43 43 43 43 43 43 43 43 43 43 43 43 43 43 43 43 43 42 42 42 42 42 42 42 42 42 41 41 41 41 41 41 41 41 41 41 41 41 41 41 41 41 41 41 41 41 41 41 41 41 41 41 41 41 41 41 41 42 42 42 42 42 43 43 43 43 43
42 42 42 42 42 42 42 42 42 42 42 42 42 42 42 42 42 42 42 42 42 42 42 42 42 42 42 42 42 42 42 42 42 42 42 42 42 42 42 42 42 42 42 42 42 42 42 42 42 42 41 41 41 41 41 41 41 40 40 40 40 40 40 40 40 40 40 40 39 39 39 39 39 39 39 39 39 39 40 40 40 40 40 40 40 40 40 40 41 41 41 41 41 41 41 42
41 41 41 41 41 41 41 41 41 41 41 41 41 41 41 41 41 41 41 41 41 41 41 41 41 41 41 41 42 42 42 42 42 42 42 42 42 42 42 42 42 42 42 42 41 41 41 41 41 41 41 41 40 40 40 40 40 40 39 39 39 39 39 39 39 39 39 38 38 38 38 38 38 38 38 38 38 38 38 38 38 38 38 38 38 38 39 39 39 39 39 39 40 40 40 40
41 41 41 41 41 41 41 41 41 41 41 41 41 41 41 41 41 41 41 41 41 41 41 41 41 41 41 41 41 41 41 41 41 41 41 41 41 41 41 41 41 41 41 41 41 41 41 40 40 40 40 40 40 39 39 39 39 39 39 38 38 38 38 38 38 38 38 37 37 37 37 37 37 37 37 37 37 37 37 37 37 37 37 37 37 37 37 37 37 37 38 38 38 38 38 39
40 40 40 40 40 40 40 40 40 40 40 40 40 40 40 40 40 40 40 40 40 40 40 40 40 40 40 40 40 40 40 40 40 41 41 41 41 41 41 41 41 41 40 40 40 40 40 40 40 39 39 39 39 39 38 38 38 38 38 38 37 37 37 37 37 37 36 36 36 36 36 36 36 36 36 36 36 36 35 35 35 35 35 35 35 35 36 36 36 36 36 36 36 37 37 37
40 40 40 40 40 40 40 40 40 40 40 40 40 40 40 40 40 40 40 40 40 40 40 40 40 40 40 40 40 40 40 40 40 40 40 40 40 40 40 40 40 40 40 40 40 40 39 39 39 39 39 38 38 38 38 37 37 37 37 37 36 36 36 36 36 36 35 35 35 35 35 35 35 35 35 34 34 34 34 34 34 34 34 34 34 34 34 34 34 34 34 35 35 35 35 35
39 39 39 39 39 39 39 39 39 39 39 39 39 39 39 39 39 39 39 39 39 39 39 39 39 39 39 39 39 39 39 39 39 39 39 39 39 39 39 39 39 39 39 39 39 39 39 39 38 38 38 38 37 37 37 37 36 36 36 36 35 35 35 35 35 35 34 34 34 34 34 34 34 33 33 33 33 33 33 33 33 32 32 33 33 33 33 32 33 33 33 33 33 33 34 34
39 39 39 39 39 39 39 39 39 39 39 39 39 39 39 39 39 39 39 39 39 39 39 39 39 39 39 39 39 39 39 39 39 39 39 39 39 39 39 39 39 39 39 39 39 38 38 38 38 37 37 37 37 36 36 36 35 35 35 35 35 34 34 34 34 34 33 33 33 33 33 33 32 32 32 32 32 32 31 31 31 31 31 31 31 31 31 31 31 32 32 31 32 32 32 32
38 38 38 38 38 38 38 38 38 38 38 38 38 38 38 38 38 38 38 38 38 38 38 38 38 38 38 38 38 38 38 38 38 38 38 38 38 38 38 38 38 38 38 38 38 38 38 37 37 37 36 36 36 35 35 35 35 34 34 34 34 33 33 33 33 33 32 32 32 32 32 31 31 31 31 31 31 30 30 30 30 30 29 29 29 29 29 29 29 30 30 30 30 30 31 31
38 38 38 38 38 38 38 38 38 38 38 38 38 38 37 37 37 37 37 37 37 37 37 37 37 37 37 37 37 37 37 37 37 38 38 38 38 38 38 38 38 38 38 38 37 37 37 37 36 36 36 35 35 35 34 34 34 33 33 33 33 32 32 32 32 31 31 31 31 31 31 30 30 30 30 30 29 29 29 29 29 28 28 28 28 28 28 28 28 28 29 29 29 29 29 30
37 37 37 37 37 37 37 37 37 37 37 37 37 37 37 37 37 37 37 37 37 37 37 37 37 37 37 37 37 37 37 37 37 37 37 37 37 37 37 37 37 37 37 37 37 37 36 36 36 35 35 35 34 34 33 33 33 33 32 32 32 31 31 31 31 30 30 30 30 30 29 29 29 29 29 28 28 28 28 27 27 27 27 27 27 26 26 26 26 26 27 27 27 28 28 28
37 37 37 37 37 37 37 37 37 37 37 36 36 36 36 36 36 36 36 36 36 36 36 36 36 36 36 36 36 36 36 36 36 36 36 36 36 36 36 36 37 37 37 36 36 36 36 35 35 34 34 34 33 33 33 32 32 32 31 31 31 30 30 30 30 29 29 29 29 29 28 28 28 28 27 27 27 27 27 26 26 26 26 26 25 25 25 24 24 24 25 25 26 26 27 27
36 36 36 36 36 36 36 36 36 36 36 36 36 36 36 36 36 36 36 36 36 36 36 36 36 36 36 36 36 36 36 36 36 36 36 36 36 36 36 36 36 36 36 36 36 35 35 35 34 34 33 33 32 32 32 31 31 31 30 30 30 29 29 29 29 28 28 28 28 28 27 27 27 27 26 26 26 26 25 25 25 25 25 24 24 24 23 23 23 23 23 24 24 25 25 26
36 36 36 36 36 36 36 36 36 36 35 35 35 35 35 35 35 35 35 35 35 35 35 35 35 35 35 35 35 35 35 35 35 35 35 35 35 35 35 35 35 35 35 35 35 35 34 34 33 33 32 32 32 31 31 30 30 30 29 29 29 29 28 28 28 27 27 27 27 27 26 26 26 26 25 25 25 25 24 24 24 24 24 23 23 23 22 22 21 21 22 22 23 23 24 24
35 35 35 35 35 35 35 35 35 35 35 35 35 35 35 35 35 35 35 35 35 34 34 34 34 34 34 34 34 34 34 34 34 34 34 34 34 34 34 34 34 34 34 34 34 34 33 33 33 32 32 32 31 30 30 30 29 29 28 28 28 28 27 27 27 26 26 26 26 25 25 25 25 25 24 24 24 24 23 23 23 23 23 23 22 22 21 21 20 20 21 21 22 22 22 23
35 35 35 35 35 35 35 35 35 34 34 34 34 34 34 34 34 34 34 34 34 34 34 34 34 34 34 34 34 34 34 34 33 33 33 33 33 33 33 33 34 34 34 34 33 33 32 32 31 31 31 31 30 30 29 29 29 28 28 27 27 27 26 26 26 25 25 25 25 25 24 24 24 24 23 23 23 23 22 22 22 22 22 21 21 21 20 20 20 20 20 20 21 21 22 22
34 34 34 34 34 34 34 34 34 34 34 34 34 34 34 34 34 33 33 33 33 33 33 33 33 33 33 33 33 33 33 33 33 33 33 33 33 33 33 33 33 33 33 33 33 32 32 31 30 30 30 30 29 29 29 28 28 27 27 26 26 26 25 25 25 25 24 24 24 24 23 23 23 23 22 22 22 22 22 22 21 21 21 21 20 20 19 19 19 20 19 19 20 20 21 21
34 34 34 34 34 34 34 34 33 33 33 33 33 33 33 33 33 33 33 33 33 33 33 33 33 32 32 32 32 32 32 32 32 32 32 32 32 32 32 32 32 32 31 31 31 31 31 30 29 30 29 29 29 28 28 27 27 27 26 25 25 25 24 24 24 24 23 23 23 23 22 22 22 22 21 21 21 21 21 21 20 20 20 20 20 19 19 19 19 19 19 19 19 20 20 20
33 33 33 33 33 33 33 33 33 33 33 33 33 33 33 32 32 32 32 32 32 32 32 32 32 32 32 32 32 32 31 31 31 31 31 31 31 31 31 31 31 31 31 31 30 30 30 29 29 29 28 28 28 27 27 27 26 26 25 25 24 24 23 23 23 23 22 22 22 22 21 21 21 21 21 20 21 20 20 20 20 19 19 19 19 19 19 19 19 19 19 18 19 19 19 20
33 33 33 33 33 33 33 32 32 32 32 32 32 32 32 32 32 32 32 32 32 32 31 31 31 31 31 31 31 31 31 31 31 30 30 30 30 30 30 30 30 29 30 30 29 29 29 29 28 28 27 27 27 26 26 26 25 25 25 24 23 23 22 22 22 22 21 21 21 21 21 20 20 20 20 19 20 20 19 19 19 19 19 19 19 19 19 19 18 19 19 18 19 19 19 19
33 32 32 32 32 32 32 32 32 32 32 32 32 32 31 31 31 31 31 31 31 31 31 31 31 31 30 30 30 30 30 30 30 30 30 29 29 30 29 29 29 28 29 29 29 28 28 27 27 27 26 26 26 26 25 25 25 24 23 23 23 22 22 21 21 21 21 20 20 20 20 19 19 19 19 19 19 19 19 19 18 18 18 18 18 18 18 18 18 18 18 18 18 18 18 18
32 32 32 32 32 32 32 31 31 31 31 31 31 31 31 31 31 31 31 31 30 30 30 30 30 30 30 30 30 29 29 29 29 29 29 29 29 29 29 29 28 27 28 28 27 27 27 26 26 26 25 25 25 25 24 24 24 23 22 23 22 21 21 20 20 20 20 19 19 19 19 19 18 18 18 18 18 18 18 18 18 18 18 18 18 18 18 17 17 17 18 18 18 18 18 18
32 31 31 31 31 31 31 31 31 31 31 31 31 30 30 30 30 30 30 30 30 30 30 30 29 29 29 29 29 29 29 29 28 29 28 28 28 28 28 28 28 27 27 27 27 26 26 26 25 25 24 24 24 24 23 23 23 22 22 21 21 21 20 20 19 19 19 19 18 18 18 18 18 18 17 17 17 17 17 17 17 17 17 17 17 17 17 17 17 17 17 17 17 17 17 18
31 31 31 31 31 31 31 30 30 30 30 30 30 30 30 30 30 30 29 29 29 29 29 29 29 29 29 28 28 28 28 28 28 27 28 28 28 27 27 27 27 26 26 26 26 25 25 25 24 24 24 23 23 23 23 22 22 21 21 21 20 20 20 19 19 19 18 18 18 17 17 17 17 17 17 16 16 16 16 17 16 16 16 16 16 16 16 16 16 16 16 16 17 17 17 17
31 30 30 30 30 30 30 30 30 30 30 30 30 29 29 29 29 29 29 29 29 29 28 28 28 28 28 28 28 28 27 27 27 27 27 27 27 27 27 26 26 26 26 25 25 24 24 24 23 23 22 22 22 22 22 21 21 21 20 20 20 19 19 18 18 17 17 17 17 17 17 16 16 16 16 16 16 16 16 16 16 16 16 16 15 15 15 16 16 16 16 16 16 17 17 17
30 30 30 30 30 30 30 29 29 29 29 29 29 29 29 29 29 28 28 28 28 28 28 28 28 28 27 27 27 27 27 27 26 26 26 26 26 26 26 25 25 25 25 24 24 23 23 23 22 22 22 22 22 21 21 20 20 20 20 20 19 19 18 17 17 17 17 17 17 16 16 16 16 16 16 16 15 15 15 16 15 15 15 15 15 15 15 16 16 15 15 16 16 16 16 16
30 29 29 29 29 29 29 29 29 29 29 29 28 28 28 28 28 28 28 28 28 27 27 27 27 27 27 27 26 26 26 26 26 26 25 25 25 26 25 25 25 24 24 23 23 22 22 22 22 21 21 21 21 21 20 20 20 19 19 18 18 18 17 16 16 16 16 16 16 16 16 15 15 15 15 15 15 15 14 15 15 15 15 15 15 15 15 15 15 15 15 16 16 16 16 16
29 29 29 29 29 29 29 28 28 28 28 28 28 28 28 28 28 27 27 27 27 27 27 27 27 26 26 26 26 26 26 26 26 25 25 25 24 24 24 24 24 23 23 22 22 22 21 21 21 20 20 20 20 20 19 19 19 18 18 17 16 16 16 16 15 15 15 15 15 15 15 15 15 15 15 14 14 14 14 14 14 14 14 14 15 15 15 15 14 15 15 15 16 16 16 16
29 29 28 28 28 28 28 28 28 28 28 28 27 27 27 27 27 27 27 27 27 26 26 26 26 26 26 25 25 25 25 25 25 25 25 25 24 24 23 23 23 23 22 22 21 21 20 20 20 20 20 19 19 19 19 18 18 17 17 16 16 16 15 15 15 15 15 15 15 15 15 14 14 14 14 14 14 14 14 14 14 14 14 14 15 14 14 14 14 14 15 15 16 15 16 16
28 28 28 28 28 28 28 27 27 27 27 27 27 27 27 27 27 26 26 26 26 26 26 26 25 26 25 25 25 25 25 24 24 24 24 24 24 23 23 22 22 22 22 21 20 20 19 19 19 19 19 19 18 18 18 18 17 17 16 16 16 15 14 14 14 14 14 14 14 14 14 14 14 14 14 14 14 14 14 14 13 14 13 14 14 13 14 14 14 14 15 15 15 15 16 16
28 28 27 27 27 27 27 27 27 27 27 27 26 26 26 26 26 26 26 26 25 25 25 25 25 25 25 25 25 25 25 24 24 24 23 24 24 23 22 22 22 21 21 20 20 19 19 19 18 18 18 18 18 18 18 17 17 16 16 15 15 15 13 13 14 13 13 14 14 13 13 13 13 13 13 14 13 14 13 13 13 13 13 13 13 13 13 13 14 14 14 14 14 15 15 15
27 27 27 27 27 27 27 26 26 26 26 26 26 26 26 26 26 25 25 25 25 25 25 25 24 24 24 25 24 24 24 24 23 23 23 23 23 23 22 22 21 21 21 20 19 19 19 18 18 18 18 18 18 17 17 17 16 15 15 14 14 13 13 13 13 13 13 13 13 13 13 13 13 13 13 13 13 13 13 13 13 13 13 13 13 13 13 13 14 14 14 14 14 14 15 15
27 27 27 26 26 26 26 26 26 26 26 26 25 25 25 25 25 25 25 25 24 24 24 24 24 24 24 24 24 23 23 23 23 23 23 22 22 22 22 22 21 21 20 20 19 19 18 18 18 18 18 18 17 17 17 17 16 15 15 14 13 14 13 13 13 13 13 13 13 12 13 12 13 13 13 14 14 13 13 13 13 12 12 12 13 13 13 13 14 14 14 14 15 14 14 15
26 26 26 26 26 26 26 26 25 25 25 25 25 25 25 25 25 24 24 24 24 24 24 24 23 23 24 24 23 23 23 23 23 23 23 22 22 21 22 22 21 21 20 19 19 18 18 18 17 17 17 17 17 16 16 15 15 15 15 14 13 14 13 12 12 12 13 12 12 12 12 13 12 12 13 13 13 13 12 13 13 12 12 12 13 13 13 13 13 13 14 14 14 14 15 15
