Data/bom_data/etaamay.txt
ncols         417
nrows         337
xllcorner     112.15
yllcorner     -43.8
cellsize      0.1
NODATA_value  -9999
[rows 0 to 54 of 337, columns 192 to 287 of 417]
87 87 87 87 88 88 88 88 89 89 89 89 90 90 90 91 91 91 91 92 92 92 92 92 92 93 93 93 93 93 93 93 93 93 93 93 94 94 94 94 94 94 94 94 94 94 94 94 95 95 95 95 95 95 95 95 95 96 96 96 96 96 96 96 96 97 97 97 97 97 97 98 98 98 98 98 98 99 99 99 99 99 99 100 100 100 100 100 101 101 101 101 101 102 102 102
86 86 86 87 87 87 87 87 88 88 88 89 89 89 90 90 90 91 91 91 91 91 92 92 92 92 92 92 92 92 92 93 93 93 93 93 93 93 93 93 93 93 93 93 94 94 94 94 94 94 94 94 94 94 95 95 95 95 95 95 95 95 95 96 96 96 96 96 96 97 97 97 97 97 97 98 98 98 98 98 99 99 99 99 99 99 100 100 100 100 100 101 101 101 101 101
86 86 86 86 86 86 86 87 87 87 88 88 88 89 89 89 90 90 90 90 91 91 91 91 91 91 91 92 92 92 92 92 92 92 92 92 92 92 92 93 93 93 93 93 93 93 93 93 93 93 93 94 94 94 94 94 94 94 94 94 95 95 95 95 95 95 95 96 96 96 96 96 96 97 97 97 97 97 98 98 98 98 98 99 99 99 99 99 99 100 100 100 100 100 101 101
85 85 85 85 85 85 85 86 86 86 87 87 87 88 88 89 89 89 90 90 90 90 90 90 91 91 91 91 91 91 91 91 91 91 91 92 92 92 92 92 92 92 92 92 92 92 92 92 93 93 93 93 93 93 93 93 93 93 94 94 94 94 94 94 94 95 95 95 95 95 95 96 96 96 96 96 97 97 97 97 97 98 98 98 98 98 99 99 99 99 99 100 100 100 100 100
84 84 84 84 84 84 85 85 85 85 85 86 86 87 88 88 88 89 89 89 89 90 90 90 90 90 90 90 90 90 90 91 91 91 91 91 91 91 91 91 91 91 91 91 92 92 92 92 92 92 92 92 92 92 92 93 93 93 93 93 93 93 93 94 94 94 94 94 94 95 95 95 95 95 96 96 96 96 96 96 97 97 97 97 98 98 98 98 98 99 99 99 99 99 100 100
83 83 83 83 83 83 83 83 83 83 84 85 86 86 87 88 88 88 88 89 89 89 89 89 89 89 89 90 90 90 90 90 90 90 90 90 90 90 90 90 91 91 91 91 91 91 91 91 91 91 91 91 92 92 92 92 92 92 92 92 92 93 93 93 93 93 93 94 94 94 94 94 94 95 95 95 95 95 96 96 96 96 96 97 97 97 97 98 98 98 98 98 99 99 99 99
82 82 82 82 82 82 82 81 82 82 83 84 85 86 86 87 87 88 88 88 88 88 88 89 89 89 89 89 89 89 89 89 89 89 89 89 89 90 90 90 90 90 90 90 90 90 90 90 90 90 91 91 91 91 91 91 91 91 91 92 92 92 92 92 92 93 93 93 93 93 93 94 94 94 94 94 95 95 95 95 95 96 96 96 96 97 97 97 97 97 98 98 98 98 98 99
81 81 81 81 81 81 80 80 80 81 82 83 84 85 86 86 87 87 87 87 88 88 88 88 88 88 88 88 88 88 88 88 88 89 89 89 89 89 89 89 89 89 89 89 89 89 90 90 90 90 90 90 90 90 90 90 90 91 91 91 91 91 91 91 92 92 92 92 92 93 93 93 93 93 94 94 94 94 94 95 95 95 95 95 96 96 96 96 97 97 97 97 97 98 98 98
80 80 79 79 80 79 78 78 79 80 81 83 84 85 85 86 87 86 87 87 87 87 87 87 87 87 87 87 87 88 88 88 88 88 88 88 88 88 88 88 88 88 88 89 89 89 89 89 89 89 89 89 89 90 89 90 90 90 90 90 90 90 91 91 91 91 91 91 92 92 92 92 92 93 93 93 93 93 94 94 94 94 95 95 95 95 95 96 96 96 96 97 97 97 97 98
79 78 78 78 78 78 77 77 78 79 81 83 83 84 85 85 86 86 86 86 86 86 86 86 86 87 87 87 87 87 87 87 87 87 87 87 87 87 87 87 88 88 88 88 88 88 88 88 88 88 88 88 88 89 89 89 89 89 89 89 89 90 90 90 90 90 91 91 91 91 91 91 92 92 92 92 93 93 93 93 93 94 94 94 94 95 95 95 95 96 96 96 96 96 97 97
78 77 77 77 78 78 78 77 78 80 81 83 83 83 84 85 85 85 85 85 86 86 86 86 86 86 86 86 86 86 86 86 86 86 86 86 86 86 87 87 87 87 87 87 87 87 87 87 87 87 87 88 88 88 88 88 88 88 88 89 89 89 89 89 89 90 90 90 90 90 91 91 91 91 91 92 92 92 92 93 93 93 93 93 94 94 94 94 95 95 95 95 96 96 96 96
77 76 76 76 76 77 78 78 79 80 81 82 82 83 83 84 84 85 85 85 85 85 85 85 85 85 85 85 85 85 85 85 85 85 85 85 86 86 86 86 86 86 86 86 86 86 86 86 87 87 87 87 87 87 87 87 87 87 88 88 88 88 88 88 89 89 89 89 89 90 90 90 90 90 91 91 91 91 92 92 92 92 93 93 93 93 94 94 94 94 95 95 95 95 95 96
76 76 75 75 75 75 77 78 78 79 80 81 82 82 84 84 85 84 84 84 84 84 84 84 84 84 84 84 84 84 84 84 84 84 85 85 85 85 85 85 85 85 85 85 85 85 86 86 86 86 86 87 86 86 86 86 87 87 87 87 87 87 87 88 88 88 88 88 89 89 89 89 90 90 90 90 90 91 91 91 91 92 92 92 92 93 93 93 93 94 94 94 94 95 95 95
75 74 74 74 74 75 75 77 77 78 78 79 81 82 83 84 84 83 83 83 83 83 83 83 83 83 83 83 83 83 83 83 83 84 84 84 84 84 84 84 84 84 84 84 85 85 85 86 85 85 86 85 85 85 85 86 86 86 86 86 86 86 87 87 87 87 87 88 88 88 88 89 89 89 89 89 90 90 90 90 91 91 91 91 92 92 92 92 93 93 93 93 94 94 94 94
73 73 73 73 73 74 74 75 76 77 78 79 79 81 82 83 83 83 82 82 83 82 82 82 82 82 82 82 82 82 82 82 83 83 83 83 83 83 83 83 83 83 84 84 84 84 85 84 85 84 84 84 84 84 85 85 85 85 85 85 85 86 86 86 86 86 87 87 87 87 88 88 88 88 89 89 89 89 90 90 90 90 91 91 91 91 92 92 92 92 93 93 93 93 94 94
72 72 72 72 73 73 73 74 75 76 76 77 79 80 81 81 82 82 82 81 82 81 81 81 82 82 81 81 81 81 81 81 82 82 82 82 82 82 82 82 82 83 83 83 83 83 83 83 83 83 83 84 84 84 84 84 84 84 84 84 85 85 85 85 85 86 86 86 86 87 87 87 87 88 88 88 88 89 89 89 89 90 90 90 90 91 91 91 91 92 92 92 92 93 93 93
71 71 71 71 72 72 73 73 74 75 75 76 77 78 79 80 81 81 81 81 81 81 81 81 81 80 80 80 80 80 80 80 81 81 81 81 81 81 81 81 82 82 82 82 82 82 82 82 82 82 83 82 82 83 83 83 83 83 83 84 84 84 84 84 85 85 85 85 85 86 86 86 86 87 87 87 88 88 88 88 89 89 89 89 90 90 90 90 91 91 91 91 92 92 92 92
70 70 70 70 71 71 72 72 73 73 74 75 76 77 78 79 79 80 79 79 79 80 80 80 80 80 80 80 79 79 79 79 80 80 80 80 80 80 80 80 81 81 82 82 82 82 81 81 81 81 82 82 82 82 82 82 82 82 82 83 83 83 83 83 84 84 84 84 85 85 85 85 86 86 86 86 87 87 87 88 88 88 88 89 89 89 89 90 90 90 90 91 91 91 91 92
69 69 69 69 70 70 70 71 72 72 73 74 75 76 77 77 78 78 78 78 79 79 78 79 79 79 79 79 79 79 78 78 79 79 79 80 79 79 79 79 80 81 80 81 80 80 80 81 81 81 81 81 81 81 81 81 81 81 82 82 82 82 82 83 83 83 83 84 84 84 84 85 85 85 85 86 86 86 87 87 87 87 88 88 88 88 89 89 89 89 90 90 90 90 91 91
67 68 68 68 68 69 69 70 70 71 72 73 74 74 75 76 76 76 77 77 77 77 77 78 78 78 78 78 78 78 78 78 78 78 78 78 78 78 78 79 79 80 80 79 79 80 80 79 80 80 80 81 80 80 81 80 80 80 81 81 81 81 81 82 82 82 82 83 83 83 84 84 84 84 85 85 85 85 86 86 86 87 87 87 87 88 88 88 88 89 89 89 89 90 90 90
66 66 67 67 68 68 68 69 70 71 71 72 73 73 73 74 75 75 76 76 76 77 76 77 77 76 76 76 77 77 77 77 77 77 77 77 78 78 78 78 78 78 79 78 79 79 79 78 78 78 79 80 79 79 80 79 79 79 80 80 80 80 81 81 81 81 82 82 82 82 83 83 83 84 84 84 84 85 85 85 86 86 86 86 87 87 87 87 88 88 88 88 89 89 89 89
66 66 66 66 67 67 68 68 69 69 70 71 71 72 72 73 73 74 75 75 76 76 75 76 76 75 75 75 75 75 76 76 76 76 76 76 76 77 77 77 77 78 77 78 78 78 77 77 77 78 78 79 79 79 79 79 78 78 79 79 79 79 80 80 80 80 81 81 81 82 82 82 82 83 83 83 84 84 84 85 85 85 85 86 86 86 86 87 87 87 87 88 88 88 88 89
64 64 65 65 65 66 67 67 67 68 68 69 70 70 71 71 72 72 73 74 74 74 75 75 75 74 74 74 74 74 75 75 75 75 75 75 75 76 76 76 76 76 76 77 77 76 76 77 76 77 77 77 78 78 78 77 77 77 78 78 78 78 79 79 79 80 80 80 80 81 81 81 82 82 82 83 83 83 83 84 84 84 85 85 85 85 86 86 86 86 87 87 87 87 88 88
62 63 63 64 64 65 65 66 66 67 67 68 68 69 69 70 71 71 72 73 73 73 73 74 73 73 73 73 73 73 73 74 74 74 74 74 74 74 75 75 75 75 75 75 76 75 76 75 76 76 76 76 77 76 76 76 76 76 77 77 77 77 78 78 78 79 79 79 80 80 80 80 81 81 81 82 82 82 83 83 83 84 84 84 84 85 85 85 85 86 86 86 86 87 87 87
61 62 62 62 63 63 64 64 65 65 66 66 67 67 68 68 69 70 70 71 72 72 73 72 71 73 72 72 72 72 72 72 72 73 73 73 73 73 73 73 74 74 74 74 74 74 75 74 74 75 75 75 75 74 75 75 75 75 76 76 76 76 77 77 77 78 78 78 79 79 79 80 80 80 81 81 81 82 82 82 82 83 83 83 84 84 84 84 85 85 85 85 86 86 86 86
60 60 60 61 62 62 62 63 63 64 64 65 65 66 67 68 68 69 70 70 71 71 71 71 71 71 71 71 71 71 71 71 71 71 72 72 72 72 72 72 73 73 73 73 73 73 73 73 73 74 74 74 74 73 74 74 74 74 75 75 75 75 76 76 76 77 77 77 78 78 78 79 79 79 80 80 80 81 81 81 82 82 82 83 83 83 83 84 84 84 84 85 85 85 85 85
58 59 59 59 60 60 61 61 62 63 63 63 64 65 66 66 68 68 69 69 69 69 70 69 70 70 70 70 70 70 70 70 70 70 71 71 71 71 71 72 72 72 72 72 72 72 72 72 72 72 72 72 72 72 72 73 73 73 73 74 74 74 75 75 75 76 76 76 77 77 78 78 78 79 79 79 80 80 80 81 81 81 82 82 82 82 83 83 83 83 84 84 84 84 84 84
56 57 57 58 59 59 60 60 61 61 62 62 63 63 64 66 66 67 67 67 67 68 68 69 69 69 69 69 69 70 69 69 69 69 69 69 69 70 70 70 71 71 70 70 70 71 71 71 71 71 71 71 72 71 71 72 72 72 72 73 73 73 74 74 74 75 75 76 76 76 77 77 77 78 78 78 79 79 80 80 80 80 81 81 81 82 82 82 82 82 83 83 83 83 83 84
55 55 56 56 57 58 58 59 59 60 60 61 61 62 62 64 65 65 66 66 66 67 67 68 68 67 68 68 68 68 68 68 68 68 68 68 68 68 69 69 70 69 69 69 69 69 69 69 70 70 70 70 70 70 70 70 71 71 71 72 72 72 73 73 73 74 74 75 75 75 76 76 77 77 77 78 78 78 79 79 79 80 80 80 81 81 81 81 81 82 82 82 82 82 83 83
53 54 54 55 56 56 57 57 58 59 59 60 60 60 62 63 63 64 65 64 65 66 66 66 66 67 67 67 67 67 67 66 66 66 67 67 67 67 67 68 69 68 68 68 68 68 68 68 68 68 69 69 68 69 69 69 70 70 70 71 71 71 72 72 72 73 73 74 74 74 75 75 76 76 76 77 77 78 78 78 79 79 79 79 80 80 80 80 81 81 81 81 81 82 82 82
52 52 53 54 55 55 55 56 57 57 58 59 60 59 60 62 63 63 63 64 64 64 64 65 65 65 65 65 65 65 65 65 65 65 65 65 66 66 66 67 68 67 66 66 66 66 67 66 66 67 67 67 67 67 68 68 68 69 69 69 70 70 71 71 71 72 72 73 73 74 74 74 75 75 76 76 76 77 77 77 78 78 78 79 79 79 79 80 80 80 80 80 81 81 81 81
51 51 52 52 54 53 54 55 55 56 57 58 59 59 60 60 61 62 62 63 63 63 63 63 63 63 63 63 63 64 64 64 64 64 64 64 64 65 66 66 66 65 65 65 65 64 65 66 65 65 65 66 66 66 67 67 67 68 68 68 69 69 70 70 70 71 71 72 72 73 73 74 74 74 75 75 76 76 76 77 77 77 78 78 78 78 79 79 79 79 79 80 80 80 80 80
49 50 50 51 52 52 53 54 54 55 55 57 57 58 58 60 60 60 61 61 61 62 62 62 62 62 62 62 62 62 62 63 63 63 63 63 63 64 65 64 64 64 64 64 64 64 63 64 65 64 64 64 65 65 65 66 66 66 67 67 68 68 68 69 69 70 70 71 71 72 72 73 73 74 74 74 75 75 76 76 76 77 77 77 77 78 78 78 78 79 79 79 79 79 79 79
48 49 49 50 51 52 51 52 53 54 54 55 55 56 57 58 58 59 59 60 60 60 60 60 60 60 61 60 61 61 61 61 62 62 62 62 62 63 63 62 62 62 62 62 62 62 62 63 62 63 63 63 63 64 64 64 65 65 66 66 66 67 67 68 68 69 69 70 70 71 71 72 72 73 73 74 74 74 75 75 76 76 76 76 77 77 77 77 78 78 78 78 78 78 78 78
46 47 48 48 49 50 50 51 51 52 54 55 54 55 55 56 57 57 57 58 59 59 59 59 59 59 59 59 60 59 60 60 60 60 60 60 61 61 61 61 61 61 61 61 61 60 61 61 61 61 62 62 63 63 63 64 64 64 64 65 65 66 66 67 67 68 68 69 69 70 70 71 71 72 72 73 73 74 74 74 75 75 75 76 76 76 76 77 77 77 77 77 77 77 77 77
44 45 47 47 48 48 49 50 51 51 52 53 53 54 54 54 55 56 56 57 57 57 57 57 58 58 58 58 58 58 58 58 59 59 59 59 59 59 60 60 60 60 60 60 60 60 60 59 61 60 60 61 62 61 62 62 62 63 63 64 64 65 65 66 66 67 67 68 68 69 69 70 71 71 72 72 72 73 73 74 74 74 75 75 75 75 76 76 76 76 76 76 76 77 77 77
43 44 45 46 47 47 48 48 49 50 51 52 52 52 53 53 54 55 55 55 55 56 56 56 56 56 56 57 57 57 57 57 57 58 58 58 58 58 58 58 59 58 58 58 58 59 58 59 59 59 60 60 61 61 61 61 61 61 62 62 63 63 64 65 65 66 66 67 67 68 69 69 70 70 71 71 72 72 73 73 73 74 74 74 75 75 75 75 75 75 76 76 76 76 76 76
42 43 43 45 45 46 46 47 48 49 50 50 50 50 51 52 53 53 54 54 54 54 54 55 55 55 55 55 55 55 55 56 57 57 56 57 57 56 56 57 57 57 57 57 57 57 56 57 57 57 58 59 59 59 59 59 60 60 61 61 62 62 63 63 64 65 65 66 66 67 68 68 69 69 70 70 71 71 72 72 73 73 73 74 74 74 74 74 75 75 75 75 75 75 75 75
40 41 42 43 44 44 45 46 47 48 48 49 49 49 50 50 51 52 52 52 53 53 53 53 53 54 54 54 54 54 54 55 55 55 55 55 55 55 55 55 55 55 55 56 56 55 55 55 55 56 57 58 58 58 58 58 58 59 59 60 61 61 62 62 63 64 64 65 66 66 67 67 68 69 69 70 70 71 71 72 72 72 73 73 73 73 74 74 74 74 74 74 74 74 74 74
39 40 41 42 42 43 44 44 45 46 47 48 48 48 48 49 50 50 50 51 51 51 51 51 52 52 52 52 53 53 53 53 53 54 54 54 54 54 53 52 52 52 53 54 54 53 54 54 54 54 55 56 57 56 56 57 57 58 58 59 59 60 61 61 62 63 63 64 65 65 66 67 67 68 68 69 69 70 70 71 71 72 72 72 72 73 73 73 73 73 73 73 73 73 73 73
37 38 39 40 41 41 42 43 44 45 45 46 46 47 48 48 48 48 49 49 50 50 50 50 50 51 51 51 52 52 52 52 52 53 53 52 52 51 51 50 50 49 50 50 52 52 52 52 53 54 53 54 55 55 56 56 56 56 57 57 58 59 59 60 61 62 62 63 64 64 65 66 66 67 68 68 69 69 70 70 71 71 71 72 72 72 72 72 73 73 73 73 73 73 73 72
36 37 38 38 39 40 41 42 43 43 44 45 45 46 46 46 47 47 47 48 48 48 48 48 49 49 49 49 50 51 50 50 51 51 51 50 50 49 48 48 48 47 47 47 47 49 51 51 51 51 52 52 52 53 53 54 54 55 56 56 57 58 58 59 60 60 61 62 63 63 64 65 66 66 67 67 68 69 69 70 70 70 71 71 71 71 72 72 72 72 72 72 72 72 72 72
35 36 37 37 38 39 40 41 41 42 42 43 44 44 45 45 45 45 46 46 46 46 47 47 47 48 48 48 49 49 49 49 49 50 50 48 47 47 46 46 46 46 45 44 45 47 49 49 50 50 50 51 51 51 52 52 53 54 54 55 56 56 57 58 59 59 60 61 62 63 63 64 65 65 66 67 67 68 68 69 69 70 70 70 71 71 71 71 71 71 71 71 71 71 71 71
35 35 36 36 37 38 38 39 40 41 41 42 42 43 43 44 44 44 44 45 45 45 45 46 46 46 47 47 47 47 48 48 48 48 48 47 46 45 44 44 44 44 43 42 44 46 48 48 48 48 49 49 49 50 50 51 52 52 53 54 54 55 56 57 58 58 59 60 61 62 62 63 64 65 65 66 67 67 68 68 69 69 69 70 70 70 70 71 71 71 71 71 71 70 70 70
34 34 34 35 36 36 37 38 39 40 40 40 41 41 42 42 42 43 43 43 44 44 44 44 45 45 45 45 46 46 46 47 47 46 45 45 44 44 43 43 43 42 41 41 43 44 46 46 47 47 47 48 48 48 49 50 50 51 51 52 53 54 55 56 56 57 58 59 60 61 62 62 63 64 65 65 66 67 67 68 68 69 69 69 69 70 70 70 70 70 70 70 70 70 70 69
32 33 33 34 35 35 36 37 37 38 39 39 40 40 40 40 41 41 41 42 42 42 43 43 44 44 44 44 45 45 45 45 45 44 45 44 43 42 42 42 41 40 40 40 41 43 44 45 45 45 46 46 46 47 47 48 49 49 50 51 52 53 53 54 55 56 57 58 59 60 61 62 63 63 64 65 65 66 67 67 68 68 68 69 69 69 69 69 69 69 69 69 69 69 69 69
31 31 33 33 34 34 35 36 36 37 37 38 38 39 39 39 39 40 40 40 41 41 41 42 42 42 42 43 43 43 44 44 43 43 42 42 41 40 40 40 39 38 38 39 40 41 43 43 43 44 44 44 45 45 46 47 47 48 49 50 50 51 52 53 54 55 56 57 58 59 60 61 62 63 63 64 65 66 66 67 67 68 68 68 68 69 69 69 69 69 69 69 69 68 68 68
30 31 31 32 33 33 34 35 35 35 36 37 37 37 38 38 38 38 39 39 39 40 40 40 41 41 41 41 42 42 42 42 42 41 41 40 40 40 39 39 37 37 38 39 39 40 41 42 42 42 42 43 43 44 44 45 46 46 47 48 49 50 51 52 53 54 55 56 57 58 59 60 61 62 63 64 64 65 66 66 67 67 67 68 68 68 68 68 68 68 68 68 68 68 68 67
29 30 30 31 32 33 33 34 34 34 35 35 36 36 36 37 37 37 37 38 38 38 38 39 39 40 40 40 40 40 40 41 40 40 40 39 39 38 38 37 37 36 36 37 38 39 40 40 40 41 41 41 42 42 43 43 44 45 46 47 48 49 50 51 52 53 54 55 56 57 59 60 61 61 62 63 64 65 65 66 66 67 67 67 67 68 68 68 68 68 68 67 67 67 67 67
28 29 30 30 31 31 32 33 33 33 34 34 34 35 35 35 36 36 36 37 37 37 37 38 38 38 38 38 39 39 39 40 39 39 38 38 37 36 36 36 36 36 36 36 36 37 38 39 39 39 39 40 40 41 41 42 43 43 44 45 46 48 49 50 51 52 53 54 56 57 58 59 60 61 62 63 63 64 65 65 66 66 67 67 67 67 67 67 67 67 67 67 67 66 66 66
28 28 29 29 30 30 31 31 32 32 32 33 33 34 34 34 34 35 35 35 36 36 36 37 37 37 37 37 37 38 38 38 38 37 37 36 35 35 35 35 35 35 36 36 36 36 37 37 37 37 38 38 38 39 39 40 41 42 43 44 45 46 47 49 50 51 52 53 55 56 57 58 59 60 61 62 63 64 64 65 65 66 66 66 67 67 67 67 67 67 66 66 66 66 66 65
26 27 28 28 29 29 30 30 30 31 31 32 32 32 33 33 33 34 34 34 34 35 35 35 35 36 35 36 36 36 36 37 36 36 35 35 34 34 34 34 34 34 35 36 36 36 36 35 36 36 36 36 37 37 38 39 39 40 41 43 44 45 46 47 49 50 51 53 54 55 56 58 59 60 61 62 63 63 64 65 65 66 66 66 66 66 66 66 66 66 66 66 65 65 65 65
26 26 27 28 28 28 29 29 29 30 30 31 31 31 31 32 32 32 33 33 33 33 34 34 34 34 34 34 35 35 35 35 35 34 33 33 32 33 32 32 33 33 34 35 35 35 35 35 35 34 34 35 35 35 36 37 38 39 40 41 42 44 45 46 48 49 50 52 53 54 56 57 58 59 60 61 62 63 64 64 65 65 66 66 66 66 66 66 66 66 65 65 65 65 64 64
25 26 26 27 27 27 28 28 28 29 29 29 30 30 30 31 31 31 31 32 32 32 32 33 33 33 33 33 34 34 34 34 34 33 33 32 31 31 31 31 31 32 32 33 33 33 33 33 33 33 33 34 34 34 35 35 36 37 39 40 41 42 44 45 47 48 49 51 52 54 55 56 58 59 60 61 62 63 63 64 65 65 65 65 66 66 66 65 65 65 65 65 64 64 64 63
23 24 25 26 26 27 27 27 27 28 28 28 29 29 29 29 30 30 30 30 31 31 31 31 32 32 32 32 32 32 33 33 32 32 31 31 30 30 30 29 30 31 31 31 32 32 32 32 32 32 32 32 32 33 34 34 35 36 37 39 40 41 43 44 46 47 48 50 51 53 54 56 57 58 60 61 62 63 63 64 64 65 65 65 65 65 65 65 65 65 64 64 64 63 63 62
