Data/bom_data/etaanov.txt
ncols         417
nrows         337
xllcorner     112.15
yllcorner     -43.8
cellsize      0.1
NODATA_value  -9999
[rows 57 to 113 of 337, columns 288 to 383 of 417]
89 87 86 85 85 84 83 81 80 79 78 77 77 76 75 74 74 73 73 72 72 71 71 71 71 72 72 72 72 75 74 75 78 79 82 83 84 86 84 88 87 94 92 91 87 89 91 93 95 97 100 102 104 106 108 110 112 114 115 117 119 120 122 123 125 126 127 128 129 131 132 133 134 135 136 137 138 138 139 140 141 142 142 143 144 145 145 146 147 148 148 149 150 150 151 152
88 87 85 84 84 83 82 81 80 79 78 77 76 75 74 73 73 72 71 71 71 70 70 70 70 71 71 71 72 74 74 73 74 75 78 78 80 82 85 90 87 87 88 95 104 88 90 92 95 97 99 101 104 106 108 110 112 114 116 117 119 120 122 123 125 126 127 128 130 131 132 133 134 135 136 137 138 138 139 140 141 142 142 143 144 145 145 146 147 148 148 149 150 150 151 151
87 86 85 83 84 82 81 80 79 78 77 76 75 74 73 72 72 71 70 70 70 69 69 69 69 69 70 70 70 70 72 74 73 75 76 79 80 82 83 94 96 86 86 92 95 87 89 91 94 96 98 101 103 106 108 110 112 114 116 117 119 121 122 123 125 126 127 129 130 131 132 133 134 135 136 137 138 138 139 140 141 142 142 143 144 145 145 146 147 147 148 149 149 150 151 151
87 85 84 82 83 81 80 79 78 77 76 75 74 73 72 71 71 70 69 69 68 68 68 68 68 68 68 68 68 68 70 72 73 75 78 83 80 85 83 93 101 89 87 84 86 86 88 90 93 95 98 100 103 105 108 110 112 114 116 118 119 121 122 124 125 126 128 129 130 131 132 133 134 135 136 137 138 139 139 140 141 142 142 143 144 145 145 146 147 147 148 149 149 150 151 151
86 84 83 83 82 81 79 78 77 76 75 74 73 72 71 70 70 69 68 68 67 67 66 66 66 66 66 66 66 66 67 70 71 71 76 77 76 81 87 89 87 90 100 86 84 84 87 89 91 94 97 100 103 105 108 110 112 114 116 118 119 121 122 124 125 126 128 129 130 131 132 133 134 135 136 137 138 139 139 140 141 142 142 143 144 145 145 146 147 147 148 149 149 150 150 151
85 83 82 82 81 80 78 77 76 75 74 73 72 71 70 69 69 68 67 67 66 66 65 65 65 65 65 64 65 65 66 66 67 68 69 71 73 75 77 81 80 91 101 88 79 82 85 87 90 93 96 99 102 105 108 110 112 114 116 118 120 121 123 124 125 127 128 129 130 131 132 133 134 135 136 137 138 139 139 140 141 142 142 143 144 144 145 146 146 147 148 148 149 150 150 151
84 82 81 81 80 79 77 76 75 74 73 72 71 70 69 68 67 67 66 66 65 65 64 64 63 63 63 63 63 64 65 65 66 66 67 68 70 71 73 75 78 80 91 92 85 79 82 84 87 91 95 98 102 105 108 110 112 114 116 118 120 121 123 124 125 127 128 129 130 131 132 133 134 135 136 137 138 139 139 140 141 142 142 143 144 144 145 146 146 147 148 148 149 150 150 151
83 81 82 80 79 78 76 75 74 73 72 71 70 69 68 67 66 66 65 64 64 63 63 63 62 62 62 62 62 62 63 63 64 66 66 65 66 68 71 75 79 86 84 87 93 87 78 81 84 89 94 98 102 105 108 110 113 115 117 118 120 121 123 124 126 127 128 129 130 131 132 133 134 135 136 137 138 139 139 140 141 142 142 143 144 144 145 146 146 147 148 148 149 149 150 151
82 80 81 79 78 77 75 74 73 72 71 70 69 68 67 66 65 65 64 63 63 62 62 62 61 61 61 61 61 61 61 63 63 65 66 64 63 64 65 71 76 84 79 83 91 93 90 77 81 87 93 98 102 105 108 111 113 115 117 119 120 122 123 124 126 127 128 129 130 131 132 133 134 135 136 137 138 139 139 140 141 141 142 143 144 144 145 145 146 147 147 148 149 149 150 150
80 81 79 78 77 76 74 73 72 71 70 69 68 67 66 65 64 64 63 62 62 61 61 61 60 60 60 60 60 59 60 61 61 64 65 64 63 65 62 61 73 81 85 81 87 91 92 75 78 85 92 98 102 106 108 111 113 115 117 119 120 122 123 125 126 127 128 129 131 132 133 133 134 135 136 137 138 138 139 140 141 141 142 143 143 144 145 145 146 147 147 148 148 149 150 150
81 80 78 77 76 74 73 72 71 70 69 68 67 66 65 64 63 63 62 61 61 60 60 59 59 59 59 59 59 58 59 59 60 61 64 64 68 73 66 61 69 79 83 82 86 93 102 74 94 93 92 98 103 106 109 111 113 115 117 119 120 122 123 125 126 127 128 130 131 132 133 133 134 135 136 137 138 138 139 140 141 141 142 143 143 144 145 145 146 146 147 148 148 149 149 150
80 78 77 76 74 73 72 71 70 69 68 67 66 65 64 63 62 62 61 60 60 59 59 58 58 57 58 58 57 58 58 58 58 59 61 61 64 68 71 64 66 72 79 83 87 98 105 88 91 85 93 98 103 106 109 111 113 115 117 119 121 122 123 125 126 127 128 130 131 132 133 133 134 135 136 137 138 138 139 140 140 141 142 142 143 144 144 145 146 146 147 147 148 149 149 150
78 77 76 74 73 72 71 70 69 68 66 65 65 64 63 62 61 60 60 59 59 58 58 57 57 56 56 57 56 57 57 57 57 58 59 61 63 65 67 68 68 70 76 84 94 100 99 93 98 103 93 98 102 106 109 111 113 115 117 119 121 122 124 125 126 127 129 130 131 132 133 133 134 135 136 137 137 138 139 140 140 141 142 142 143 144 144 145 145 146 147 147 148 148 149 149
77 75 74 73 72 71 70 69 67 66 65 64 63 63 62 61 60 59 59 58 58 57 56 56 56 56 55 55 55 55 56 56 57 58 59 61 63 69 71 67 70 73 80 87 94 99 104 96 110 94 93 98 102 105 108 111 113 115 117 119 121 122 124 125 126 127 129 130 131 132 133 133 134 135 136 137 137 138 139 139 140 141 141 142 143 143 144 145 145 146 146 147 147 148 149 149
75 74 73 72 70 69 68 67 66 65 64 63 62 61 61 60 59 58 58 57 57 56 55 55 55 55 54 54 54 55 55 55 56 58 59 61 62 65 68 67 71 76 82 87 94 97 103 104 109 94 97 98 102 105 108 111 113 115 117 119 121 122 124 125 126 127 129 130 131 132 132 133 134 135 136 137 137 138 139 139 140 141 141 142 142 143 144 144 145 145 146 147 147 148 148 149
74 72 71 70 69 68 67 66 65 64 63 62 61 60 59 59 58 57 57 56 55 55 55 54 54 53 53 54 53 53 53 54 55 56 57 58 60 62 65 70 69 72 84 85 94 98 101 101 98 95 100 98 101 105 108 110 113 115 117 119 120 122 124 125 126 127 128 130 131 131 132 133 134 135 136 136 137 138 138 139 140 140 141 142 142 143 143 144 145 145 146 146 147 147 148 149
72 71 70 69 68 67 66 65 64 63 62 61 60 59 58 58 57 56 56 55 54 54 53 53 53 53 52 52 53 53 53 53 55 56 56 58 60 62 65 67 69 73 84 86 95 101 103 97 93 96 98 104 101 105 108 110 113 115 117 119 120 122 123 125 126 127 128 129 130 131 132 133 134 135 135 136 137 138 138 139 139 140 141 141 142 142 143 144 144 145 145 146 147 147 148 148
70 69 68 67 66 65 64 63 62 61 61 60 59 58 57 57 56 55 55 54 53 53 52 52 52 51 51 52 53 53 53 53 53 55 56 58 61 63 66 68 67 69 74 87 94 103 102 100 101 98 99 98 101 104 107 110 112 115 117 119 120 122 123 125 126 127 128 129 130 131 132 133 134 134 135 136 137 137 138 139 139 140 140 141 142 142 143 143 144 144 145 146 146 147 147 148
69 67 67 66 65 64 63 62 61 60 59 59 58 57 56 56 55 54 54 53 53 52 52 51 51 50 50 50 51 53 53 54 52 54 56 59 61 63 67 67 68 71 76 89 95 100 92 106 109 102 99 98 101 104 107 110 112 114 116 118 120 122 123 125 126 127 128 129 130 131 132 133 133 134 135 136 136 137 138 138 139 139 140 141 141 142 142 143 144 144 145 145 146 146 147 147
67 66 65 64 63 62 61 61 60 59 58 57 57 56 55 55 54 53 53 52 52 51 51 51 51 50 50 49 50 51 52 54 53 55 55 58 62 65 66 67 69 74 79 90 97 104 110 92 101 103 102 98 101 104 107 109 112 114 116 118 120 122 123 125 126 127 128 129 130 131 132 132 133 134 135 135 136 137 137 138 138 139 140 140 141 141 142 143 143 144 144 145 145 146 146 147
65 64 63 62 62 61 60 59 58 58 57 56 56 55 55 54 53 52 52 51 51 51 50 50 50 50 50 50 50 49 51 52 53 55 55 57 61 65 65 67 70 75 80 89 97 105 109 90 92 98 99 98 101 104 107 109 112 114 116 118 120 121 123 124 126 127 128 129 130 131 131 132 133 134 134 135 136 136 137 137 138 139 139 140 140 141 142 142 143 143 144 144 145 145 146 147
63 62 61 61 60 59 59 58 57 56 56 55 55 54 55 54 53 51 51 51 50 50 50 49 49 49 50 50 50 50 49 50 51 52 55 59 64 65 65 67 70 74 78 88 95 103 107 95 92 94 94 97 100 103 106 109 111 114 116 118 120 121 123 124 125 127 128 129 129 130 131 132 133 133 134 135 135 136 136 137 138 138 139 139 140 141 141 142 142 143 143 144 144 145 146 146
61 60 59 58 58 57 57 56 56 55 54 54 54 54 53 53 51 51 50 50 50 50 49 49 49 49 50 51 50 49 48 49 50 51 55 61 65 66 66 67 69 72 74 77 94 99 103 109 105 95 94 97 103 103 106 108 111 113 116 118 119 121 123 124 125 126 127 128 129 130 131 131 132 133 133 134 135 135 136 137 137 138 138 139 139 140 141 141 142 142 143 143 144 145 145 146
59 58 57 56 56 55 55 55 54 54 53 53 52 52 52 51 51 50 50 49 49 48 48 48 49 48 48 51 50 50 49 49 50 51 55 61 67 69 69 68 69 71 74 77 91 91 93 103 104 104 98 102 104 102 105 108 111 113 115 117 119 121 122 124 125 126 127 128 129 130 130 131 132 132 133 133 134 135 135 136 137 137 138 138 139 140 140 141 141 142 142 143 143 144 145 145
56 55 55 54 54 54 54 54 53 53 52 52 51 51 51 51 50 50 50 49 48 48 47 47 48 49 49 51 51 54 51 49 50 52 55 61 69 73 73 70 69 70 73 77 89 97 99 93 101 106 104 99 110 112 105 107 110 113 115 117 119 121 122 124 125 126 127 128 128 129 130 130 131 132 132 133 133 134 135 135 136 137 137 138 138 139 140 140 141 141 142 142 143 143 144 145
53 53 52 52 52 52 52 52 52 51 51 50 50 50 50 50 50 50 49 48 48 47 47 47 48 48 50 52 54 55 51 51 54 55 56 61 67 69 70 69 68 69 72 75 85 92 99 96 90 93 99 113 98 107 104 107 110 112 115 117 119 120 122 123 124 125 126 127 128 128 129 130 130 131 132 132 133 133 134 135 135 136 137 137 138 138 139 140 140 141 141 142 142 143 143 144
50 50 50 50 50 51 51 51 51 50 50 49 49 49 49 48 50 50 49 48 47 47 47 47 48 48 50 52 54 52 50 51 52 55 57 59 62 65 67 67 68 68 70 73 80 92 95 98 95 95 96 103 100 100 103 106 109 112 114 116 118 120 122 123 124 125 126 127 127 128 128 129 130 130 131 131 132 133 133 134 135 135 136 136 137 138 138 139 139 140 141 141 142 142 143 143
48 48 48 49 49 49 50 50 50 49 49 48 48 48 48 48 48 48 48 48 47 47 47 46 47 49 51 52 53 55 53 51 52 54 56 58 61 63 64 66 67 68 68 71 78 89 94 97 99 92 93 96 99 99 102 109 111 111 114 116 118 120 121 123 124 124 125 126 126 127 128 128 129 129 130 131 131 132 133 133 134 134 135 136 136 137 138 138 139 139 140 141 141 142 142 143
47 47 47 47 48 48 49 49 48 48 48 47 47 47 47 47 47 47 48 47 47 48 47 46 47 48 48 51 54 54 52 52 54 54 56 59 60 61 62 64 65 67 67 69 74 82 89 95 98 92 96 96 98 98 101 105 108 111 113 116 118 120 121 122 123 124 124 125 126 126 127 127 128 128 129 130 130 131 132 132 133 134 134 135 136 136 137 138 138 139 139 140 140 141 141 142
46 46 46 46 46 47 47 48 47 47 47 46 46 46 46 46 46 46 47 48 47 47 46 47 46 47 49 51 55 53 52 52 55 55 57 59 59 60 60 62 63 64 64 65 68 73 82 90 98 99 99 97 96 97 100 103 107 110 113 115 117 119 121 122 122 123 124 124 125 125 126 126 127 127 128 129 129 130 131 131 132 133 134 134 135 136 136 137 137 138 139 139 140 140 141 141
46 46 46 46 46 46 46 46 46 46 46 45 45 45 45 45 45 45 46 47 47 47 47 46 47 48 49 52 54 54 55 54 55 58 56 58 59 60 59 60 61 62 62 62 63 67 72 86 93 98 101 106 101 100 99 102 106 109 112 115 117 119 120 121 122 122 123 123 123 124 124 125 125 126 127 127 128 129 130 130 131 132 133 133 134 135 135 136 137 137 138 138 139 139 140 141
45 45 45 45 45 45 45 45 45 45 45 45 44 44 44 44 44 44 44 45 46 46 47 47 47 49 49 51 54 55 56 56 57 57 56 56 57 59 58 59 59 60 61 61 62 63 66 76 90 93 100 102 103 103 103 103 104 108 114 114 116 118 119 120 120 121 121 122 122 122 123 123 124 125 125 126 127 128 129 129 130 131 132 133 133 134 135 135 136 136 137 138 138 139 139 140
44 44 44 44 44 44 44 44 44 44 44 44 44 44 44 43 43 44 44 44 45 46 47 48 47 48 50 51 53 54 58 56 56 57 55 56 57 59 58 58 59 61 61 61 62 65 63 72 84 91 96 97 99 106 104 101 106 109 110 113 120 117 118 119 119 119 120 120 120 121 121 122 123 123 124 125 126 126 127 128 129 130 131 132 132 133 134 134 135 136 136 137 137 138 138 139
43 43 43 43 43 43 43 43 43 43 43 43 43 43 43 43 43 43 43 43 44 44 46 47 48 47 49 50 52 54 57 56 58 57 56 56 57 59 58 59 60 61 61 62 62 62 62 63 69 86 90 91 95 100 103 102 103 107 110 111 119 115 116 117 119 117 118 118 119 119 120 120 121 122 122 123 124 125 126 127 128 129 130 131 132 132 133 134 134 135 135 136 136 137 138 138
42 42 41 42 42 42 42 42 42 42 42 42 42 42 42 42 42 42 43 43 44 44 45 48 50 49 49 50 51 54 57 58 59 59 57 58 60 59 58 59 61 62 60 61 62 62 61 60 64 74 84 88 92 96 100 99 102 106 109 112 114 115 114 114 115 115 116 116 116 117 117 118 119 120 121 122 123 124 125 126 127 128 129 130 131 131 132 133 133 134 135 135 136 136 137 137
40 40 40 40 41 41 41 41 41 41 41 41 41 41 41 41 42 42 42 43 44 44 46 48 49 50 51 52 55 57 58 59 59 60 60 60 59 59 59 60 61 61 59 61 65 69 63 60 60 61 67 80 90 91 96 100 99 101 105 112 112 111 113 114 114 115 113 114 114 115 115 116 117 118 119 120 121 122 123 125 126 127 128 129 130 131 131 132 133 133 134 134 135 135 136 136
39 39 39 39 40 40 40 40 40 40 40 40 40 40 40 41 41 41 42 42 43 44 44 46 48 51 53 54 55 59 60 60 60 61 61 59 58 58 59 59 59 60 59 61 63 63 60 59 59 59 62 74 85 87 92 97 98 92 101 107 108 107 109 110 111 112 110 111 111 112 113 114 115 116 117 118 119 121 122 123 125 126 127 128 129 130 130 131 132 132 133 133 134 134 135 135
37 37 37 38 38 39 39 39 39 39 39 39 39 39 40 40 40 41 41 42 42 43 44 45 47 50 53 54 57 57 58 58 60 59 58 58 58 59 59 60 61 61 60 62 62 61 60 59 58 59 63 70 71 78 87 92 94 96 97 99 102 103 105 107 108 109 105 107 109 109 110 111 112 113 115 116 117 119 120 122 123 125 126 127 128 129 130 130 131 131 132 132 133 133 134 134
36 36 36 36 37 38 38 38 38 38 38 38 38 39 39 39 40 40 41 41 42 43 43 44 48 50 52 53 54 54 55 57 59 58 58 58 59 60 60 62 63 63 62 62 62 60 59 59 59 58 60 61 62 68 74 86 87 92 94 96 97 99 101 104 100 99 95 99 105 104 107 109 110 111 112 114 115 117 119 121 122 124 125 126 127 128 129 129 130 130 131 131 131 132 132 133
35 35 35 36 36 36 37 37 37 37 37 37 37 38 38 38 39 39 40 40 41 42 42 43 46 47 50 51 53 52 55 56 58 59 59 60 61 61 62 62 62 63 63 62 62 61 61 60 59 59 60 61 62 62 63 71 76 87 89 94 94 96 98 98 92 90 89 98 105 95 98 102 107 108 110 112 113 115 117 119 121 123 124 125 126 127 128 128 129 129 129 130 130 131 131 132
34 34 34 35 35 35 36 36 36 36 36 36 37 37 37 38 38 38 39 39 40 41 41 42 43 45 47 47 51 51 53 56 57 59 60 61 61 60 61 61 62 63 62 61 61 62 61 61 61 61 62 63 63 62 62 68 74 82 85 92 91 93 94 97 92 89 86 88 92 88 93 94 99 106 107 109 111 114 116 118 120 122 124 125 126 126 127 127 127 128 128 129 129 129 130 130
33 33 34 34 34 34 35 35 35 35 35 36 36 36 36 37 37 38 38 39 39 40 41 42 43 43 44 46 48 49 52 53 55 57 58 59 59 58 60 60 61 61 60 60 60 60 61 61 62 63 64 64 65 64 63 66 72 76 83 86 89 91 90 93 90 94 86 85 87 90 94 93 95 100 105 109 109 112 114 125 120 122 123 124 125 125 126 126 126 127 127 127 128 128 129 129
33 33 33 33 33 33 34 34 34 34 34 35 35 35 36 36 36 37 37 38 38 39 40 41 41 42 43 44 46 47 49 51 54 56 57 57 59 56 58 58 59 59 60 61 62 61 60 60 60 60 61 62 62 63 63 66 67 72 78 83 89 89 88 87 93 93 92 97 93 100 99 93 96 98 105 108 111 110 114 117 120 122 123 124 124 124 124 125 125 125 125 126 126 127 127 128
32 32 32 32 32 32 33 33 33 33 33 34 34 34 35 35 36 36 36 36 37 38 39 40 41 42 43 43 44 46 48 50 52 55 55 55 57 55 57 58 58 60 61 62 62 59 59 58 58 58 60 61 63 63 62 62 63 67 71 83 84 88 85 84 86 80 84 94 96 97 97 98 105 102 101 106 111 112 113 121 124 122 122 123 123 123 123 123 123 124 124 124 125 125 126 126
31 31 31 31 31 31 32 32 32 32 33 33 33 33 34 35 35 35 36 35 36 38 38 39 40 41 41 42 43 45 47 49 51 52 52 54 54 53 56 57 57 57 59 58 56 57 56 56 56 57 59 60 62 62 62 61 61 64 68 77 80 84 86 80 82 83 88 87 93 94 95 96 102 99 98 99 105 113 116 117 121 121 121 121 121 121 121 122 122 122 122 122 123 123 124 125
30 30 30 30 30 31 31 31 32 32 32 32 32 33 33 34 34 34 34 34 35 35 36 38 39 39 40 40 41 43 44 47 48 48 50 51 51 52 56 56 55 57 55 54 54 54 55 55 55 56 56 57 59 61 61 61 63 67 67 72 77 80 85 78 79 79 85 86 90 96 95 95 96 98 100 95 99 104 114 120 123 120 120 120 119 119 119 120 120 120 120 121 121 122 122 123
29 29 29 29 29 30 30 30 31 31 31 31 32 32 32 32 33 33 33 32 33 33 34 35 37 37 38 38 39 39 40 45 46 46 47 50 50 51 53 53 53 54 54 54 53 53 53 53 54 55 55 56 57 59 61 60 63 65 68 69 72 75 78 76 73 68 67 72 86 93 93 98 99 98 95 91 95 100 106 111 115 116 117 117 117 117 117 117 118 118 118 119 119 120 120 121
28 28 28 29 29 29 29 30 30 30 31 31 31 31 31 31 31 31 31 31 32 32 33 34 35 36 37 37 36 35 37 43 43 44 45 48 48 49 50 51 52 52 52 52 53 52 52 53 52 53 54 56 57 58 60 60 60 64 69 68 68 71 75 77 72 65 63 65 74 87 89 90 96 97 97 90 94 99 102 107 110 116 113 114 114 114 115 115 115 116 116 117 117 118 118 119
27 28 28 28 28 28 29 29 29 30 30 30 30 30 30 30 30 30 30 31 31 31 32 32 33 34 35 34 33 33 35 39 42 43 44 46 47 48 49 50 50 51 52 51 51 52 52 52 52 53 53 54 56 57 59 60 60 63 66 66 67 69 72 77 77 67 65 61 64 81 84 86 90 95 100 93 94 97 101 103 106 108 109 110 111 112 112 112 113 113 114 114 115 116 116 117
27 27 27 27 27 28 28 28 29 29 29 30 29 29 29 29 29 30 30 30 31 31 31 32 32 33 33 32 33 33 35 37 40 42 44 46 46 46 47 48 49 49 50 51 52 52 52 51 51 52 53 54 55 56 58 59 61 62 63 64 68 70 73 76 78 72 63 58 59 64 74 81 87 91 95 103 98 94 97 101 104 104 106 107 114 109 109 110 110 111 111 112 113 113 114 115
26 27 27 27 27 27 27 28 28 28 29 29 29 28 28 29 29 29 29 29 30 30 31 31 32 32 32 32 33 34 36 38 41 42 43 44 44 44 46 47 48 48 49 51 50 50 51 50 50 51 52 53 54 55 57 58 60 61 62 65 67 68 70 73 74 77 68 59 59 63 72 83 88 87 93 103 102 94 95 99 98 102 102 104 105 106 106 107 108 108 109 110 110 111 112 113
26 26 26 26 26 27 27 27 27 28 28 28 28 28 28 28 28 29 29 29 29 30 31 31 32 32 32 32 33 34 36 38 40 42 42 42 41 43 45 46 47 47 48 49 50 49 49 49 50 51 51 52 53 55 56 57 59 60 61 63 66 67 68 70 70 74 69 61 60 62 74 82 85 89 94 100 98 93 94 96 98 100 101 100 102 103 104 104 105 106 106 107 108 109 110 111
25 25 25 25 26 26 26 27 27 27 28 28 28 27 27 27 28 28 29 29 29 30 31 31 31 32 32 33 33 34 35 37 38 40 42 41 41 43 44 45 45 46 47 47 48 48 49 49 50 50 51 52 53 54 55 57 58 59 60 62 64 65 66 67 67 70 68 65 62 59 71 81 81 86 93 88 88 89 91 93 94 96 96 97 99 100 101 102 102 103 104 105 106 107 108 109
25 25 24 25 25 26 26 26 27 27 27 27 27 27 26 26 27 28 28 28 29 30 30 31 31 32 32 33 33 34 35 36 37 39 40 41 42 43 43 44 44 45 45 46 47 48 49 49 50 50 51 51 53 54 55 56 58 59 59 60 62 64 64 65 66 69 68 63 60 58 67 80 79 82 88 92 89 87 90 90 92 93 95 94 96 97 98 99 100 101 101 102 103 104 105 107
24 24 24 24 25 25 26 26 26 27 26 26 26 26 26 26 26 27 28 28 29 29 30 30 31 32 33 33 33 34 35 36 36 37 39 41 41 42 42 43 43 44 44 46 47 48 49 48 49 50 51 51 52 54 55 56 57 58 58 59 61 62 62 62 63 67 67 62 59 59 64 76 78 80 83 89 89 89 88 91 92 93 93 92 93 94 95 96 97 98 99 100 101 102 103 105
24 23 23 24 24 24 25 25 26 26 26 26 26 26 26 26 26 26 27 28 29 29 29 30 30 32 33 33 33 34 34 35 36 37 38 40 40 41 41 42 42 43 43 45 46 48 49 48 48 50 51 52 52 53 55 56 56 57 58 58 60 60 60 61 62 62 61 59 59 59 62 70 77 78 78 82 86 90 87 90 93 91 90 91 91 92 93 94 95 96 96 97 98 100 101 102
23 23 24 24 24 24 24 24 25 25 25 25 26 25 26 26 26 27 27 28 28 28 29 29 30 31 32 32 33 33 34 34 35 36 38 39 39 40 40 41 41 42 43 43 45 47 47 47 48 49 51 52 52 53 53 54 55 56 57 58 59 60 59 60 60 59 59 59 59 60 68 72 74 75 70 78 80 83 86 89 88 92 90 89 90 90 91 92 96 93 94 95 96 97 99 100
