Data/bom_data/etaanov.txt
ncols         417
nrows         337
xllcorner     112.15
yllcorner     -43.8
cellsize      0.1
NODATA_value  -9999
[rows 57 to 113 of 337, columns 192 to 287 of 417]
75 74 74 73 73 73 72 72 71 71 71 70 70 70 70 69 69 69 69 69 69 69 69 69 69 68 67 67 68 69 68 68 67 66 64 63 63 65 65 64 66 70 75 77 77 78 79 80 81 82 84 85 87 88 90 91 92 92 91 92 93 94 95 96 97 99 100 101 102 104 105 106 107 108 109 110 110 111 111 110 110 109 108 107 106 105 103 102 101 99 98 96 95 93 92 90
75 73 72 72 72 72 72 71 71 70 70 70 70 70 69 69 69 69 69 69 69 69 69 69 68 67 67 67 68 68 68 67 66 64 64 63 64 65 65 64 65 69 74 76 76 77 78 79 80 81 83 84 85 87 88 89 90 91 92 91 92 93 94 95 96 98 99 100 102 103 104 106 107 108 109 110 111 111 111 111 110 109 108 107 106 105 103 102 100 99 97 96 94 93 91 90
73 72 72 72 72 71 71 71 70 70 70 69 69 69 69 69 68 68 69 68 68 68 68 68 68 67 67 67 67 67 66 66 64 64 64 65 65 65 64 63 63 68 73 75 74 75 76 78 78 80 82 83 84 85 86 87 88 89 90 91 92 93 93 94 95 96 98 99 101 102 104 105 107 108 109 110 111 111 112 111 111 110 109 107 106 105 103 101 100 98 97 95 94 92 90 89
72 72 71 71 70 70 70 70 70 69 69 69 69 69 68 68 68 68 68 68 68 68 68 67 67 67 67 67 67 66 65 65 63 63 63 65 65 64 62 63 63 65 72 73 72 73 75 76 77 78 80 81 83 84 85 86 87 88 89 90 91 92 93 92 94 95 97 98 100 101 103 105 106 108 109 110 111 112 112 112 111 110 109 107 106 104 103 101 99 98 96 94 93 91 90 88
70 70 70 70 70 69 69 69 69 69 69 69 68 68 67 67 67 68 68 68 68 68 67 67 66 67 67 66 66 65 65 64 63 63 62 63 63 62 61 63 64 64 68 70 71 73 74 74 76 77 78 80 81 82 83 84 85 86 88 89 90 91 92 93 92 94 95 97 98 100 102 104 106 107 109 110 112 112 113 112 111 110 109 107 106 104 102 100 99 97 95 94 92 90 89 87
70 70 68 68 68 68 68 68 68 68 68 68 68 67 67 67 66 67 67 67 67 66 66 66 66 66 66 66 65 65 64 63 62 62 62 62 62 62 62 63 64 64 67 70 71 72 72 73 75 77 77 78 79 81 82 83 83 85 86 88 89 90 90 91 92 92 94 95 97 99 101 103 105 107 109 110 112 113 113 115 114 112 110 109 105 103 101 100 98 96 95 93 91 90 88 86
69 68 67 67 67 67 67 67 67 67 67 67 67 67 66 66 66 66 66 66 66 65 65 65 65 65 65 65 65 65 64 63 63 62 62 61 61 61 62 63 64 65 68 68 69 70 70 72 73 75 76 76 77 79 80 81 82 83 85 86 86 88 88 90 91 92 94 94 95 97 99 102 104 106 108 110 112 113 116 115 114 112 108 106 104 102 101 99 97 95 94 92 90 89 87 85
67 66 64 64 65 66 66 66 66 66 66 66 66 65 65 65 65 65 65 65 64 63 63 63 63 63 63 63 63 63 63 62 62 62 61 60 60 61 62 63 63 65 66 67 68 68 70 71 72 74 74 75 76 77 78 79 80 81 83 84 84 86 87 88 89 90 92 94 94 96 98 100 102 105 107 109 111 113 116 115 113 109 107 105 103 101 100 98 96 94 92 91 89 88 86 84
64 62 62 61 62 65 65 65 65 65 65 64 64 64 64 64 63 64 64 63 63 62 62 62 61 60 61 60 60 61 61 60 60 60 60 60 60 61 62 63 64 65 65 66 67 68 68 70 71 72 73 74 74 76 77 78 79 80 81 82 83 84 85 86 87 88 90 92 93 96 96 98 100 103 105 108 110 115 112 111 109 107 106 104 102 100 98 96 95 93 91 90 88 86 85 83
60 59 60 60 62 64 64 64 63 63 63 63 63 63 63 63 62 62 62 62 61 61 61 61 60 59 58 58 59 59 58 58 58 59 59 60 60 61 62 63 63 63 64 65 66 67 67 68 69 71 72 72 73 74 75 75 77 78 79 80 82 82 83 86 86 86 88 89 91 93 96 98 100 103 105 105 107 111 109 108 107 105 104 102 100 98 97 95 93 92 90 88 87 85 83 82
59 58 59 59 61 62 62 62 62 62 62 62 62 62 62 62 61 61 60 60 60 60 60 59 58 57 56 57 57 57 56 56 57 57 57 58 59 60 60 61 61 62 64 65 65 65 65 67 68 69 71 71 72 73 73 74 76 77 78 78 80 80 82 84 84 84 85 87 89 91 93 96 98 100 102 105 106 105 106 105 104 103 102 100 98 97 95 93 92 90 88 87 85 84 82 81
58 58 58 59 60 60 60 61 61 61 61 61 61 60 60 60 60 59 59 58 58 58 57 57 56 55 55 55 55 55 55 55 55 55 56 57 58 59 61 61 61 61 63 63 64 64 65 65 67 68 69 70 70 71 72 73 74 75 75 76 77 79 80 81 82 82 83 85 87 89 91 93 95 98 100 101 103 104 104 102 101 102 99 98 96 95 93 91 90 88 87 85 84 82 81 79
56 57 57 57 57 58 58 59 60 60 60 60 59 59 59 59 58 58 57 57 56 56 56 55 55 54 54 54 53 53 54 54 54 54 55 56 58 59 60 61 60 60 61 62 62 63 64 64 65 66 67 68 69 69 71 72 72 73 74 75 75 77 78 79 79 79 80 82 84 86 89 91 93 95 97 98 99 100 99 99 98 97 98 95 94 92 91 89 88 86 85 84 82 81 79 78
55 56 56 57 57 57 57 58 58 58 58 58 58 57 57 57 56 56 56 56 55 55 54 54 53 53 53 52 52 52 52 52 53 53 54 55 56 57 58 59 59 59 61 61 62 62 63 63 64 65 66 67 67 68 69 70 70 72 72 73 73 75 77 76 75 76 79 80 82 84 86 88 90 92 94 95 96 97 95 95 95 94 93 92 90 89 87 86 85 84 83 82 80 79 78 78
54 54 56 56 56 56 56 56 56 56 56 56 56 56 56 56 55 55 55 54 54 54 53 53 52 52 52 52 51 51 50 51 51 52 53 53 54 55 56 57 59 60 60 60 60 61 61 62 63 64 65 65 66 67 68 68 69 70 70 71 72 73 73 73 74 75 77 78 80 82 84 85 87 89 90 92 93 93 94 92 91 90 89 87 86 85 83 82 81 81 80 79 78 77 76 76
53 53 54 55 55 55 55 55 55 55 55 55 55 55 55 54 54 54 54 53 53 53 52 52 51 50 50 49 49 49 49 49 50 50 51 52 53 54 54 56 57 57 58 58 58 59 59 60 61 62 63 64 64 65 66 67 67 68 69 70 71 71 72 73 72 73 74 77 79 80 81 83 84 86 87 88 89 90 90 90 88 86 84 83 81 80 79 79 78 77 76 76 75 74 75 75
53 52 53 53 54 54 54 54 54 54 54 54 54 54 54 53 53 53 53 52 52 51 51 50 50 49 48 47 47 48 48 48 48 49 50 51 51 52 53 54 55 55 55 56 56 57 57 58 59 60 61 62 63 63 64 65 65 67 68 69 69 69 71 72 72 73 74 75 76 77 79 80 82 83 84 85 86 87 87 87 86 84 80 79 77 76 75 75 74 74 73 73 73 73 74 73
51 51 52 52 52 52 52 52 52 52 53 53 52 52 52 52 52 52 51 50 50 50 49 48 48 47 46 46 45 46 46 47 47 47 48 49 50 51 51 52 52 53 53 54 54 55 55 56 57 58 59 60 61 61 62 63 63 64 65 67 67 68 69 70 71 72 72 73 74 75 76 78 79 80 81 82 83 84 83 83 82 81 79 76 74 72 71 71 71 71 71 71 72 74 72 71
50 50 50 50 50 50 50 50 51 51 51 51 51 51 51 51 50 50 50 49 48 48 48 47 46 45 45 44 43 43 45 46 45 45 47 48 49 49 49 50 50 51 51 52 53 53 54 54 55 56 57 58 58 59 60 60 61 62 63 64 65 66 67 67 67 68 70 72 72 73 74 75 76 77 78 79 80 80 79 78 77 76 75 73 72 70 68 68 69 69 70 71 71 71 71 70
49 49 49 49 49 49 49 49 49 50 50 50 50 49 49 49 49 48 48 47 46 46 47 46 44 44 43 42 42 42 43 43 43 44 45 46 47 47 48 48 49 49 49 50 51 51 52 52 53 54 55 56 56 57 58 58 59 60 61 62 63 63 64 64 65 66 67 68 69 70 71 72 73 75 75 76 76 76 75 74 73 72 70 69 68 67 67 67 68 68 69 69 69 69 69 68
47 47 48 49 49 49 49 48 48 48 48 48 48 48 48 48 48 47 46 45 45 44 45 45 43 42 42 41 41 41 41 42 41 42 43 44 44 45 45 46 47 47 47 48 49 49 50 50 51 52 53 53 54 54 55 55 56 57 58 59 60 60 61 62 63 63 64 65 67 68 69 70 71 72 73 72 72 71 71 70 69 67 66 64 63 63 64 65 65 66 66 66 66 67 67 66
46 46 46 47 48 48 48 48 48 47 47 47 46 46 46 46 46 45 45 44 43 43 44 44 42 41 40 40 40 40 40 40 40 40 41 42 42 43 43 44 44 45 45 46 46 47 48 48 49 50 51 51 52 53 53 54 54 54 55 56 58 59 59 60 61 62 63 64 65 66 66 67 68 68 68 68 68 67 67 66 65 63 62 60 59 60 61 62 62 63 64 64 64 64 65 65
45 44 45 45 46 47 47 47 47 47 46 46 46 45 45 44 44 44 43 43 42 42 43 44 41 40 39 39 38 38 39 39 39 39 39 40 41 41 42 42 43 44 44 44 45 45 46 46 47 48 49 49 51 52 53 53 52 53 54 54 56 56 57 58 60 61 61 62 63 64 64 64 64 64 64 64 64 63 63 62 61 60 59 58 57 57 59 60 60 61 62 62 62 62 62 62
44 43 43 44 45 46 45 45 45 45 45 45 45 45 44 43 43 42 42 41 41 41 43 43 40 39 38 37 37 37 37 37 37 38 38 39 39 40 40 41 42 42 43 43 43 44 44 45 45 46 47 48 49 50 51 51 51 51 53 54 55 55 55 56 57 59 60 60 60 61 61 61 61 61 61 61 60 60 60 59 58 58 57 56 55 56 57 58 59 60 60 60 60 60 60 60
43 42 42 43 44 44 43 43 43 42 42 43 43 43 42 42 42 41 40 40 40 40 42 42 40 39 38 37 36 36 36 36 36 37 37 37 38 38 39 40 41 41 41 41 42 42 42 43 43 44 44 46 47 48 49 49 50 50 51 52 53 53 54 54 55 57 59 59 58 59 58 58 58 58 58 58 57 57 57 56 56 55 55 54 54 54 55 56 58 58 59 58 58 58 58 57
42 41 41 41 42 41 41 41 41 41 41 42 41 41 41 41 41 41 39 39 39 39 40 41 40 38 37 36 35 35 35 35 35 36 36 36 37 37 38 38 39 39 39 40 40 40 40 41 41 42 42 43 45 46 46 47 48 49 50 51 51 52 52 52 53 55 57 57 56 58 56 55 56 56 56 55 54 54 54 54 54 53 53 53 53 53 54 54 55 57 57 57 56 55 54 54
41 40 40 40 40 40 40 41 40 40 40 41 41 40 39 40 40 40 38 38 38 38 39 40 40 39 37 36 35 35 35 34 35 35 35 35 36 36 37 37 38 38 38 38 38 38 39 39 39 40 40 41 42 43 45 46 47 48 48 49 50 50 51 52 52 53 54 53 54 56 56 53 54 55 53 53 52 52 52 52 51 51 51 51 51 52 52 53 54 55 55 55 54 52 51 50
39 39 39 39 38 39 40 40 40 39 39 39 40 39 38 38 39 38 38 37 37 37 37 38 38 38 38 35 34 34 34 34 34 34 34 34 35 35 36 36 36 36 37 36 36 36 37 37 38 38 38 39 40 42 43 44 44 45 46 47 48 49 49 49 50 50 51 51 52 53 54 51 52 52 51 51 51 50 50 50 50 50 50 50 50 51 51 52 53 53 54 53 52 50 49 48
38 39 38 38 37 38 38 39 39 38 38 38 38 38 37 37 37 37 37 36 37 37 37 37 37 37 37 35 34 33 33 33 33 33 33 34 34 34 35 35 35 35 35 35 35 35 35 36 36 36 37 37 38 40 42 42 42 43 44 44 45 47 47 47 47 48 48 49 49 50 50 50 50 50 50 51 50 49 49 49 49 49 49 49 49 50 51 51 52 52 53 52 51 49 48 47
38 38 38 37 37 37 37 38 38 37 37 38 37 36 36 36 36 35 36 36 35 36 37 37 37 37 36 35 34 33 32 32 32 32 33 33 33 34 34 35 34 34 34 34 34 34 34 34 35 35 35 35 36 38 40 40 40 40 42 42 43 44 44 45 45 46 47 47 48 48 48 48 49 49 49 49 48 47 47 48 48 48 48 48 48 49 50 50 51 51 52 51 50 49 47 47
37 38 37 37 37 37 36 36 36 36 37 37 36 36 35 35 35 35 35 35 35 35 36 37 37 37 36 34 33 32 32 32 32 32 32 32 33 33 34 34 33 33 33 33 33 33 33 33 33 33 33 34 35 36 38 38 38 38 40 41 41 42 42 43 43 44 45 45 46 46 47 47 47 48 47 47 46 46 46 47 47 47 47 47 47 48 48 49 50 51 51 50 50 48 47 46
37 38 37 37 37 36 36 35 35 35 37 37 36 36 34 34 34 34 34 34 34 35 35 35 36 36 36 34 33 32 32 31 31 31 32 32 32 33 33 33 32 32 32 32 32 32 32 32 32 32 32 32 33 33 34 35 35 36 38 39 39 40 40 41 41 42 43 43 43 44 44 45 45 44 45 44 45 46 46 47 46 46 46 46 46 46 47 47 49 49 49 48 48 48 46 46
37 37 37 36 36 35 35 35 34 35 36 36 36 34 33 33 34 34 34 34 34 35 34 34 35 35 36 34 33 31 31 31 32 31 31 32 32 32 32 31 31 31 31 31 31 31 31 31 31 31 31 30 30 31 32 33 34 35 36 37 37 38 38 39 40 40 40 40 41 41 42 42 42 41 43 44 45 46 46 47 46 46 45 45 45 45 46 46 47 47 47 47 46 46 45 45
36 37 36 35 35 35 34 34 34 34 35 35 34 33 33 33 34 34 34 33 33 35 34 34 35 35 36 35 32 31 30 30 31 30 31 31 31 31 31 30 30 30 30 30 30 30 30 30 30 30 30 29 29 30 31 32 32 33 34 35 36 36 37 37 38 38 38 38 38 39 39 39 40 38 42 44 44 46 46 46 46 45 44 44 44 44 45 45 45 45 45 45 45 45 44 43
36 35 34 34 34 33 34 34 35 34 34 34 32 32 32 33 34 34 34 33 33 34 33 34 34 34 35 34 31 31 31 30 30 30 30 31 30 30 30 29 29 29 29 29 29 29 29 29 29 29 29 29 29 29 30 31 31 32 33 33 34 34 35 35 36 36 36 37 36 37 37 37 38 37 39 42 43 44 45 45 46 44 43 43 43 42 43 43 44 44 43 44 44 43 43 42
34 34 33 33 33 33 33 34 35 34 33 32 31 32 31 32 33 33 33 32 31 32 32 33 33 33 33 32 31 31 30 29 29 30 30 30 29 29 29 28 28 28 28 28 28 28 28 28 29 29 29 28 28 29 29 30 30 31 32 32 32 33 33 33 34 34 35 34 34 35 35 35 35 33 36 39 41 43 43 43 42 42 41 41 41 41 41 42 42 42 42 42 42 42 41 40
33 33 33 33 33 33 33 33 34 34 32 31 31 31 31 30 31 31 31 30 30 30 30 31 31 32 32 31 30 30 29 29 29 29 29 29 28 28 28 27 27 27 27 27 27 27 27 27 29 28 28 28 28 28 28 29 29 30 30 30 31 31 31 32 32 32 33 33 33 33 33 33 34 33 35 37 39 40 41 41 40 41 41 40 40 40 40 40 41 40 40 41 40 40 39 39
33 33 32 32 33 33 33 34 34 33 31 31 30 30 30 30 29 29 29 29 29 29 29 29 30 30 31 31 29 29 29 29 28 29 28 28 27 27 27 27 26 26 26 26 26 26 28 28 28 28 28 27 27 27 28 28 28 28 29 29 29 29 30 30 30 30 31 31 31 31 31 32 33 33 35 36 38 39 39 39 39 40 39 38 39 39 38 39 39 39 39 39 39 38 38 37
32 32 33 33 32 32 33 34 33 32 31 31 30 30 29 29 29 29 29 29 29 28 28 28 28 29 29 30 29 29 29 29 28 28 27 27 26 26 26 26 26 25 25 25 25 28 27 27 27 27 27 27 27 27 27 27 28 27 27 27 28 28 28 28 28 29 29 29 30 30 30 31 32 33 34 35 37 37 36 37 38 38 38 37 38 37 37 37 38 37 38 38 37 37 37 36
32 32 33 33 32 32 32 33 32 31 31 31 30 29 29 29 29 29 28 28 28 28 28 28 28 28 28 29 29 30 29 28 28 28 27 26 26 25 25 25 25 25 25 25 28 27 27 27 26 26 26 26 26 26 26 27 27 27 26 26 26 26 27 27 27 27 27 27 28 28 29 30 31 32 33 34 35 36 35 36 38 37 37 36 37 36 36 36 36 36 36 36 36 36 35 35
32 32 32 32 32 31 31 31 31 30 31 31 30 29 28 29 29 29 28 28 28 28 28 27 27 28 28 29 29 29 28 27 27 26 26 25 25 24 24 24 24 24 24 27 27 26 26 26 26 26 26 26 26 26 26 26 26 27 25 25 25 25 25 25 25 26 26 25 26 27 28 29 30 30 31 31 33 35 35 34 36 35 35 35 35 35 35 34 35 35 35 35 34 34 34 34
32 31 31 31 31 31 31 30 30 30 30 30 29 28 28 28 28 29 28 28 28 28 27 27 27 28 29 29 28 29 27 27 26 26 25 25 28 27 24 23 23 23 27 27 26 26 26 26 26 26 27 26 26 27 26 25 25 26 26 24 24 24 24 24 25 25 25 24 25 25 27 28 28 28 28 29 32 32 33 34 34 34 34 33 33 33 33 33 33 33 33 33 33 34 33 33
32 32 31 31 31 31 31 30 30 29 29 29 29 28 28 28 28 28 28 28 28 27 27 27 27 27 28 27 27 28 27 26 25 25 25 24 28 27 27 27 27 27 26 26 25 25 25 25 26 26 26 26 27 26 26 25 24 25 25 25 25 23 23 25 24 24 24 23 24 24 25 26 26 25 25 28 30 31 32 33 33 33 33 32 33 32 32 32 32 32 32 32 32 33 33 33
33 32 31 31 31 31 31 31 30 29 29 29 29 29 28 28 28 28 28 28 28 27 27 27 27 27 28 28 26 26 25 25 25 24 23 23 23 27 27 27 27 26 26 25 25 25 25 25 25 25 25 26 27 26 25 24 24 24 24 24 24 24 24 24 23 23 23 23 23 23 24 24 24 23 24 26 28 30 31 32 32 32 31 31 32 31 31 31 31 31 31 31 31 31 32 32
33 33 32 31 31 31 31 32 32 31 30 30 30 30 28 28 28 27 28 28 28 27 27 27 26 26 27 27 28 24 25 25 24 23 22 22 22 27 27 26 26 26 25 25 24 24 24 24 24 24 24 25 26 26 25 24 23 23 23 23 23 24 24 23 23 22 22 22 22 22 22 22 22 22 24 25 26 28 30 30 30 30 31 30 30 31 30 30 30 30 30 30 30 30 31 31
34 34 33 32 31 30 31 32 32 32 31 30 30 30 29 28 28 28 28 28 27 27 27 27 26 26 26 27 27 28 23 24 23 22 27 27 27 27 26 26 26 25 25 24 24 23 23 23 23 23 24 24 25 25 24 24 23 23 23 23 23 23 23 23 22 22 22 21 21 21 21 22 22 23 24 24 25 27 27 29 29 30 30 29 30 31 29 30 29 29 29 29 29 29 30 30
34 34 33 32 31 30 30 31 31 31 31 30 30 29 29 29 28 28 28 28 27 27 27 27 26 26 26 26 28 23 22 23 23 23 27 27 27 26 26 27 26 26 25 24 23 23 23 23 22 22 23 23 23 23 23 23 23 22 22 22 22 22 22 22 22 22 21 21 21 21 21 22 22 22 23 23 24 26 26 27 28 28 28 27 29 29 28 28 28 28 28 28 28 28 28 29
33 33 33 32 31 30 30 30 30 31 31 31 31 29 29 29 28 28 28 28 27 27 27 27 26 26 25 26 27 21 21 22 23 22 28 27 27 26 26 26 26 26 25 23 23 22 22 22 22 22 22 22 23 23 23 22 22 22 21 22 22 22 23 22 22 21 21 21 21 21 21 21 21 21 21 22 23 24 24 25 25 27 26 26 28 28 27 28 27 27 28 27 28 28 28 28
32 33 33 32 31 31 31 30 30 30 31 31 31 30 29 29 29 28 28 28 27 27 27 26 26 26 25 25 26 27 27 21 21 21 28 27 26 26 26 26 26 27 25 23 22 22 22 21 22 22 22 22 22 23 22 22 22 21 21 21 22 22 23 22 22 21 21 21 21 21 20 20 20 20 21 21 21 23 23 23 23 24 25 25 27 28 29 26 28 27 27 27 28 27 27 27
32 32 33 32 32 32 31 31 30 30 30 31 31 30 30 29 29 29 29 28 27 27 27 27 26 26 26 25 25 25 26 27 19 20 21 27 27 27 27 27 28 22 25 23 22 22 21 21 21 21 21 21 21 22 22 22 22 21 21 21 21 22 22 22 22 22 22 21 21 20 20 20 19 19 20 20 20 21 22 23 22 22 25 25 27 25 26 26 27 26 26 26 28 27 26 27
32 33 32 32 32 32 32 31 30 30 30 30 31 31 30 30 30 29 29 28 27 27 27 27 27 26 26 25 24 24 24 25 26 27 28 27 27 27 27 28 21 27 25 23 22 21 21 21 21 20 20 20 20 21 21 21 21 21 21 21 21 22 22 22 22 22 22 22 21 20 19 19 19 19 19 19 20 20 21 22 21 22 24 23 26 26 25 25 25 26 25 26 28 27 26 26
31 32 32 33 33 33 32 32 31 31 30 30 31 31 31 31 30 30 30 29 28 27 27 28 28 27 26 25 25 24 23 23 24 25 27 28 29 29 28 27 27 25 24 23 21 21 20 20 20 19 19 19 19 19 20 20 20 21 21 21 21 22 22 22 22 22 22 22 21 20 19 19 19 19 19 19 19 19 20 21 21 23 22 23 24 23 23 23 23 24 24 25 26 26 26 26
31 31 32 32 32 33 33 33 32 31 31 30 30 31 32 32 31 30 30 28 28 27 28 28 30 28 27 26 25 24 23 23 23 25 26 28 20 28 26 25 25 24 23 22 21 21 20 19 19 19 18 18 19 19 19 20 20 20 21 21 21 21 22 22 22 22 21 21 20 19 19 19 18 18 18 18 18 19 19 20 23 22 22 22 23 23 22 23 23 24 25 26 26 26 26 25
32 31 31 31 32 32 33 33 32 31 31 30 30 30 31 32 31 30 29 28 27 28 28 29 31 30 28 26 25 24 23 23 23 24 25 27 27 26 25 24 24 23 22 21 21 20 20 19 19 18 18 18 19 19 19 20 20 20 21 21 21 21 22 22 22 22 21 20 20 19 19 19 18 18 18 18 18 18 19 20 23 22 22 22 22 22 23 23 24 24 25 26 27 27 25 25
33 32 32 32 32 32 32 32 32 31 31 31 30 30 31 32 32 30 29 28 27 28 29 29 30 29 28 28 26 25 24 23 23 24 24 25 26 26 26 25 24 23 23 21 21 20 19 19 19 19 19 19 19 19 19 19 20 20 21 21 21 22 22 22 22 21 21 20 20 19 19 19 19 18 18 18 18 18 19 21 23 22 21 21 22 22 22 24 24 25 24 25 26 27 25 25
33 33 32 33 32 32 32 32 32 32 31 31 30 30 30 31 32 30 29 28 28 28 29 30 29 28 28 28 26 25 24 24 24 24 24 24 25 25 25 24 24 24 23 22 21 20 20 19 19 20 20 19 19 19 19 19 20 20 20 21 21 21 22 22 22 21 21 21 20 20 20 20 19 19 18 18 18 18 19 21 22 24 24 24 24 24 24 24 24 25 24 25 26 27 26 24
33 34 33 33 33 33 32 32 32 32 32 31 31 30 30 31 32 31 29 28 28 28 30 30 30 29 28 28 26 26 25 25 25 24 24 24 24 25 24 24 25 24 24 23 21 20 20 20 21 20 19 19 19 19 19 19 20 20 20 20 21 21 21 21 21 21 21 21 21 21 21 20 20 19 19 18 18 19 20 21 23 24 24 23 23 23 23 23 24 25 24 25 26 27 26 24
