Data/bom_data/etaamar.txt
ncols         417
nrows         337
xllcorner     112.15
yllcorner     -43.8
cellsize      0.1
NODATA_value  -9999
[rows 275 to 329 of 337, columns 288 to 383 of 417]
40 40 39 38 39 39 39 39 39 39 39 39 39 39 39 39 36 35 35 35 36 36 36 37 37 37 37 39 39 38 41 42 43 39 37 36 35 34 33 34 36 39 40 42 44 45 47 49 51 54 57 61 63 63 63 65 59 59 57 56 56 58 59 58 57 56 54 55 58 62 63 63 63 62 61 60 60 59 58 57 56 57 58 61 63 65 68 71 74 76 76 76 78 79 80 80
44 44 43 43 43 43 43 43 43 43 44 43 42 41 41 40 36 36 36 36 36 36 37 37 37 36 36 36 36 36 39 40 41 38 37 36 36 35 35 35 39 41 42 46 46 45 48 51 53 54 55 59 65 65 62 64 60 54 56 53 54 56 56 56 55 53 50 53 58 63 66 63 63 62 61 60 60 59 58 58 58 59 60 62 64 67 69 72 74 76 78 79 79 80 80 81
49 48 47 47 47 47 47 47 46 46 46 46 45 43 42 40 37 37 37 38 37 37 37 37 36 36 36 35 35 36 37 38 38 37 37 37 37 37 37 38 40 41 42 44 47 47 48 48 51 51 52 54 56 58 57 56 55 51 52 52 53 54 55 54 53 52 52 54 57 61 64 65 64 63 62 61 61 60 60 60 60 61 62 64 65 67 70 72 74 76 77 78 79 80 80 81
53 52 52 52 52 51 51 51 50 50 49 48 47 45 44 42 40 40 40 39 38 38 38 37 37 36 35 36 37 37 37 38 38 37 38 38 39 39 39 40 40 41 41 42 44 45 46 45 46 47 49 48 53 52 54 52 49 49 50 50 51 53 53 54 51 51 53 55 58 61 64 65 64 64 63 62 62 61 61 61 61 62 63 65 66 68 70 72 74 75 77 78 79 79 80 80
56 55 56 57 56 56 55 55 54 53 52 50 49 47 46 44 43 42 41 40 40 39 39 38 37 36 36 37 37 38 38 39 40 39 39 39 39 39 40 41 41 41 42 43 43 44 45 45 45 45 45 46 46 48 47 45 46 48 49 49 49 50 51 51 49 49 50 52 55 59 63 64 64 64 63 63 63 62 62 62 63 63 64 66 67 69 70 72 74 75 76 77 78 79 80 80
59 58 58 58 60 60 60 57 56 56 54 53 51 49 48 46 45 44 43 42 42 41 41 40 39 38 38 39 40 40 41 42 43 42 43 44 46 43 42 43 43 41 43 44 45 47 48 48 47 48 54 51 51 47 46 46 48 50 50 50 50 50 50 50 49 48 49 52 55 59 62 63 64 64 64 63 63 63 63 63 64 64 65 66 68 69 71 72 74 75 76 77 78 79 79 80
62 62 61 61 64 64 64 60 58 58 55 55 53 49 49 47 46 45 44 44 43 43 43 42 42 42 42 43 44 45 47 46 46 45 45 46 47 45 45 47 48 46 46 48 49 49 52 52 51 51 50 52 51 51 57 56 58 54 53 51 51 51 50 49 48 48 50 52 55 59 62 63 63 64 64 64 64 64 64 64 65 65 66 67 68 69 71 72 73 75 76 77 78 78 79 80
65 64 64 64 65 65 64 59 58 57 58 56 54 51 49 48 48 47 46 46 45 45 45 45 45 45 45 47 49 50 49 47 47 46 45 45 46 48 51 54 52 50 51 51 53 56 57 56 54 52 51 52 54 57 60 60 55 50 50 50 51 50 48 48 48 49 51 53 56 59 61 62 63 63 64 64 64 64 64 65 65 66 67 68 69 70 71 72 73 74 75 76 77 78 79 79
67 67 66 65 65 65 63 62 61 60 59 58 56 54 52 50 49 48 48 48 48 48 48 48 48 49 50 53 53 52 49 50 48 47 47 47 47 48 53 55 54 54 54 55 56 60 60 59 57 55 53 54 56 60 58 53 49 49 49 50 50 48 48 48 49 50 51 53 56 59 61 62 63 63 64 64 64 64 65 65 66 66 67 68 69 70 71 72 73 74 75 76 77 78 78 79
68 68 68 67 66 66 65 65 64 63 62 60 58 56 54 53 51 50 50 49 49 50 50 52 53 53 54 55 55 52 52 52 52 51 50 50 50 50 51 53 54 55 56 58 59 60 65 59 59 57 56 56 54 55 55 51 50 48 49 49 49 48 48 49 50 50 52 54 56 59 61 62 62 63 63 64 64 64 65 65 66 67 67 68 69 70 71 72 73 74 75 76 76 77 78 79
70 70 70 70 69 68 68 67 67 65 64 62 60 58 56 55 54 53 52 52 52 52 53 52 55 56 57 54 55 55 55 55 55 54 53 53 53 53 53 54 55 56 57 58 61 62 62 61 59 60 58 56 55 52 51 50 50 49 50 50 50 49 49 50 50 51 52 54 56 58 61 61 62 63 63 64 64 65 65 66 66 67 67 68 69 70 71 72 73 74 74 75 76 77 77 78
71 71 71 71 71 71 70 69 68 67 65 63 62 60 58 57 56 55 55 54 54 54 55 55 56 56 57 57 57 57 57 57 57 58 57 56 56 55 56 56 57 58 59 60 62 63 63 62 60 61 56 55 56 53 55 51 51 50 51 51 52 51 50 50 51 51 53 54 56 58 60 61 62 63 63 64 64 65 65 66 66 67 67 68 69 70 71 72 72 73 74 75 76 76 77 78
72 72 72 72 72 71 71 70 69 68 66 65 63 62 60 59 58 58 57 57 56 57 57 57 58 59 59 59 59 59 59 59 59 60 60 59 58 58 58 58 59 60 61 62 63 63 63 62 60 59 57 56 54 60 57 52 51 51 51 52 52 52 51 51 51 52 53 54 56 58 60 61 62 62 63 64 64 65 65 66 66 67 67 68 69 70 71 71 72 73 74 75 75 76 77 77
73 73 73 73 72 72 71 71 70 68 67 66 65 63 62 61 60 60 59 59 59 59 59 59 60 60 61 61 61 61 61 61 61 61 61 61 61 60 60 60 61 61 62 63 63 63 63 62 61 59 58 56 58 57 56 52 52 52 52 52 53 53 52 51 51 52 53 54 55 57 59 61 62 62 63 63 64 64 65 66 66 67 67 68 69 70 70 71 72 73 73 74 75 76 76 77
73 73 73 73 73 72 72 71 70 69 68 67 66 65 64 63 62 62 61 61 61 61 61 61 61 62 62 62 62 62 62 62 62 62 63 63 63 62 62 62 62 63 64 64 63 63 63 62 61 59 58 57 55 54 53 53 53 52 53 53 53 54 52 51 51 52 52 53 55 56 58 60 62 62 63 63 64 64 65 65 66 67 67 68 69 69 70 71 72 72 73 74 74 75 76 76
74 74 74 74 73 73 72 72 71 70 69 68 67 66 65 65 64 63 63 63 62 62 62 63 63 63 63 63 63 63 63 63 63 64 64 64 64 64 64 64 64 64 64 64 63 63 62 61 60 59 58 57 56 55 54 53 53 53 53 53 54 53 52 51 51 51 52 53 54 56 58 59 61 62 63 63 64 64 65 65 66 66 67 68 68 69 70 71 71 72 73 73 74 75 75 76
75 75 74 74 74 74 73 72 72 71 70 69 68 68 67 66 65 65 64 64 64 64 64 64 64 64 64 64 64 64 64 64 64 65 65 65 65 65 65 65 64 64 64 64 63 63 62 61 60 59 58 57 56 55 54 54 54 54 54 54 54 53 51 50 50 50 51 52 53 55 57 59 61 62 62 63 64 64 65 65 66 66 67 68 68 69 70 70 71 72 72 73 74 74 75 76
75 75 75 75 74 74 74 73 72 72 71 70 69 69 68 67 67 66 66 66 65 65 65 65 65 65 66 66 66 66 65 65 65 65 65 65 65 65 65 65 65 64 64 64 63 63 62 61 60 59 58 57 56 55 55 54 54 54 54 54 54 52 51 52 49 50 50 51 52 54 56 58 60 62 62 63 63 64 64 65 65 66 67 67 68 69 69 70 71 71 72 73 73 74 75 75
76 75 75 75 75 75 74 74 73 72 72 71 70 70 69 69 68 68 67 67 67 67 67 67 67 67 67 67 67 66 66 66 66 66 66 66 66 66 65 65 65 65 64 64 63 62 62 61 60 59 58 57 56 56 55 55 54 54 54 55 53 51 51 55 49 49 49 50 52 53 55 57 59 61 62 63 63 64 64 65 65 66 66 67 68 68 69 69 70 71 71 72 73 73 74 75
76 76 76 76 75 75 75 74 74 73 73 72 71 71 70 70 69 69 68 68 68 68 68 68 68 68 68 67 67 69 69 67 67 67 67 67 66 66 66 65 65 65 64 64 63 62 61 61 60 59 58 57 56 56 55 55 55 55 55 54 52 50 49 50 49 49 49 49 51 52 54 56 58 60 62 62 63 63 64 64 65 65 66 67 67 68 68 69 70 70 71 72 72 73 74 74
76 76 76 76 76 75 75 75 74 74 73 73 72 72 71 71 70 70 70 69 69 69 69 69 69 69 68 68 68 70 70 68 68 68 67 67 67 66 66 66 65 65 64 63 63 62 61 60 59 59 58 57 56 56 55 55 55 55 55 53 51 50 49 48 48 48 48 49 50 53 55 56 58 60 61 62 63 63 64 64 65 65 66 66 67 67 68 69 69 70 71 71 72 73 73 74
77 77 77 76 76 76 76 75 75 74 74 73 73 73 72 72 71 71 71 70 70 70 70 70 70 69 69 69 69 71 71 70 68 68 68 68 67 67 66 66 65 65 64 63 62 62 61 60 59 58 57 57 56 56 55 55 55 55 54 52 50 49 48 48 48 48 48 49 54 60 57 56 58 59 61 62 62 63 63 64 64 65 65 66 66 67 68 68 69 69 70 71 71 72 73 73
77 77 77 77 77 76 76 76 75 75 75 74 74 73 73 73 72 72 72 71 71 71 71 71 70 70 70 70 70 72 72 72 69 69 68 68 68 67 67 66 65 65 64 63 62 61 60 59 59 58 57 56 56 55 55 55 55 54 52 51 50 48 48 48 47 48 48 49 58 61 62 60 59 59 60 61 62 62 63 63 64 64 65 65 66 67 67 68 68 69 70 70 71 72 72 73
77 77 77 77 77 77 76 76 76 76 75 75 74 74 74 73 73 73 72 72 72 72 72 71 71 71 71 71 70 73 72 70 69 69 69 68 68 67 67 66 65 65 64 63 62 61 60 59 58 57 57 56 55 55 55 55 54 52 51 50 49 48 47 47 47 47 48 48 53 59 63 63 62 61 59 60 62 62 62 63 63 64 64 65 66 66 67 67 68 69 69 70 70 71 72 72
78 78 78 77 77 77 77 77 76 76 76 75 75 75 74 74 74 73 73 73 73 73 72 72 72 72 72 71 71 71 71 70 70 70 69 69 68 68 67 66 65 65 64 63 62 61 59 59 58 57 56 55 55 55 54 53 52 51 50 49 48 47 47 47 47 47 47 50 51 60 62 62 62 59 58 59 61 62 62 62 63 63 64 64 65 66 66 67 67 68 69 69 70 71 71 72
78 78 78 78 78 78 77 77 77 77 76 76 76 75 75 75 74 74 74 74 73 73 73 73 73 72 72 72 72 71 71 71 71 70 70 69 69 68 67 66 66 65 64 62 61 60 59 58 57 56 55 55 54 54 53 52 51 50 49 48 47 47 47 47 47 47 47 48 49 54 59 61 60 60 57 58 59 61 62 62 62 63 63 64 65 65 66 66 67 68 68 69 69 70 71 71
78 78 78 78 78 78 78 77 77 77 77 76 76 76 76 75 75 75 75 74 74 74 74 74 73 73 73 73 72 72 72 71 71 71 70 70 69 68 67 68 66 65 63 62 61 60 58 57 56 55 55 54 54 53 52 50 49 48 48 47 46 46 46 46 46 46 47 47 49 52 57 63 60 59 56 57 58 60 61 61 62 62 63 63 64 65 65 66 66 67 68 68 69 70 70 71
79 79 79 78 78 78 78 78 78 77 77 77 77 76 76 76 76 75 75 75 75 75 74 74 74 74 73 73 73 73 72 72 71 71 70 70 69 70 68 69 66 65 63 62 61 59 58 57 55 54 54 53 53 51 50 49 48 47 47 46 46 46 46 46 46 46 46 47 47 49 56 59 58 61 57 55 57 59 61 61 61 62 62 63 63 64 65 65 66 66 67 68 68 69 70 70
79 79 79 79 79 79 78 78 78 78 78 77 77 77 77 77 76 76 76 76 75 75 75 75 75 74 74 74 73 73 73 72 72 71 71 70 70 70 68 68 66 65 63 62 60 59 57 56 54 53 53 52 52 50 49 48 47 46 46 46 46 46 45 45 45 45 46 46 46 47 50 56 54 58 57 54 56 58 60 60 61 61 62 62 63 63 64 65 65 66 67 67 68 69 69 70
79 79 79 79 79 79 79 79 78 78 78 78 78 77 77 77 77 77 76 76 76 76 76 75 75 75 75 74 74 74 73 73 72 72 71 71 70 71 68 69 67 65 63 61 60 58 56 55 53 52 52 51 51 50 48 47 46 46 45 45 45 45 45 45 45 45 45 45 45 45 46 48 49 50 51 53 55 57 59 60 60 61 61 62 62 63 63 64 65 65 66 67 67 68 69 69
79 79 79 79 79 79 79 79 79 79 78 78 78 78 78 77 77 77 77 77 76 76 76 76 76 75 75 75 74 74 74 73 73 72 72 71 70 71 70 69 68 65 63 61 59 57 55 54 52 51 50 50 50 49 48 47 46 45 45 45 45 45 45 45 45 45 45 45 45 45 46 45 46 48 50 53 55 57 59 59 59 60 61 61 62 62 63 64 64 65 66 66 67 68 68 69
80 80 80 79 79 79 79 79 79 79 79 79 78 78 78 78 78 78 77 77 77 77 77 76 76 76 76 75 75 75 74 74 73 73 72 71 71 71 70 69 69 67 65 63 60 59 55 53 51 50 49 49 48 49 48 46 45 44 44 45 45 45 45 45 45 45 47 46 46 50 50 47 47 48 51 53 55 56 58 58 59 59 60 60 61 62 62 63 64 64 65 66 66 67 68 68
80 80 80 80 80 80 80 79 79 79 79 79 79 79 78 78 78 78 78 78 77 77 77 77 77 76 76 76 75 75 75 74 74 73 72 72 73 72 71 70 68 68 66 63 61 58 55 53 50 48 48 47 47 48 48 47 45 44 44 45 46 46 46 46 45 47 53 53 54 58 57 57 55 51 52 53 55 56 57 58 58 59 59 60 60 61 62 62 63 64 64 65 66 67 67 68
80 80 80 80 80 80 80 80 80 80 79 79 79 79 79 79 79 78 78 78 78 78 77 77 77 77 76 76 76 75 75 75 74 73 73 72 71 72 71 70 69 68 66 63 62 58 55 54 51 50 47 46 46 46 47 48 46 46 47 49 52 51 53 53 51 55 58 58 57 57 57 56 56 55 53 54 55 56 56 57 57 58 59 59 60 60 61 62 63 63 64 65 65 66 67 67
80 80 80 80 80 80 80 80 80 80 80 80 79 79 79 79 79 79 79 78 78 78 78 78 77 77 77 77 76 76 75 75 74 74 73 72 71 72 72 70 69 69 67 65 61 60 56 55 53 50 49 47 47 47 47 49 50 50 50 51 52 53 54 56 56 56 56 56 57 57 58 56 55 53 53 54 54 55 55 56 57 57 58 58 59 60 61 61 62 63 63 64 65 66 66 67
80 80 80 80 80 80 80 80 80 80 80 80 80 80 79 79 79 79 79 79 79 78 78 78 78 78 77 77 77 76 76 75 75 74 73 73 72 73 73 72 70 69 70 67 65 59 59 57 54 52 50 49 49 48 47 48 49 51 49 49 50 51 53 54 55 56 55 55 59 57 54 54 54 53 53 53 54 54 55 55 56 56 57 58 58 59 60 61 61 62 63 64 64 65 66 67
80 80 80 80 80 80 80 80 80 80 80 80 80 80 80 80 80 79 79 79 79 79 79 78 78 78 78 77 77 77 76 76 75 75 74 73 72 71 72 75 72 71 68 68 68 65 61 63 59 53 51 50 51 51 48 49 49 50 49 48 47 48 50 52 56 56 59 55 57 56 55 53 53 51 51 52 53 53 54 54 55 56 56 57 58 59 59 60 61 62 62 63 64 65 65 66
81 81 81 81 81 81 81 81 81 80 80 80 80 80 80 80 80 80 80 79 79 79 79 79 78 78 78 78 77 77 77 76 76 75 74 73 72 71 72 75 73 70 68 66 66 67 65 61 59 61 54 51 51 52 50 49 49 48 47 46 46 45 46 50 51 51 56 52 51 52 53 51 51 50 50 51 52 52 53 54 54 55 56 56 57 58 59 60 60 61 62 63 63 64 65 66
81 81 81 81 81 81 81 81 81 81 81 81 80 80 80 80 80 80 80 80 79 79 79 79 79 79 78 78 78 77 77 77 76 75 75 74 73 72 70 72 71 69 70 68 69 66 64 62 62 59 56 50 50 50 50 49 48 47 46 44 43 43 43 44 47 52 63 57 52 51 50 52 51 49 49 50 51 51 52 53 53 54 55 56 57 57 58 59 60 61 61 62 63 64 64 65
81 81 81 81 81 81 81 81 81 81 81 81 81 81 80 80 80 80 80 80 80 80 79 79 79 79 79 78 78 78 77 77 76 76 75 74 73 72 71 71 70 69 69 69 60 60 58 56 58 66 57 51 51 58 52 49 48 49 46 43 40 39 40 41 43 47 54 53 48 49 53 53 51 47 48 49 50 50 51 52 53 54 54 55 56 57 58 58 59 60 61 62 62 63 64 65
81 81 81 81 81 81 81 81 81 81 81 81 81 81 81 81 80 80 80 80 80 80 80 79 79 79 79 79 78 78 78 77 77 76 76 75 74 73 72 70 71 70 68 67 59 56 59 58 60 62 53 54 53 60 60 58 55 55 51 42 39 36 38 39 40 42 43 45 48 50 50 52 49 46 47 48 49 50 50 51 52 53 54 55 55 56 57 58 59 60 60 61 62 63 64 64
81 81 81 81 81 81 81 81 81 81 81 81 81 81 81 81 81 81 80 80 80 80 80 80 80 79 79 79 79 78 78 78 77 77 76 75 75 74 72 71 69 72 70 65 64 68 66 58 55 61 60 58 55 60 57 55 55 52 53 50 41 39 37 37 38 41 43 45 46 47 46 47 46 45 46 47 48 49 50 50 51 52 53 54 55 56 57 58 58 59 60 61 62 62 63 64
81 81 81 81 81 81 81 81 81 81 81 81 81 81 81 81 81 81 81 80 80 80 80 80 80 80 79 79 79 79 78 78 77 77 77 76 75 74 73 72 70 68 68 67 62 62 65 64 61 63 63 57 58 56 52 54 52 52 52 51 45 49 40 38 38 39 44 46 49 46 43 44 44 44 45 46 47 48 49 50 51 52 53 54 54 55 56 57 58 59 60 60 61 62 63 64
81 81 81 81 81 81 81 81 81 81 81 81 81 81 81 81 81 81 81 81 80 80 80 80 80 80 79 79 79 79 78 78 78 77 77 76 76 75 74 73 72 69 66 65 61 59 59 57 58 60 58 56 52 51 47 49 50 50 49 49 48 48 48 38 37 38 41 45 47 43 41 42 44 45 44 45 46 47 48 49 50 51 52 53 54 55 56 57 58 58 59 60 61 62 63 63
81 81 81 81 81 81 81 81 81 81 81 81 81 81 81 81 81 81 81 81 81 80 80 80 80 80 80 79 79 79 79 78 78 78 77 77 76 76 75 74 73 71 67 64 62 62 58 59 55 51 57 52 47 47 45 46 48 46 46 46 49 47 47 39 37 37 40 42 47 42 40 40 41 44 44 45 46 47 48 49 50 51 52 53 54 54 55 56 57 58 59 60 61 61 62 63
81 81 81 81 81 81 81 81 81 81 81 81 81 81 81 81 81 81 81 81 81 81 80 80 80 80 80 79 79 79 79 78 78 78 77 77 76 76 75 74 73 72 72 63 62 65 57 58 63 51 51 57 49 47 46 47 46 46 45 45 45 49 43 40 38 38 40 40 44 41 39 40 41 43 43 44 45 46 47 48 49 50 51 52 53 54 55 56 57 58 59 60 60 61 62 63
81 81 81 81 82 82 82 82 82 82 82 81 81 81 81 81 81 81 81 81 81 81 80 80 80 80 80 80 79 79 79 78 78 78 77 77 76 76 75 74 73 72 71 67 61 58 56 58 55 51 53 57 49 48 48 46 46 46 46 44 44 43 41 40 41 40 38 38 39 38 38 39 40 41 43 44 45 46 47 48 49 50 51 52 53 54 55 56 57 58 58 59 60 61 62 63
81 81 81 82 82 82 82 82 82 82 82 82 81 81 81 81 81 81 81 81 81 81 81 80 80 80 80 80 79 79 79 78 78 78 77 77 76 76 75 74 73 71 69 67 62 59 56 56 52 50 52 49 49 49 49 47 45 44 45 44 44 42 41 42 40 42 39 40 41 38 38 39 40 41 42 43 44 46 47 48 49 50 51 52 53 54 55 55 56 57 58 59 60 61 62 62
81 81 82 82 82 82 82 82 82 82 82 82 81 81 81 81 81 81 81 81 81 81 81 80 80 80 80 80 79 79 79 78 78 78 77 77 76 75 75 73 72 70 67 66 62 60 58 55 54 55 54 51 53 49 48 51 47 44 43 43 44 41 43 42 39 43 39 37 38 38 38 40 40 41 42 43 44 45 46 47 49 50 51 52 52 53 54 55 56 57 58 59 60 61 61 62
81 81 82 82 82 82 82 82 82 82 82 82 82 81 81 81 81 81 81 81 81 81 81 80 80 80 80 80 79 79 79 78 78 78 77 76 76 75 74 73 71 69 67 64 63 61 60 56 53 51 53 49 51 54 49 57 54 46 42 43 46 41 39 39 37 38 40 39 41 38 39 40 40 41 42 43 44 45 46 47 48 49 50 51 52 53 54 55 56 57 58 59 60 60 61 62
81 81 82 82 82 82 82 82 82 82 82 82 82 81 81 81 81 81 81 81 81 81 81 80 80 80 80 79 79 79 79 78 78 77 77 76 75 75 74 72 71 69 67 64 64 61 59 56 53 53 51 49 48 51 53 50 49 48 47 43 42 42 40 40 37 35 37 39 39 37 38 39 40 41 42 43 44 45 46 47 48 49 50 51 52 53 54 55 56 57 58 59 59 60 61 62
81 81 82 82 82 82 82 82 82 82 82 82 82 81 81 81 81 81 81 81 81 81 80 80 80 80 80 79 79 79 78 78 78 77 77 76 75 74 73 72 70 69 67 65 63 63 60 58 54 54 53 51 52 52 56 51 55 55 51 52 48 50 48 39 38 35 36 37 38 39 38 39 40 41 42 43 44 45 46 47 48 49 50 51 52 53 54 55 56 57 58 58 59 60 61 62
81 81 82 82 82 82 82 82 82 82 82 82 81 81 81 81 81 81 81 81 81 81 80 80 80 80 80 79 79 79 78 78 77 77 76 76 75 74 73 72 70 69 67 65 63 62 60 58 56 54 60 56 52 53 62 58 56 51 47 48 47 48 47 41 39 37 36 38 38 41 39 40 41 42 43 44 45 46 47 48 49 50 50 51 52 53 54 55 56 57 58 58 59 60 61 62
81 81 81 82 82 82 82 82 82 82 82 81 81 81 81 81 81 81 81 81 81 81 80 80 80 80 79 79 79 78 78 78 77 77 76 75 75 74 73 71 70 68 67 65 63 61 60 59 58 57 57 58 55 54 59 57 53 51 50 52 47 50 45 42 39 38 41 40 40 41 40 41 41 42 43 44 45 46 47 48 49 50 51 52 52 53 54 55 56 57 58 58 59 60 61 62
81 81 81 82 82 82 82 82 82 82 81 81 81 81 81 81 81 81 81 81 81 80 80 80 80 80 79 79 79 78 78 78 77 76 76 75 74 73 72 71 70 69 67 65 64 62 61 59 62 58 57 57 60 57 57 58 60 56 55 52 50 49 48 44 42 40 39 42 42 42 41 41 42 43 44 45 45 46 47 48 49 50 51 52 53 53 54 55 56 57 58 58 59 60 61 62
