Data/bom_data/etaafeb.txt
ncols         417
nrows         337
xllcorner     112.15
yllcorner     -43.8
cellsize      0.1
NODATA_value  -9999
[rows 55 to 109 of 337, columns 192 to 287 of 417]
98 97 97 97 97 96 96 96 95 95 94 94 94 94 93 93 93 92 92 92 92 92 93 93 94 94 94 94 95 96 96 96 96 95 93 91 90 92 91 91 94 98 99 99 101 102 103 103 104 105 105 106 107 107 108 107 108 107 107 107 107 107 107 108 108 108 109 109 109 110 110 111 111 111 112 112 112 112 112 112 111 111 110 110 109 108 107 106 106 105 104 103 101 100 99 98
99 98 98 97 97 97 97 96 96 95 95 95 94 94 94 93 93 93 92 92 92 93 93 93 94 94 94 94 95 96 96 96 96 95 93 90 90 91 91 91 93 98 99 101 102 103 103 104 104 104 105 106 106 106 106 106 106 107 107 107 107 107 107 108 108 108 109 109 110 110 111 111 111 112 112 113 113 113 113 113 112 112 111 110 110 109 108 107 106 105 104 103 102 101 100 99
100 99 98 98 98 98 97 97 96 96 95 95 95 94 94 94 93 93 93 93 93 93 93 94 94 94 94 94 96 97 97 96 95 94 91 89 90 91 92 90 91 95 101 103 102 103 103 103 104 104 105 106 106 107 107 107 108 108 106 106 107 107 107 107 108 108 108 109 110 110 111 111 112 112 113 113 113 114 114 113 113 112 112 111 110 109 108 108 106 105 104 103 102 101 100 99
101 99 98 98 98 98 98 97 97 96 96 96 95 95 94 94 93 93 93 93 93 93 94 94 95 94 95 95 96 97 97 96 95 93 92 91 91 92 93 91 91 95 101 103 103 103 103 103 104 104 105 106 106 106 107 107 107 107 107 106 106 106 107 107 107 108 108 109 109 110 111 111 112 113 113 114 114 114 114 114 114 113 113 112 111 110 109 108 107 106 105 104 103 101 100 99
100 99 99 99 99 99 98 98 98 97 97 96 96 96 95 94 94 93 93 93 93 93 94 95 95 95 95 96 96 96 96 95 94 94 93 94 94 94 93 91 90 95 101 103 102 103 103 104 104 104 105 105 106 106 106 107 107 107 107 107 107 107 106 107 107 107 108 109 109 110 111 112 112 113 114 114 115 115 115 115 115 114 113 112 111 110 109 108 107 106 105 104 103 102 101 99
100 100 100 99 99 99 99 98 98 98 97 97 97 96 96 95 94 94 94 93 93 94 94 95 95 95 97 97 97 96 96 96 94 93 94 95 96 94 91 91 91 94 102 103 101 101 103 104 104 104 105 105 106 106 106 106 106 106 106 107 107 107 107 106 107 107 108 108 109 110 111 112 113 113 114 115 116 116 116 116 115 115 114 113 112 111 110 109 108 106 105 104 103 102 101 100
100 100 100 100 100 99 99 99 99 98 98 98 97 97 96 95 95 95 95 94 94 95 95 95 96 96 97 97 97 96 96 96 94 94 93 95 95 93 92 93 93 94 99 100 101 102 104 103 104 104 105 105 105 105 106 106 106 106 106 106 107 106 107 107 106 106 107 108 109 110 111 112 113 114 115 116 116 117 117 117 116 115 114 113 112 111 110 109 108 107 106 104 103 102 101 100
101 101 100 100 100 100 99 100 100 99 99 98 98 97 97 96 96 96 95 95 95 95 95 96 97 97 98 98 98 97 97 96 95 95 94 94 94 94 93 95 96 96 99 102 103 103 103 103 104 105 105 105 105 105 105 106 105 106 106 107 107 106 106 106 106 106 106 107 108 109 110 111 113 114 115 116 117 118 118 119 118 117 116 115 113 112 110 109 108 107 106 105 103 102 101 100
102 102 101 101 100 100 100 100 100 100 99 99 99 98 98 97 97 96 96 96 96 96 96 97 97 98 98 99 99 99 98 98 97 96 96 95 95 95 95 97 98 99 102 103 103 103 102 103 104 105 105 104 105 105 105 105 105 105 105 105 105 105 105 106 106 106 107 106 107 109 110 111 112 114 115 116 117 118 120 120 119 118 115 114 113 112 110 109 108 107 106 105 103 102 101 100
102 102 99 99 100 101 101 101 101 100 100 100 99 99 98 98 97 97 97 97 97 96 95 96 97 96 97 98 98 99 98 97 97 98 96 95 95 95 96 98 99 100 102 103 103 103 104 104 104 105 105 104 104 104 105 104 105 105 105 105 105 105 105 105 105 105 106 107 107 108 109 110 112 113 115 116 118 119 121 120 119 116 115 114 113 112 110 109 108 107 106 105 103 102 101 100
102 98 97 96 98 102 102 102 101 101 101 100 100 99 99 98 98 98 98 98 97 96 96 97 96 96 96 96 96 97 98 97 96 97 97 97 97 98 99 101 101 103 103 103 104 104 103 104 104 105 104 104 104 105 104 104 104 104 105 104 104 104 104 104 104 104 105 106 107 108 108 110 111 113 114 116 117 121 119 118 117 116 115 114 113 111 110 109 108 107 106 105 103 102 101 100
97 97 98 97 99 103 102 102 101 101 101 101 100 100 100 99 99 99 99 98 97 97 97 97 96 95 95 95 96 96 96 96 96 97 98 99 99 100 101 103 102 103 103 104 104 104 103 104 104 105 105 105 105 104 104 104 104 104 104 104 104 103 103 104 103 103 104 105 106 107 109 110 112 113 115 115 116 119 118 117 117 116 114 113 112 111 110 109 108 107 106 104 103 102 101 100
98 98 98 98 101 103 103 102 102 102 101 101 101 101 100 100 100 99 99 98 98 98 98 97 96 94 94 95 95 96 94 94 95 97 97 98 99 100 100 101 102 103 104 104 105 104 104 104 105 105 105 105 105 105 104 104 104 104 104 103 103 103 103 104 103 102 103 104 105 106 108 109 111 112 114 115 116 116 116 116 115 115 114 113 112 111 110 109 108 106 105 104 103 102 101 100
100 100 100 101 102 102 103 103 103 102 102 102 102 101 101 101 100 99 99 98 98 98 97 96 96 95 95 95 95 95 95 95 96 96 96 98 100 101 103 102 102 103 105 105 105 105 105 104 105 105 105 105 104 104 104 104 104 104 103 103 102 102 102 102 102 101 101 102 104 105 107 108 110 111 113 114 115 116 116 115 114 115 113 112 111 110 109 108 107 106 105 104 103 102 101 100
101 101 101 101 101 102 102 103 103 103 103 103 102 102 102 102 101 99 99 98 98 97 97 97 96 95 95 95 95 95 95 97 97 97 98 99 101 104 105 105 105 103 105 105 105 105 105 105 105 105 105 105 104 104 104 104 104 103 103 102 102 102 102 101 100 100 100 101 102 104 106 107 109 110 111 113 113 114 113 113 113 113 113 111 110 110 109 108 107 106 105 104 103 102 101 100
102 103 103 103 102 102 102 103 103 104 103 103 102 102 102 101 100 100 99 99 99 98 98 97 96 95 96 95 95 95 95 96 96 98 99 100 101 102 103 104 104 104 106 106 106 106 106 105 105 105 105 105 104 104 104 104 103 103 103 102 101 101 102 100 99 98 100 100 102 103 105 106 108 109 110 111 112 113 112 112 112 111 111 109 108 107 106 106 105 104 104 103 102 101 100 101
104 104 105 104 104 103 104 104 104 103 103 103 102 102 101 101 101 101 100 100 99 99 98 97 97 96 96 96 95 95 95 96 97 98 99 100 101 102 103 104 107 107 107 107 106 106 106 106 106 106 106 105 104 104 104 104 103 103 102 102 101 101 100 99 99 99 100 100 101 103 104 105 107 108 109 110 111 111 112 110 110 108 107 106 105 104 104 103 103 102 102 102 101 101 100 101
105 105 105 105 105 105 104 104 104 104 104 104 103 103 103 102 102 102 101 101 100 100 99 99 98 96 95 95 95 95 94 95 96 97 99 100 102 103 103 105 107 107 107 106 106 106 106 106 106 105 105 105 105 104 104 104 103 103 102 102 102 101 100 101 99 99 99 100 102 102 103 104 106 107 108 109 109 110 110 110 108 105 104 103 102 101 101 100 100 100 100 100 100 99 100 100
107 106 106 106 106 106 105 105 104 105 104 104 104 104 104 103 103 103 102 101 101 101 99 99 98 96 95 94 94 94 94 95 96 97 99 100 102 103 104 105 106 106 106 106 106 106 106 105 105 105 105 105 105 104 104 104 103 103 102 102 102 101 101 101 100 100 100 101 101 102 103 104 105 106 107 107 108 109 109 109 108 105 101 99 98 98 98 97 97 98 98 98 98 99 101 100
107 106 106 106 106 106 106 105 105 105 105 105 104 104 104 104 103 103 103 101 101 100 99 98 97 95 94 93 92 93 95 95 96 97 98 100 102 103 104 105 105 106 106 106 106 106 106 105 105 105 105 105 104 104 103 103 102 102 102 102 102 101 101 101 100 101 100 100 101 101 102 103 104 105 106 106 107 107 107 106 105 104 102 99 97 95 94 94 94 95 95 96 99 101 101 100
108 107 106 105 105 105 105 105 105 105 105 105 105 104 104 104 103 103 103 101 100 100 100 98 96 94 93 92 91 92 95 96 96 96 98 100 102 103 104 105 105 105 106 106 106 106 106 105 105 105 105 105 104 104 103 102 102 102 102 101 101 101 101 100 99 99 100 101 101 101 102 102 103 104 105 105 106 105 104 103 102 101 99 98 96 94 92 92 93 94 97 99 100 101 100 100
107 106 106 106 105 105 104 104 104 105 105 105 105 104 104 104 103 102 102 100 99 99 100 97 96 94 93 92 90 91 93 95 95 96 98 101 102 103 103 104 105 105 105 106 106 106 106 105 105 105 104 104 104 103 103 102 102 101 101 101 100 100 99 99 99 99 99 99 100 100 101 102 102 103 104 104 104 103 102 100 99 98 95 94 93 92 93 93 95 96 97 98 99 99 100 99
107 106 106 107 107 106 106 105 104 104 103 103 103 104 103 103 104 103 101 100 99 98 99 98 95 94 94 92 92 92 92 94 94 95 98 100 100 101 102 103 104 104 105 106 106 106 106 105 105 105 104 104 103 102 100 99 99 100 100 100 100 99 99 98 98 98 98 99 100 100 100 101 102 102 103 102 101 100 99 97 96 94 92 89 88 89 91 92 93 94 96 97 97 98 99 99
105 105 106 107 108 108 107 107 106 105 104 104 103 103 103 103 102 102 100 100 99 98 100 100 96 94 93 92 92 92 93 94 93 94 96 98 99 100 101 102 103 104 104 105 105 105 105 105 105 104 104 104 103 102 101 100 99 98 98 98 99 99 98 98 98 99 99 99 99 100 100 100 101 101 100 99 98 97 96 94 93 91 89 86 85 87 89 90 92 93 94 96 97 97 98 99
105 104 105 105 107 108 108 108 107 106 106 105 104 103 102 102 102 101 100 100 99 99 100 101 96 94 93 92 92 92 93 93 93 94 96 97 98 99 101 102 103 104 105 105 105 105 105 105 105 104 104 103 103 102 102 101 99 98 98 97 98 98 98 98 99 99 99 99 99 100 99 99 98 98 97 96 95 94 93 92 91 89 87 85 84 86 88 90 91 92 94 95 96 97 98 98
105 104 103 104 107 107 107 107 106 105 105 106 105 105 103 102 101 101 100 99 99 99 102 102 97 95 93 92 92 92 93 93 94 94 96 97 98 99 101 102 104 105 106 106 106 106 105 105 105 104 103 103 103 103 102 101 99 98 99 99 99 97 97 97 98 98 99 99 98 99 99 97 96 96 95 94 93 92 91 90 89 88 86 85 85 85 87 89 91 92 94 94 95 96 97 97
105 103 103 104 107 106 104 104 103 103 103 103 104 104 103 102 101 100 99 99 98 99 102 103 98 96 94 93 92 93 93 93 94 95 96 97 98 100 102 104 105 106 106 106 107 106 106 105 104 103 102 103 102 102 101 101 99 98 99 99 98 98 97 96 97 98 99 99 98 98 97 95 95 95 94 92 91 90 90 89 88 87 86 85 85 86 87 89 91 93 94 94 94 94 95 95
105 103 102 103 104 103 102 102 102 101 102 102 102 102 101 102 102 101 99 98 98 99 101 102 100 98 96 94 93 93 94 94 94 95 96 97 99 100 102 103 105 106 106 107 107 106 106 105 104 102 101 101 101 101 100 100 100 99 99 99 98 98 97 96 96 98 99 98 98 98 95 94 94 94 93 91 90 89 88 88 87 86 86 86 86 86 87 89 91 93 94 93 93 92 92 91
106 104 102 102 102 102 102 103 102 102 102 103 103 101 100 102 103 102 99 98 98 99 102 104 104 101 98 95 94 94 94 94 95 95 96 98 99 101 102 104 105 106 106 106 106 106 105 105 103 101 100 99 99 99 99 99 99 99 98 98 98 97 98 97 97 97 98 97 97 98 98 93 94 94 92 90 89 88 87 87 86 86 86 86 86 87 88 89 91 93 94 94 92 90 88 88
104 102 101 101 101 102 102 103 102 102 102 101 102 101 100 101 102 101 100 99 99 99 99 101 101 102 100 97 95 94 94 95 96 96 97 98 100 101 103 104 105 105 106 106 106 106 105 104 102 100 99 97 97 98 99 99 98 98 97 97 97 97 97 96 96 96 96 96 96 97 97 93 94 93 90 90 89 88 88 87 87 87 87 87 87 88 89 90 92 93 94 94 92 89 87 86
102 103 102 101 100 101 102 103 103 101 101 101 102 101 99 99 100 99 100 99 101 101 100 101 102 103 104 99 97 96 96 96 96 97 98 99 100 102 103 104 105 105 106 105 105 105 105 104 101 99 97 96 95 97 98 97 97 96 96 96 96 96 96 95 95 95 95 96 96 96 96 93 93 92 92 92 90 89 88 88 88 88 88 88 88 89 90 92 93 94 95 95 92 90 88 87
103 103 102 100 100 100 101 102 103 101 100 102 101 99 99 99 99 98 99 99 99 101 103 104 104 104 103 101 98 97 96 97 97 98 99 100 102 103 104 106 106 105 105 105 104 104 103 102 101 98 96 94 93 94 97 96 94 94 95 95 95 94 94 94 94 95 95 95 95 95 94 94 94 92 93 93 91 89 88 88 88 88 88 88 89 90 91 93 94 96 97 96 94 92 90 89
103 103 103 101 101 101 100 100 100 100 101 101 100 99 99 99 100 98 99 100 99 101 104 106 108 106 103 102 100 98 97 97 98 99 100 101 103 104 106 106 105 104 104 104 103 103 102 101 99 96 94 92 92 94 96 95 93 92 93 94 94 93 93 94 94 94 94 94 95 95 95 94 95 95 94 92 90 89 90 89 89 90 89 90 90 91 92 93 95 97 97 97 97 94 91 91
104 104 104 103 102 102 100 100 99 100 102 103 101 101 99 98 99 98 99 100 100 101 104 105 107 108 107 104 101 99 99 99 98 99 101 103 104 106 106 105 104 103 103 102 102 101 101 100 98 95 93 91 90 90 89 89 90 91 92 93 92 92 92 93 93 93 93 93 94 94 94 94 94 93 92 91 91 91 91 91 91 91 90 90 91 92 93 94 96 97 96 96 96 95 93 92
105 106 105 103 102 101 100 99 99 99 102 103 102 99 97 97 99 99 100 100 102 104 103 104 105 108 108 106 103 100 100 100 101 101 103 104 106 105 105 104 103 102 102 101 101 100 99 99 97 95 92 89 87 86 86 87 88 89 90 91 91 91 91 92 92 92 92 92 92 92 92 93 90 89 92 91 93 94 93 94 93 93 92 91 92 93 94 94 96 96 96 96 96 95 94 93
105 106 105 102 101 101 99 99 98 99 102 103 101 97 97 99 100 101 102 101 102 106 104 105 107 108 111 109 104 101 100 101 106 102 104 106 106 105 104 103 102 101 101 100 99 99 98 97 96 93 91 88 86 85 86 87 87 88 89 90 90 90 90 90 91 91 91 90 89 90 90 89 90 87 92 94 95 96 96 95 93 94 93 92 93 93 94 95 96 95 95 95 95 95 94 93
106 104 102 101 100 99 99 100 101 100 102 101 98 97 97 100 102 103 103 102 103 106 106 106 109 110 114 111 105 104 102 101 102 103 105 106 105 104 102 102 101 100 99 99 98 97 96 96 95 92 90 88 86 86 86 86 87 88 88 89 89 89 89 89 90 90 90 91 89 89 88 89 90 88 93 94 95 96 96 96 96 95 95 94 93 93 94 95 95 95 95 95 95 95 94 93
103 101 101 100 99 98 100 102 102 101 99 97 96 97 97 99 102 104 103 102 101 103 104 107 108 108 108 105 104 104 104 102 102 104 106 105 103 102 101 100 99 99 98 97 96 96 95 94 95 92 90 88 86 86 86 86 86 87 87 87 87 87 87 88 88 89 90 88 88 88 88 86 85 82 86 93 94 95 95 95 94 94 94 94 94 94 94 94 94 94 94 94 94 94 92 92
101 101 100 100 99 99 99 100 102 101 98 95 95 96 96 96 98 99 99 99 98 99 101 103 105 108 109 106 103 104 103 103 103 105 104 103 102 101 100 99 98 97 96 96 95 94 93 93 96 93 91 88 87 86 86 86 86 86 86 86 86 86 86 86 87 88 88 89 88 88 86 86 86 84 86 91 93 94 94 94 94 95 94 93 94 94 93 94 94 94 94 94 94 94 92 90
102 101 99 99 100 101 101 101 102 100 97 95 95 95 95 95 95 95 96 96 97 98 99 101 103 106 107 106 103 103 103 103 103 105 103 102 101 99 98 97 97 96 95 94 93 93 98 97 95 93 91 89 87 86 86 86 85 84 84 84 84 84 84 85 86 86 87 88 88 86 85 86 87 86 89 91 93 93 94 93 94 94 93 93 93 93 93 93 93 93 93 93 93 93 91 90
102 100 101 100 99 100 101 102 103 100 96 96 95 94 94 95 95 95 95 96 97 97 98 99 100 103 105 109 106 105 106 105 103 105 102 100 99 98 97 96 95 94 93 93 92 99 97 95 94 92 91 89 87 86 86 86 86 83 82 82 82 82 83 83 84 85 86 87 87 86 85 86 87 88 89 90 92 92 92 93 93 93 93 92 93 92 92 92 93 92 93 93 92 91 90 90
101 101 102 102 100 99 100 101 100 96 97 96 95 95 94 94 95 95 95 96 97 97 98 98 100 101 103 106 107 108 106 104 106 106 100 98 97 96 95 94 93 92 92 91 101 99 96 95 92 91 89 88 87 86 85 85 85 85 81 80 80 80 81 82 83 84 85 86 86 85 85 86 87 88 89 90 91 92 91 92 93 93 93 92 93 92 92 92 92 92 92 92 91 91 90 90
102 100 100 100 99 98 98 98 97 95 96 97 96 94 93 94 95 96 95 95 96 97 98 98 99 101 104 105 106 105 104 102 100 99 98 96 95 94 93 92 91 91 90 102 100 97 96 94 92 90 89 89 86 85 85 84 84 85 79 78 78 78 79 80 81 83 84 85 85 84 85 85 86 86 88 89 90 91 91 91 92 92 92 91 92 91 91 91 91 91 91 91 91 90 90 90
101 100 99 99 98 97 96 95 96 96 95 96 94 92 92 93 94 96 96 96 97 97 98 98 99 102 105 106 103 103 101 99 98 97 96 94 107 106 91 90 90 89 102 100 98 96 94 93 92 91 91 89 88 87 86 84 84 84 85 77 76 76 77 78 84 85 85 83 83 83 83 85 84 82 84 83 89 90 90 91 91 91 91 90 90 90 90 90 90 90 90 90 90 90 90 90
101 100 99 98 98 97 95 94 93 93 94 95 93 92 92 92 93 95 95 96 97 97 97 98 99 102 105 100 100 99 98 97 95 94 93 92 106 106 106 106 105 103 101 99 97 94 93 92 91 92 91 89 89 88 85 83 82 83 83 84 84 75 76 83 82 83 82 81 81 81 81 82 81 79 77 82 88 88 90 90 90 91 90 90 90 89 89 90 89 89 89 90 90 90 90 90
103 101 98 98 97 97 97 96 94 92 92 92 92 91 91 92 92 93 95 95 96 96 97 98 99 100 104 108 96 96 95 94 93 91 90 89 89 106 106 105 103 102 100 97 95 93 92 92 91 89 88 89 89 87 85 82 81 81 82 82 82 82 82 81 81 81 80 80 79 78 79 80 78 74 75 81 84 87 88 89 89 90 89 89 89 89 89 89 89 89 88 89 89 89 90 90
103 101 99 98 97 96 97 97 97 95 94 94 95 94 92 92 92 93 94 95 96 96 97 98 98 99 101 104 108 92 91 91 90 88 87 87 86 106 105 104 102 100 98 95 93 91 90 89 88 87 86 87 88 87 85 82 80 80 80 81 81 81 81 80 80 79 78 78 77 76 75 73 72 72 75 78 81 86 87 88 88 88 89 88 88 88 88 88 88 87 87 88 88 88 89 89
104 103 100 98 97 95 95 98 99 97 96 94 95 95 93 92 92 93 94 95 95 96 96 97 98 99 100 102 104 107 88 88 86 85 106 106 105 104 104 102 101 98 96 94 91 89 87 86 85 84 85 86 86 85 83 82 80 79 79 79 79 79 80 79 78 78 77 75 74 73 73 74 72 73 77 77 81 85 85 87 87 88 88 87 87 88 87 87 87 86 86 87 87 87 88 88
102 102 100 98 95 94 94 95 96 97 96 93 94 93 92 92 92 93 95 96 95 95 96 96 97 98 99 102 104 86 85 84 84 84 106 105 104 104 103 102 100 97 95 92 89 87 86 84 83 82 82 82 82 82 81 81 80 78 78 78 78 78 79 78 77 77 75 75 75 74 73 73 75 76 76 76 79 83 84 85 86 87 86 86 86 86 86 85 85 85 86 86 86 87 87 87
101 100 99 97 95 93 92 92 93 94 94 93 94 92 92 92 92 92 93 94 94 94 95 96 96 96 98 101 107 82 81 81 81 81 105 103 103 102 101 101 98 98 94 90 87 85 84 82 81 80 79 79 80 80 79 78 77 76 76 76 76 77 77 77 77 76 75 75 74 73 72 73 73 73 73 75 78 81 82 83 84 85 84 84 85 85 84 85 84 84 85 85 86 86 86 86
99 98 98 96 94 93 92 91 91 92 93 93 93 91 91 91 91 92 92 93 93 94 95 95 95 95 96 98 102 105 106 78 78 78 104 101 101 99 99 98 97 96 93 88 85 83 81 80 79 78 77 77 78 78 77 76 76 75 75 75 76 77 80 77 77 75 74 73 73 72 71 70 70 71 72 73 75 78 80 80 80 81 81 82 83 83 84 83 84 84 83 84 85 85 85 86
98 96 96 94 93 93 92 91 90 90 91 92 94 91 91 91 92 92 93 93 92 92 93 93 94 96 96 96 98 100 103 107 74 75 75 101 99 99 98 96 98 77 92 86 83 81 80 78 77 77 76 75 75 76 76 76 75 74 74 74 75 75 77 76 76 75 75 73 72 70 69 68 68 68 69 71 73 76 80 78 77 76 79 80 81 81 81 82 82 82 82 83 84 84 84 85
96 97 94 93 93 93 92 90 89 88 89 90 91 91 90 91 91 91 91 91 90 91 92 93 93 94 94 94 95 96 98 100 101 102 103 99 99 96 97 100 74 100 90 85 82 79 77 76 75 74 73 72 73 73 73 74 74 74 73 73 74 74 74 75 75 76 75 73 71 69 67 66 66 67 67 69 71 74 77 75 75 76 77 77 79 80 80 80 80 81 81 82 84 83 83 84
93 93 94 94 93 92 91 89 88 88 88 88 89 90 91 91 90 91 91 91 90 90 91 93 93 93 92 93 93 93 94 94 94 97 99 98 97 99 98 98 94 91 88 84 80 77 75 73 72 71 69 68 69 69 70 70 71 71 71 72 73 73 74 74 75 74 73 72 69 67 65 65 64 65 66 67 68 71 74 80 74 75 75 76 77 77 77 78 78 79 80 80 82 82 82 83
90 90 90 91 91 92 90 89 89 87 87 86 87 89 91 91 90 91 90 89 88 88 90 93 94 93 91 91 91 91 90 90 90 92 95 99 71 100 96 92 91 87 83 80 77 75 73 71 69 67 66 65 65 66 66 67 68 69 70 71 72 72 73 73 73 72 71 70 67 64 64 63 63 63 63 64 65 68 70 73 80 73 74 74 75 76 76 77 77 78 79 80 81 81 81 82
