Data/bom_data/etaajun.txt
ncols         417
nrows         337
xllcorner     112.15
yllcorner     -43.8
cellsize      0.1
NODATA_value  -9999
[rows 0 to 56 of 337, columns 0 to 95 of 417]
57 57 57 57 57 57 57 57 57 56 56 56 56 56 56 56 56 56 56 56 56 56 56 55 55 55 55 55 55 55 55 55 55 55 55 55 54 54 54 54 54 54 54 54 54 54 54 54 54 54 54 53 53 53 53 53 53 53 53 53 53 53 53 53 53 53 53 53 53 53 52 52 52 52 52 52 52 52 52 52 52 52 52 52 52 52 52 52 52 52 52 52 52 52 52 52
56 56 57 57 57 57 56 56 56 56 56 56 56 56 56 56 56 56 56 55 55 55 55 55 55 55 55 55 55 55 55 55 54 54 54 54 54 54 54 54 54 54 54 54 54 54 53 53 53 53 53 53 53 53 53 53 53 53 53 53 53 53 52 52 52 52 52 52 52 52 52 52 52 52 52 52 52 52 52 52 52 52 52 52 52 52 52 51 51 51 51 51 51 51 51 51
56 56 56 56 56 56 56 56 56 56 56 56 56 56 56 55 55 55 55 55 55 55 55 55 55 55 55 55 54 54 54 54 54 54 54 54 54 54 54 54 54 54 53 53 53 53 53 53 53 53 53 53 53 53 53 53 52 52 52 52 52 52 52 52 52 52 52 52 52 52 52 52 52 52 52 51 51 51 51 51 51 51 51 51 51 51 51 51 51 51 51 51 51 51 51 51
56 56 56 56 56 56 56 56 56 56 56 56 55 55 55 55 55 55 55 55 55 55 55 55 54 54 54 54 54 54 54 54 54 54 54 54 54 53 53 53 53 53 53 53 53 53 53 53 53 53 53 52 52 52 52 52 52 52 52 52 52 52 52 52 52 52 52 51 51 51 51 51 51 51 51 51 51 51 51 51 51 51 51 51 51 51 51 51 51 51 51 51 51 51 50 50
55 56 56 56 56 56 56 56 55 55 55 55 55 55 55 55 55 55 55 55 55 54 54 54 54 54 54 54 54 54 54 54 54 53 53 53 53 53 53 53 53 53 53 53 53 53 53 52 52 52 52 52 52 52 52 52 52 52 52 52 52 51 51 51 51 51 51 51 51 51 51 51 51 51 51 51 51 51 51 51 50 50 50 50 50 50 50 50 50 50 50 50 50 50 50 50
55 55 55 55 56 55 55 55 55 55 55 55 55 55 55 55 55 54 54 54 54 54 54 54 54 54 54 54 54 54 53 53 53 53 53 53 53 53 53 53 53 53 52 52 52 52 52 52 52 52 52 52 52 52 52 52 51 51 51 51 51 51 51 51 51 51 51 51 51 51 51 51 50 50 50 50 50 50 50 50 50 50 50 50 50 50 50 50 50 50 50 50 50 50 50 50
55 55 55 55 55 55 55 55 55 55 55 55 55 55 54 54 54 54 54 54 54 54 54 54 54 54 53 53 53 53 53 53 53 53 53 53 53 53 52 52 52 52 52 52 52 52 52 52 52 52 52 51 51 51 51 51 51 51 51 51 51 51 51 51 51 51 50 50 50 50 50 50 50 50 50 50 50 50 50 50 50 50 50 50 50 49 49 49 49 49 49 49 49 49 49 49
54 55 55 55 55 55 55 55 55 55 55 54 54 54 54 54 54 54 54 54 54 54 54 53 53 53 53 53 53 53 53 53 53 53 53 52 52 52 52 52 52 52 52 52 52 52 52 51 51 51 51 51 51 51 51 51 51 51 51 51 50 50 50 50 50 50 50 50 50 50 50 50 50 50 50 50 50 49 49 49 49 49 49 49 49 49 49 49 49 49 49 49 49 49 49 49
54 54 54 55 55 55 55 55 54 54 54 54 54 54 54 54 54 54 54 53 53 53 53 53 53 53 53 53 53 53 53 52 52 52 52 52 52 52 52 52 52 52 52 51 51 51 51 51 51 51 51 51 51 51 51 51 50 50 50 50 50 50 50 50 50 50 50 50 50 50 49 49 49 49 49 49 49 49 49 49 49 49 49 49 49 49 49 49 49 49 48 48 48 48 48 48
54 54 54 54 54 54 54 54 54 54 54 54 54 54 54 54 53 53 53 53 53 53 53 53 53 53 53 53 52 52 52 52 52 52 52 52 52 52 52 51 51 51 51 51 51 51 51 51 51 51 51 50 50 50 50 50 50 50 50 50 50 50 50 50 50 49 49 49 49 49 49 49 49 49 49 49 49 49 49 49 49 48 48 48 48 48 48 48 48 48 48 48 48 48 48 48
54 54 54 54 54 54 54 54 54 54 54 54 54 53 53 53 53 53 53 53 53 53 53 53 52 52 52 52 52 52 52 52 52 52 52 52 51 51 51 51 51 51 51 51 51 51 51 50 50 50 50 50 50 50 50 50 50 50 50 50 49 49 49 49 49 49 49 49 49 49 49 49 49 49 48 48 48 48 48 48 48 48 48 48 48 48 48 48 48 48 48 48 48 48 47 47
53 53 54 54 54 54 54 54 54 54 53 53 53 53 53 53 53 53 53 53 53 52 52 52 52 52 52 52 52 52 52 52 51 51 51 51 51 51 51 51 51 51 51 50 50 50 50 50 50 50 50 50 50 50 50 49 49 49 49 49 49 49 49 49 49 49 49 49 48 48 48 48 48 48 48 48 48 48 48 48 48 48 48 48 48 47 47 47 47 47 47 47 47 47 47 47
53 53 53 53 53 54 54 54 53 53 53 53 53 53 53 53 53 53 52 52 52 52 52 52 52 52 52 52 52 51 51 51 51 51 51 51 51 51 51 51 50 50 50 50 50 50 50 50 50 50 50 49 49 49 49 49 49 49 49 49 49 49 49 49 48 48 48 48 48 48 48 48 48 48 48 48 48 48 47 47 47 47 47 47 47 47 47 47 47 47 47 47 47 47 47 47
53 53 53 53 53 53 53 53 53 53 53 53 53 53 53 53 52 52 52 52 52 52 52 52 52 52 51 51 51 51 51 51 51 51 51 51 51 50 50 50 50 50 50 50 50 50 50 50 49 49 49 49 49 49 49 49 49 49 49 48 48 48 48 48 48 48 48 48 48 48 48 48 47 47 47 47 47 47 47 47 47 47 47 47 47 47 47 47 46 46 46 46 46 46 46 46
52 53 53 53 53 53 53 53 53 53 53 53 53 52 52 52 52 52 52 52 52 52 52 51 51 51 51 51 51 51 51 51 51 51 50 50 50 50 50 50 50 50 50 50 49 49 49 49 49 49 49 49 49 49 49 48 48 48 48 48 48 48 48 48 48 48 48 47 47 47 47 47 47 47 47 47 47 47 47 47 47 46 46 46 46 46 46 46 46 46 46 46 46 46 46 46
52 52 52 52 53 53 53 53 53 53 52 52 52 52 52 52 52 52 52 52 51 51 51 51 51 51 51 51 51 51 51 50 50 50 50 50 50 50 50 50 50 49 49 49 49 49 49 49 49 49 49 48 48 48 48 48 48 48 48 48 48 48 48 47 47 47 47 47 47 47 47 47 47 47 47 47 46 46 46 46 46 46 46 46 46 46 46 46 46 46 46 45 45 45 45 45
52 52 52 52 52 52 53 52 52 52 52 52 52 52 52 52 52 52 51 51 51 51 51 51 51 51 51 51 50 50 50 50 50 50 50 50 50 50 49 49 49 49 49 49 49 49 49 49 48 48 48 48 48 48 48 48 48 48 48 47 47 47 47 47 47 47 47 47 47 47 47 46 46 46 46 46 46 46 46 46 46 46 46 46 45 45 45 45 45 45 45 45 45 45 45 45
52 52 52 52 52 52 52 52 52 52 52 52 52 52 52 51 51 51 51 51 51 51 51 51 51 50 50 50 50 50 50 50 50 50 50 49 49 49 49 49 49 49 49 49 49 48 48 48 48 48 48 48 48 48 48 47 47 47 47 47 47 47 47 47 47 47 46 46 46 46 46 46 46 46 46 46 46 46 46 45 45 45 45 45 45 45 45 45 45 45 45 45 45 45 44 44
51 51 51 52 52 52 52 52 52 52 52 52 52 51 51 51 51 51 51 51 51 51 50 50 50 50 50 50 50 50 50 50 49 49 49 49 49 49 49 49 49 49 48 48 48 48 48 48 48 48 48 48 47 47 47 47 47 47 47 47 47 47 46 46 46 46 46 46 46 46 46 46 46 46 45 45 45 45 45 45 45 45 45 45 45 45 45 44 44 44 44 44 44 44 44 44
51 51 51 51 51 52 52 52 52 52 51 51 51 51 51 51 51 51 51 51 50 50 50 50 50 50 50 50 50 49 49 49 49 49 49 49 49 49 49 48 48 48 48 48 48 48 48 48 47 47 47 47 47 47 47 47 47 47 46 46 46 46 46 46 46 46 46 46 46 45 45 45 45 45 45 45 45 45 45 45 45 45 44 44 44 44 44 44 44 44 44 44 44 44 44 44
51 51 51 51 51 51 51 51 51 51 51 51 51 51 51 51 51 50 50 50 50 50 50 50 50 50 50 49 49 49 49 49 49 49 49 49 48 48 48 48 48 48 48 48 48 47 47 47 47 47 47 47 47 47 47 46 46 46 46 46 46 46 46 46 46 45 45 45 45 45 45 45 45 45 45 45 45 44 44 44 44 44 44 44 44 44 44 44 44 44 43 43 43 43 43 43
50 50 51 51 51 51 51 51 51 51 51 51 51 51 51 50 50 50 50 50 50 50 50 50 49 49 49 49 49 49 49 49 49 48 48 48 48 48 48 48 48 48 47 47 47 47 47 47 47 47 47 47 46 46 46 46 46 46 46 46 46 46 45 45 45 45 45 45 45 45 45 45 44 44 44 44 44 44 44 44 44 44 44 44 43 43 43 43 43 43 43 43 43 43 43 43
50 50 50 50 51 51 51 51 51 51 51 51 50 50 50 50 50 50 50 50 50 50 49 49 49 49 49 49 49 49 49 48 48 48 48 48 48 48 48 48 47 47 47 47 47 47 47 47 47 46 46 46 46 46 46 46 46 46 45 45 45 45 45 45 45 45 45 45 44 44 44 44 44 44 44 44 44 44 44 43 43 43 43 43 43 43 43 43 43 43 43 43 42 42 42 42
50 50 50 50 50 50 50 50 51 51 50 50 50 50 50 50 50 50 50 49 49 49 49 49 49 49 49 49 48 48 48 48 48 48 48 48 48 47 47 47 47 47 47 47 47 47 46 46 46 46 46 46 46 46 46 45 45 45 45 45 45 45 45 45 45 44 44 44 44 44 44 44 44 44 44 43 43 43 43 43 43 43 43 43 43 43 43 42 42 42 42 42 42 42 42 42
49 50 50 50 50 50 50 50 50 50 50 50 50 50 50 50 50 49 49 49 49 49 49 49 49 49 48 48 48 48 48 48 48 48 47 47 47 47 47 47 47 47 47 46 46 46 46 46 46 46 46 46 45 45 45 45 45 45 45 45 45 44 44 44 44 44 44 44 44 44 44 43 43 43 43 43 43 43 43 43 43 43 42 42 42 42 42 42 42 42 42 42 42 42 41 41
49 49 49 50 50 50 50 50 50 50 50 50 50 50 50 49 49 49 49 49 49 49 49 48 48 48 48 48 48 48 48 48 47 47 47 47 47 47 47 47 46 46 46 46 46 46 46 46 46 45 45 45 45 45 45 45 45 45 44 44 44 44 44 44 44 44 44 43 43 43 43 43 43 43 43 43 43 43 42 42 42 42 42 42 42 42 42 42 42 41 41 41 41 41 41 41
49 49 49 49 49 49 49 50 50 50 50 50 49 49 49 49 49 49 49 49 49 48 48 48 48 48 48 48 48 48 47 47 47 47 47 47 47 47 46 46 46 46 46 46 46 46 45 45 45 45 45 45 45 45 45 44 44 44 44 44 44 44 44 44 43 43 43 43 43 43 43 43 43 43 42 42 42 42 42 42 42 42 42 42 41 41 41 41 41 41 41 41 41 41 41 41
49 49 49 49 49 49 49 49 49 49 49 49 49 49 49 49 49 49 49 48 48 48 48 48 48 48 48 47 47 47 47 47 47 47 47 47 46 46 46 46 46 46 46 46 45 45 45 45 45 45 45 45 44 44 44 44 44 44 44 44 44 43 43 43 43 43 43 43 43 43 42 42 42 42 42 42 42 42 42 42 41 41 41 41 41 41 41 41 41 41 41 40 40 40 40 40
48 48 49 49 49 49 49 49 49 49 49 49 49 49 49 49 49 48 48 48 48 48 48 48 48 47 47 47 47 47 47 47 47 46 46 46 46 46 46 46 46 45 45 45 45 45 45 45 45 45 44 44 44 44 44 44 44 44 43 43 43 43 43 43 43 43 43 42 42 42 42 42 42 42 42 42 41 41 41 41 41 41 41 41 41 41 40 40 40 40 40 40 40 40 40 40
48 48 48 48 48 48 49 49 49 49 49 49 49 49 49 48 48 48 48 48 48 48 48 47 47 47 47 47 47 47 47 46 46 46 46 46 46 46 46 45 45 45 45 45 45 45 45 44 44 44 44 44 44 44 44 43 43 43 43 43 43 43 43 43 42 42 42 42 42 42 42 42 42 41 41 41 41 41 41 41 41 41 40 40 40 40 40 40 40 40 40 40 40 39 39 39
48 48 48 48 48 48 48 48 48 49 49 49 49 48 48 48 48 48 48 48 48 47 47 47 47 47 47 47 47 46 46 46 46 46 46 46 46 45 45 45 45 45 45 45 45 44 44 44 44 44 44 44 44 43 43 43 43 43 43 43 43 42 42 42 42 42 42 42 42 41 41 41 41 41 41 41 41 41 40 40 40 40 40 40 40 40 40 40 39 39 39 39 39 39 39 39
47 48 48 48 48 48 48 48 48 48 48 48 48 48 48 48 48 48 48 47 47 47 47 47 47 47 47 46 46 46 46 46 46 46 46 45 45 45 45 45 45 45 44 44 44 44 44 44 44 44 43 43 43 43 43 43 43 43 42 42 42 42 42 42 42 42 41 41 41 41 41 41 41 41 41 40 40 40 40 40 40 40 40 40 39 39 39 39 39 39 39 39 39 39 39 38
47 47 47 47 48 48 48 48 48 48 48 48 48 48 48 48 48 47 47 47 47 47 47 47 47 46 46 46 46 46 46 46 45 45 45 45 45 45 45 45 44 44 44 44 44 44 44 44 43 43 43 43 43 43 43 42 42 42 42 42 42 42 42 41 41 41 41 41 41 41 41 41 40 40 40 40 40 40 40 40 40 39 39 39 39 39 39 39 39 39 38 38 38 38 38 38
47 47 47 47 47 47 47 47 48 48 48 48 48 48 48 47 47 47 47 47 47 47 47 46 46 46 46 46 46 46 45 45 45 45 45 45 45 45 44 44 44 44 44 44 44 43 43 43 43 43 43 43 43 42 42 42 42 42 42 42 42 41 41 41 41 41 41 41 41 40 40 40 40 40 40 40 40 39 39 39 39 39 39 39 39 39 38 38 38 38 38 38 38 38 38 38
47 47 47 47 47 47 47 47 47 47 47 47 48 47 47 47 47 47 47 47 47 46 46 46 46 46 46 46 45 45 45 45 45 45 45 45 44 44 44 44 44 44 44 43 43 43 43 43 43 43 43 42 42 42 42 42 42 42 41 41 41 41 41 41 41 41 40 40 40 40 40 40 40 40 39 39 39 39 39 39 39 39 39 38 38 38 38 38 38 38 38 38 37 37 37 37
47 47 47 47 47 47 47 47 47 47 47 47 47 47 47 47 47 47 47 46 46 46 46 46 46 46 45 45 45 45 45 45 45 45 44 44 44 44 44 44 44 43 43 43 43 43 43 43 42 42 42 42 42 42 42 42 41 41 41 41 41 41 41 40 40 40 40 40 40 40 40 39 39 39 39 39 39 39 39 38 38 38 38 38 38 38 38 38 37 37 37 37 37 37 37 37
47 47 47 47 47 47 47 47 47 47 47 47 47 47 47 47 47 46 46 46 46 46 46 46 46 45 45 45 45 45 45 45 44 44 44 44 44 44 44 43 43 43 43 43 43 43 42 42 42 42 42 42 42 41 41 41 41 41 41 41 41 40 40 40 40 40 40 40 39 39 39 39 39 39 39 39 38 38 38 38 38 38 38 38 38 37 37 37 37 37 37 37 37 37 36 36
47 47 47 47 47 47 47 47 46 46 46 47 47 47 47 46 46 46 46 46 46 46 46 45 45 45 45 45 45 45 44 44 44 44 44 44 44 43 43 43 43 43 43 43 42 42 42 42 42 42 42 41 41 41 41 41 41 41 40 40 40 40 40 40 40 40 39 39 39 39 39 39 39 38 38 38 38 38 38 38 38 37 37 37 37 37 37 37 37 37 36 36 36 36 36 36
47 47 47 47 47 47 46 46 46 46 46 46 46 46 46 46 46 46 46 46 46 45 45 45 45 45 45 45 44 44 44 44 44 44 44 43 43 43 43 43 43 43 42 42 42 42 42 42 42 41 41 41 41 41 41 41 40 40 40 40 40 40 40 39 39 39 39 39 39 39 39 38 38 38 38 38 38 38 37 37 37 37 37 37 37 37 37 36 36 36 36 36 36 36 36 35
47 47 46 46 46 46 46 46 46 46 46 46 46 46 46 46 46 46 46 45 45 45 45 45 45 45 44 44 44 44 44 44 44 43 43 43 43 43 43 43 42 42 42 42 42 42 42 41 41 41 41 41 41 41 40 40 40 40 40 40 40 39 39 39 39 39 39 39 38 38 38 38 38 38 38 37 37 37 37 37 37 37 37 36 36 36 36 36 36 36 36 36 35 35 35 35
46 46 46 46 46 46 46 46 46 46 46 46 46 46 46 46 46 46 45 45 45 45 45 45 45 44 44 44 44 44 44 44 43 43 43 43 43 43 42 42 42 42 42 42 42 41 41 41 41 41 41 41 40 40 40 40 40 40 39 39 39 39 39 39 39 39 38 38 38 38 38 38 38 37 37 37 37 37 37 37 36 36 36 36 36 36 36 36 35 35 35 35 35 35 35 35
46 46 46 46 46 46 46 46 46 46 46 46 46 46 46 46 45 45 45 45 45 45 45 44 44 44 44 44 44 44 43 43 43 43 43 43 42 42 42 42 42 42 42 41 41 41 41 41 41 41 40 40 40 40 40 40 39 39 39 39 39 39 39 38 38 38 38 38 38 38 37 37 37 37 37 37 37 37 36 36 36 36 36 36 36 35 35 35 35 35 35 35 35 34 34 34
46 46 46 46 46 46 46 46 46 46 46 46 46 46 45 45 45 45 45 45 45 44 44 44 44 44 44 44 43 43 43 43 43 43 43 42 42 42 42 42 42 41 41 41 41 41 41 41 40 40 40 40 40 40 39 39 39 39 39 39 39 38 38 38 38 38 38 38 37 37 37 37 37 37 37 36 36 36 36 36 36 36 35 35 35 35 35 35 35 35 34 34 34 34 34 34
46 46 46 46 46 46 46 46 46 46 46 46 46 45 45 45 45 45 45 45 44 44 44 44 44 44 43 43 43 43 43 43 43 42 42 42 42 42 42 41 41 41 41 41 41 41 40 40 40 40 40 40 39 39 39 39 39 39 39 38 38 38 38 38 38 37 37 37 37 37 37 37 36 36 36 36 36 36 36 36 35 35 35 35 35 35 35 34 34 34 34 34 34 34 34 33
46 46 46 46 46 46 46 46 46 46 46 45 45 45 45 45 45 45 44 44 44 44 44 44 44 43 43 43 43 43 43 42 42 42 42 42 42 42 41 41 41 41 41 41 40 40 40 40 40 40 39 39 39 39 39 39 39 38 38 38 38 38 38 37 37 37 37 37 37 37 36 36 36 36 36 36 36 35 35 35 35 35 35 35 34 34 34 34 34 34 34 34 33 33 33 33
45 45 45 45 45 45 45 45 45 45 45 45 45 45 45 45 45 44 44 44 44 44 44 43 43 43 43 43 43 43 42 42 42 42 42 42 41 41 41 41 41 41 40 40 40 40 40 40 40 39 39 39 39 39 39 38 38 38 38 38 38 37 37 37 37 37 37 37 36 36 36 36 36 36 35 35 35 35 35 35 35 34 34 34 34 34 34 34 34 33 33 33 33 33 33 33
45 45 45 45 45 45 45 45 45 45 45 45 45 45 45 44 44 44 44 44 44 44 43 43 43 43 43 43 42 42 42 42 42 42 41 41 41 41 41 41 41 40 40 40 40 40 40 39 39 39 39 39 39 38 38 38 38 38 38 37 37 37 37 37 37 36 36 36 36 36 36 36 35 35 35 35 35 35 35 34 34 34 34 34 34 34 33 33 33 33 33 33 33 32 32 32
45 45 45 45 45 45 45 45 45 45 45 45 45 45 44 44 44 44 44 44 43 43 43 43 43 43 43 42 42 42 42 42 42 41 41 41 41 41 41 40 40 40 40 40 40 39 39 39 39 39 39 38 38 38 38 38 38 37 37 37 37 37 37 36 36 36 36 36 36 36 35 35 35 35 35 35 34 34 34 34 34 34 34 33 33 33 33 33 33 33 33 32 32 32 32 32
45 45 45 45 45 45 45 45 45 45 45 45 44 44 44 44 44 44 44 43 43 43 43 43 43 42 42 42 42 42 42 41 41 41 41 41 41 40 40 40 40 40 40 39 39 39 39 39 39 38 38 38 38 38 38 37 37 37 37 37 37 36 36 36 36 36 36 36 35 35 35 35 35 35 34 34 34 34 34 34 34 33 33 33 33 33 33 33 32 32 32 32 32 32 32 31
44 45 45 45 45 45 45 45 45 45 45 44 44 44 44 44 44 44 43 43 43 43 43 43 42 42 42 42 42 42 41 41 41 41 41 41 40 40 40 40 40 40 39 39 39 39 39 39 38 38 38 38 38 38 37 37 37 37 37 37 36 36 36 36 36 36 35 35 35 35 35 35 34 34 34 34 34 34 33 33 33 33 33 33 33 32 32 32 32 32 32 32 31 31 31 31
44 44 44 44 44 44 44 44 44 44 44 44 44 44 44 44 43 43 43 43 43 43 42 42 42 42 42 42 42 41 41 41 41 41 40 40 40 40 40 40 39 39 39 39 39 39 38 38 38 38 38 38 37 37 37 37 37 37 36 36 36 36 36 36 35 35 35 35 35 35 34 34 34 34 34 34 33 33 33 33 33 33 33 32 32 32 32 32 32 32 31 31 31 31 31 31
44 44 44 44 44 44 44 44 44 44 44 44 44 44 44 43 43 43 43 43 43 42 42 42 42 42 42 41 41 41 41 41 41 40 40 40 40 40 40 39 39 39 39 39 39 38 38 38 38 38 37 37 37 37 37 37 36 36 36 36 36 36 35 35 35 35 35 35 34 34 34 34 34 34 33 33 33 33 33 33 32 32 32 32 32 32 32 31 31 31 31 31 31 31 30 30
44 44 44 44 44 44 44 44 44 44 44 44 44 43 43 43 43 43 43 43 42 42 42 42 42 42 41 41 41 41 41 41 40 40 40 40 40 39 39 39 39 39 39 38 38 38 38 38 38 37 37 37 37 37 36 36 36 36 36 36 35 35 35 35 35 35 34 34 34 34 34 34 33 33 33 33 33 33 32 32 32 32 32 32 32 31 31 31 31 31 31 30 30 30 30 30
43 43 43 44 44 44 44 44 44 44 44 44 43 43 43 43 43 43 42 42 42 42 42 42 41 41 41 41 41 41 40 40 40 40 40 40 39 39 39 39 39 39 38 38 38 38 38 37 37 37 37 37 37 36 36 36 36 36 35 35 35 35 35 35 34 34 34 34 34 34 33 33 33 33 33 33 32 32 32 32 32 32 31 31 31 31 31 31 31 30 30 30 30 30 30 30
43 43 43 43 43 43 43 43 43 43 43 43 43 43 43 43 43 42 42 42 42 42 42 41 41 41 41 41 41 40 40 40 40 40 40 39 39 39 39 39 38 38 38 38 38 38 37 37 37 37 37 36 36 36 36 36 36 35 35 35 35 35 34 34 34 34 34 34 33 33 33 33 33 33 32 32 32 32 32 32 31 31 31 31 31 31 30 30 30 30 30 30 30 29 29 29
43 43 43 43 43 43 43 43 43 43 43 43 43 43 43 43 42 42 42 42 42 42 41 41 41 41 41 41 40 40 40 40 40 39 39 39 39 39 39 38 38 38 38 38 37 37 37 37 37 37 36 36 36 36 36 35 35 35 35 35 34 34 34 34 34 34 33 33 33 33 33 33 32 32 32 32 32 32 31 31 31 31 31 31 30 30 30 30 30 30 29 29 29 29 29 29
43 43 43 43 43 43 43 43 43 43 43 43 43 43 43 42 42 42 42 42 42 41 41 41 41 41 40 40 40 40 40 40 39 39 39 39 39 38 38 38 38 38 38 37 37 37 37 37 36 36 36 36 36 35 35 35 35 35 35 34 34 34 34 34 33 33 33 33 33 33 32 32 32 32 32 32 31 31 31 31 31 31 30 30 30 30 30 30 29 29 29 29 29 29 29 28
