Data/bom_data/etaamay.txt
ncols         417
nrows         337
xllcorner     112.15
yllcorner     -43.8
cellsize      0.1
NODATA_value  -9999
[rows 0 to 54 of 337, columns 288 to 383 of 417]
102 102 102 102 103 103 103 103 103 103 103 103 104 104 104 104 104 104 104 104 104 104 104 104 104 104 104 104 104 104 104 104 103 103 103 103 103 103 103 103 103 103 103 103 103 103 103 103 103 103 103 104 104 104 104 104 104 104 104 104 104 104 104 104 105 105 105 105 105 105 105 105 105 106 106 106 106 106 106 106 106 107 107 107 107 107 107 107 108 108 108 108 108 108 108 108
102 102 102 102 102 102 102 103 103 103 103 105 103 103 103 103 103 103 103 103 103 103 103 103 103 103 103 103 103 103 103 103 103 103 103 103 103 103 103 103 103 103 103 103 103 103 103 103 103 103 103 103 103 103 103 103 103 103 103 104 104 104 104 104 104 104 104 104 105 105 105 105 105 105 105 105 106 106 106 106 106 106 106 106 107 107 107 107 107 107 107 107 108 108 108 108
101 101 101 102 102 102 102 102 102 102 102 103 103 103 103 103 103 103 103 103 103 103 103 103 103 103 103 103 103 103 102 102 102 102 102 102 102 102 102 102 102 102 102 102 102 102 102 102 102 102 102 102 102 103 103 103 103 103 103 103 103 103 103 103 104 104 104 104 104 104 104 104 105 105 105 105 105 105 105 105 106 106 106 106 106 106 106 107 107 107 107 107 107 107 107 108
100 101 101 101 101 101 101 102 102 102 102 102 104 103 102 102 102 102 102 102 102 102 102 102 102 102 102 102 102 102 102 102 102 102 102 102 102 102 102 102 102 102 102 102 102 102 102 102 102 102 102 102 102 102 102 102 102 102 102 102 103 103 103 103 103 103 103 103 103 104 104 104 104 104 104 104 105 105 105 105 105 105 105 106 106 106 106 106 106 106 106 107 107 107 107 107
100 100 100 100 101 101 101 101 101 101 102 103 103 102 102 102 102 102 102 102 102 102 102 102 102 102 102 102 101 101 101 101 101 101 101 101 101 101 101 101 101 101 101 101 101 101 101 101 101 101 101 101 101 101 101 102 102 102 102 102 102 102 102 102 102 103 103 103 103 103 103 103 104 104 104 104 104 104 104 104 105 105 105 105 105 105 105 106 106 106 106 106 106 106 107 107
99 100 100 100 100 100 100 101 101 101 101 101 101 101 103 103 102 101 101 101 101 101 101 101 101 101 101 101 101 101 101 101 101 101 101 100 100 100 100 100 100 100 100 100 100 100 100 100 100 100 101 101 101 101 101 101 101 101 101 101 101 102 102 102 102 102 102 102 102 103 103 103 103 103 103 103 104 104 104 104 104 104 104 105 105 105 105 105 105 105 106 106 106 106 106 106
99 99 99 99 100 100 100 100 100 100 101 101 101 101 102 102 101 101 101 101 101 101 101 101 101 101 101 100 100 100 100 100 100 100 100 100 100 100 100 100 100 100 100 100 100 100 100 100 100 100 100 100 100 100 100 100 100 101 101 101 101 101 101 101 101 102 102 102 102 102 102 102 103 103 103 103 103 103 103 104 104 104 104 104 104 104 105 105 105 105 105 105 105 106 106 106
98 98 99 99 99 99 99 100 100 100 100 101 101 101 101 101 101 101 101 101 100 100 100 100 100 100 100 100 100 100 100 99 99 99 99 99 99 99 99 99 99 99 99 99 99 99 99 99 99 99 99 99 99 100 100 100 100 100 100 100 100 100 101 101 101 101 101 101 101 102 102 102 102 102 102 102 103 103 103 103 103 103 104 104 104 104 104 104 104 105 105 105 105 105 105 105
98 98 98 98 99 99 99 99 99 99 100 100 101 101 101 101 101 101 100 100 100 100 100 100 100 100 99 99 99 99 99 99 99 99 99 99 98 98 98 98 98 98 98 98 98 98 98 98 99 99 99 99 99 99 99 99 99 99 99 100 100 100 100 100 100 100 101 101 101 101 101 101 101 102 102 102 102 102 102 103 103 103 103 103 103 104 104 104 104 104 104 104 105 105 105 105
97 97 98 98 98 98 98 99 99 99 99 99 100 100 101 101 101 101 100 100 99 99 99 99 99 99 99 99 99 98 98 98 98 98 98 98 98 98 98 98 98 98 98 98 98 98 98 98 98 98 98 98 98 98 98 99 99 99 99 99 99 99 99 100 100 100 100 100 100 100 101 101 101 101 101 101 102 102 102 102 102 102 103 103 103 103 103 103 104 104 104 104 104 104 104 105
97 97 97 97 97 98 98 98 98 98 99 100 100 100 100 100 100 100 99 99 99 99 99 99 98 98 98 98 98 98 98 98 97 97 97 97 97 97 97 97 97 97 97 97 97 97 97 97 97 97 97 97 98 98 98 98 98 98 98 98 99 99 99 99 99 99 99 100 100 100 100 100 100 101 101 101 101 101 101 102 102 102 102 102 102 103 103 103 103 103 103 104 104 104 104 104
96 96 96 97 97 97 97 98 98 98 98 99 99 100 100 100 100 100 100 99 98 98 98 98 98 98 98 97 97 97 97 97 97 97 97 96 96 96 96 96 96 96 96 96 96 96 96 96 97 97 97 97 97 97 97 97 97 98 98 98 98 98 98 98 99 99 99 99 99 99 100 100 100 100 100 100 101 101 101 101 101 101 102 102 102 102 102 102 103 103 103 103 103 103 104 104
95 96 96 96 96 97 97 97 97 97 98 99 99 99 100 100 100 100 99 98 98 98 98 97 97 97 97 97 97 96 96 96 96 96 96 96 96 96 96 96 96 96 96 96 96 96 96 96 96 96 96 96 96 96 96 97 97 97 97 97 97 98 98 98 98 98 98 99 99 99 99 99 99 100 100 100 100 100 101 101 101 101 101 101 102 102 102 102 102 102 103 103 103 103 103 103
95 95 95 95 96 96 96 96 97 97 97 98 98 99 99 100 99 99 99 97 97 97 97 97 97 96 96 96 96 96 96 95 95 95 95 95 95 95 95 95 95 95 95 95 95 95 95 95 95 95 95 95 96 96 96 96 96 96 96 97 97 97 97 97 97 98 98 98 98 98 99 99 99 99 99 99 100 100 100 100 100 101 101 101 101 101 101 102 102 102 102 102 102 103 103 103
94 94 95 95 95 95 96 96 96 96 97 98 98 98 98 99 99 99 99 97 97 97 96 96 96 96 96 95 95 95 95 95 95 94 94 94 94 94 94 94 94 94 94 94 94 94 94 94 94 95 95 95 95 95 95 95 95 96 96 96 96 96 96 97 97 97 97 97 98 98 98 98 98 99 99 99 99 99 100 100 100 100 100 100 101 101 101 101 101 101 102 102 102 102 102 102
93 94 94 94 94 95 95 95 95 96 97 97 97 98 98 98 98 98 98 96 96 96 96 96 95 95 95 95 94 94 94 94 94 94 94 93 93 93 93 93 93 93 93 93 93 93 94 94 94 94 94 94 94 94 95 95 95 95 95 95 96 96 96 96 96 96 97 97 97 97 97 98 98 98 98 98 99 99 99 99 99 100 100 100 100 100 101 101 101 101 101 101 102 102 102 102
93 93 93 93 94 94 94 95 95 95 96 96 97 97 97 98 98 98 97 96 96 95 95 95 95 94 94 94 94 93 93 93 93 93 93 93 93 92 92 92 92 92 93 93 93 93 93 93 93 93 93 93 94 94 94 94 94 94 95 95 95 95 95 96 96 96 96 96 97 97 97 97 97 98 98 98 98 98 99 99 99 99 99 100 100 100 100 100 100 101 101 101 101 101 101 102
92 92 92 93 93 93 94 94 94 94 96 96 96 97 97 97 97 97 97 96 96 96 96 94 94 94 93 93 93 93 92 92 92 92 92 92 92 92 92 92 92 92 92 92 92 92 92 92 92 92 93 93 93 93 93 93 94 94 94 94 94 94 95 95 95 95 96 96 96 96 96 97 97 97 97 97 98 98 98 98 98 99 99 99 99 99 100 100 100 100 100 101 101 101 101 101
91 91 92 92 92 93 93 93 94 95 95 95 96 96 96 96 97 97 96 96 96 95 94 93 93 93 92 92 92 92 91 91 91 91 91 91 91 91 91 91 91 91 91 91 91 91 91 91 92 92 92 92 92 92 92 93 93 93 93 93 94 94 94 94 95 95 95 95 95 96 96 96 96 97 97 97 97 97 98 98 98 98 98 99 99 99 99 99 100 100 100 100 100 100 101 101
90 91 91 91 92 92 92 92 94 94 94 95 95 95 96 96 96 96 96 95 95 93 93 92 92 92 91 91 91 91 91 90 90 90 90 90 90 90 90 90 90 90 90 90 90 90 90 91 91 91 91 91 91 92 92 92 92 92 93 93 93 93 93 94 94 94 94 95 95 95 95 96 96 96 96 96 97 97 97 97 98 98 98 98 98 99 99 99 99 99 99 100 100 100 100 100
90 90 90 90 91 91 91 92 93 93 93 94 95 95 95 96 96 96 95 95 94 92 92 92 91 91 91 90 90 90 90 89 89 89 89 89 89 89 89 89 89 89 89 89 89 90 90 90 90 90 90 90 91 91 91 91 92 92 92 92 92 93 93 93 93 94 94 94 94 95 95 95 95 95 96 96 96 96 97 97 97 97 97 98 98 98 98 98 99 99 99 99 99 100 100 100
89 89 89 90 90 90 90 92 92 92 93 93 93 94 94 95 95 95 95 95 93 93 91 91 90 90 89 89 89 89 89 88 88 88 88 88 88 88 88 88 88 88 88 88 89 89 89 89 89 89 90 90 90 90 90 91 91 91 91 92 92 92 92 93 93 93 93 94 94 94 94 94 95 95 95 95 96 96 96 96 97 97 97 97 97 98 98 98 98 98 99 99 99 99 99 100
88 88 89 89 89 89 90 91 91 92 92 92 93 93 93 94 94 95 94 94 93 92 92 89 89 89 88 88 88 88 88 87 87 87 87 87 87 87 87 87 87 87 88 88 88 88 88 88 88 89 89 89 89 89 90 90 90 90 91 91 91 91 92 92 92 92 93 93 93 93 94 94 94 94 95 95 95 95 96 96 96 96 97 97 97 97 97 98 98 98 98 98 99 99 99 99
87 87 88 88 88 88 89 89 90 90 91 91 91 92 92 93 93 93 93 93 92 91 91 88 88 88 87 87 87 87 86 86 86 86 86 86 86 86 86 86 86 87 87 87 87 87 87 87 88 88 88 88 88 89 89 89 89 90 90 90 91 91 91 91 92 92 92 92 93 93 93 93 94 94 94 94 95 95 95 95 96 96 96 96 97 97 97 97 97 98 98 98 98 98 99 99
86 87 87 87 87 87 88 88 89 89 90 90 90 91 91 92 92 91 91 91 90 90 90 89 88 86 86 86 86 85 85 85 85 85 85 85 85 85 85 85 85 86 86 86 86 86 86 87 87 87 87 87 88 88 88 88 89 89 89 90 90 90 90 91 91 91 92 92 92 92 93 93 93 93 94 94 94 94 95 95 95 95 96 96 96 96 97 97 97 97 97 98 98 98 98 98
86 86 86 86 86 86 87 87 88 88 89 89 89 89 90 90 90 90 89 89 89 89 88 87 85 85 85 85 84 84 84 84 84 84 84 84 84 84 84 84 85 85 85 85 85 85 86 86 86 86 86 87 87 87 87 88 88 88 89 89 89 90 90 90 90 91 91 91 92 92 92 92 93 93 93 93 94 94 94 94 95 95 95 95 96 96 96 96 97 97 97 97 97 97 98 98
85 85 85 85 85 85 86 87 87 87 87 87 88 88 88 88 89 88 88 87 88 88 87 85 85 86 83 83 83 83 83 83 83 83 83 83 83 83 83 83 84 84 84 84 84 84 85 85 85 85 86 86 86 86 87 87 87 88 88 88 89 89 89 90 90 90 90 91 91 91 92 92 92 92 93 93 93 94 94 94 94 94 95 95 95 95 96 96 96 96 96 97 97 97 97 97
84 84 84 84 84 84 85 86 86 86 86 86 86 86 87 87 86 86 86 86 86 86 86 84 84 82 82 82 82 82 82 82 82 82 82 82 82 82 82 82 83 83 83 83 83 84 84 84 84 85 85 85 85 86 86 86 87 87 87 88 88 88 89 89 89 90 90 90 90 91 91 91 92 92 92 92 93 93 93 94 94 94 94 95 95 95 95 95 96 96 96 96 96 97 97 97
83 83 83 83 83 83 84 84 85 85 85 85 85 85 85 85 85 84 84 84 84 84 85 84 83 81 81 81 81 81 81 81 81 81 81 81 81 81 81 81 82 82 82 82 82 83 83 83 83 84 84 84 85 85 85 86 86 86 87 87 87 88 88 88 89 89 89 90 90 90 91 91 91 91 92 92 92 93 93 93 93 94 94 94 94 95 95 95 95 95 96 96 96 96 96 97
82 82 82 82 82 82 83 83 83 83 83 83 83 83 83 83 83 83 83 82 82 82 83 83 82 79 79 79 79 79 79 79 80 80 80 80 80 80 80 80 81 81 81 81 82 82 82 82 83 83 83 84 84 84 85 85 85 86 86 86 87 87 87 88 88 88 89 89 89 90 90 90 91 91 91 92 92 92 92 93 93 93 93 94 94 94 94 95 95 95 95 95 96 96 96 96
81 81 81 81 81 81 81 82 82 82 82 82 82 82 82 81 81 81 81 81 81 81 81 81 80 80 78 78 78 78 78 78 78 79 79 79 79 79 79 79 80 80 80 80 81 81 81 81 82 82 82 83 83 83 84 84 85 85 85 86 86 86 87 87 87 88 88 89 89 89 90 90 90 90 91 91 91 92 92 92 92 93 93 93 93 94 94 94 94 95 95 95 95 95 96 96
80 80 80 80 80 80 80 81 81 81 81 81 81 80 80 80 79 79 79 79 79 78 78 78 78 78 76 77 77 77 77 77 77 77 78 78 78 78 78 78 79 79 79 79 80 80 80 81 81 81 82 82 82 83 83 83 84 84 85 85 85 86 86 87 87 87 88 88 88 89 89 89 90 90 90 91 91 91 91 92 92 92 93 93 93 93 93 94 94 94 94 95 95 95 95 95
79 79 79 79 79 79 80 80 80 80 80 79 79 79 79 78 78 77 77 77 76 77 78 78 76 77 75 75 75 76 76 76 76 76 76 77 77 77 77 77 78 78 78 78 79 79 79 80 80 80 81 81 82 82 82 83 83 84 84 84 85 85 86 86 86 87 87 87 88 88 88 89 89 89 90 90 90 91 91 91 92 92 92 92 93 93 93 93 94 94 94 94 94 95 95 95
78 78 78 78 78 79 79 79 79 79 79 78 78 78 77 77 76 76 75 76 75 75 76 77 75 75 74 74 74 75 75 75 75 75 75 76 76 76 76 76 77 77 77 77 78 78 78 79 79 80 80 80 81 81 82 82 82 83 83 84 84 85 85 85 86 86 87 87 87 88 88 88 89 89 89 90 90 90 91 91 91 91 92 92 92 92 93 93 93 93 94 94 94 94 94 95
77 77 77 77 77 78 78 78 78 77 77 77 77 76 76 76 75 74 74 74 73 73 75 76 74 74 73 73 73 73 74 74 74 74 74 74 75 75 75 75 76 76 76 77 77 77 78 78 78 79 79 80 80 80 81 81 82 82 83 83 84 84 84 85 85 86 86 86 87 87 88 88 88 89 89 89 90 90 90 90 91 91 91 91 92 92 92 92 93 93 93 93 94 94 94 94
77 76 76 76 76 77 77 77 76 76 76 76 76 75 75 74 74 73 73 72 72 72 76 79 76 73 72 72 72 72 73 73 73 73 73 73 74 74 74 74 75 75 75 76 76 76 77 77 77 78 78 79 79 80 80 81 81 82 82 82 83 83 84 84 85 85 85 86 86 87 87 87 88 88 88 89 89 89 90 90 90 91 91 91 91 92 92 92 92 93 93 93 93 93 94 94
76 76 76 75 75 76 76 76 75 75 75 75 75 74 74 74 73 72 72 71 71 73 72 73 72 71 71 71 71 71 71 72 72 72 72 72 73 73 73 73 74 74 74 75 75 75 76 76 77 77 78 78 78 79 79 80 80 81 81 82 82 83 83 84 84 85 85 85 86 86 87 87 87 88 88 88 89 89 89 90 90 90 90 91 91 91 91 92 92 92 92 93 93 93 93 93
75 75 75 74 74 75 75 75 74 74 74 74 74 73 73 73 72 72 71 71 71 72 73 72 71 71 70 70 70 70 70 71 71 71 71 71 71 72 72 72 73 73 73 74 74 74 75 75 76 76 77 77 78 78 79 79 80 80 81 81 82 82 83 83 84 84 84 85 85 86 86 86 87 87 88 88 88 89 89 89 89 90 90 90 91 91 91 91 91 92 92 92 92 93 93 93
74 74 74 74 73 73 74 74 73 73 73 73 72 72 72 72 71 71 71 71 72 73 73 72 70 70 70 69 69 69 69 70 70 70 70 70 70 71 71 71 72 72 72 73 73 73 74 74 75 75 76 76 77 77 78 79 79 80 80 81 81 82 82 83 83 84 84 84 85 85 86 86 86 87 87 87 88 88 88 89 89 89 90 90 90 90 91 91 91 91 92 92 92 92 92 93
73 73 73 73 73 72 73 73 72 72 72 72 71 71 71 71 70 70 70 71 71 71 72 70 70 70 69 68 68 68 68 69 70 69 69 69 69 70 70 70 70 71 71 72 72 72 73 73 74 75 75 76 76 77 77 78 78 79 79 80 81 81 82 82 83 83 83 84 84 85 85 86 86 86 87 87 87 88 88 88 89 89 89 89 90 90 90 90 91 91 91 91 92 92 92 92
72 72 72 72 72 71 72 72 72 71 71 71 70 70 70 70 70 70 70 70 70 70 71 71 70 69 69 68 67 67 67 68 69 68 71 72 68 69 69 69 69 70 70 71 71 72 72 73 73 74 74 75 75 76 77 77 78 78 79 79 80 81 81 82 82 83 83 83 84 84 85 85 86 86 86 87 87 87 88 88 88 88 89 89 89 90 90 90 90 91 91 91 91 91 92 92
72 71 71 71 71 71 71 71 71 70 70 70 70 69 69 69 69 69 69 69 69 70 70 71 69 68 68 68 66 66 66 66 69 69 70 69 68 67 68 68 68 69 69 70 70 71 71 72 72 73 73 74 75 75 76 77 77 78 78 79 79 80 81 81 82 82 83 83 83 84 84 85 85 85 86 86 87 87 87 87 88 88 88 89 89 89 89 90 90 90 90 91 91 91 91 91
71 71 70 70 70 70 70 70 70 70 69 69 69 69 68 68 68 68 68 69 70 69 68 70 69 67 67 66 66 65 65 67 67 67 69 68 66 66 67 67 67 68 68 69 69 70 70 71 71 72 73 73 74 75 75 76 77 77 78 78 79 79 80 81 81 82 82 83 83 83 84 84 85 85 85 86 86 86 87 87 87 88 88 88 89 89 89 89 90 90 90 90 90 91 91 91
70 70 70 69 69 69 69 69 69 69 68 68 68 68 68 67 67 67 67 67 69 67 67 68 68 67 66 65 65 65 65 66 66 66 68 68 70 66 66 66 66 67 67 68 68 69 69 70 70 71 72 73 73 74 75 75 76 77 77 78 78 79 80 80 81 81 82 82 83 83 83 84 84 85 85 85 86 86 86 87 87 87 88 88 88 88 89 89 89 89 90 90 90 90 90 91
69 69 69 69 68 68 69 68 68 68 68 67 67 67 67 66 66 66 66 67 66 66 66 67 67 65 65 65 64 64 64 64 65 65 65 67 67 67 67 66 65 66 66 66 67 68 68 69 70 70 71 72 72 73 74 75 75 76 77 77 78 79 79 80 80 81 81 82 82 83 83 83 84 84 85 85 85 86 86 86 87 87 87 87 88 88 88 88 89 89 89 89 90 90 90 90
69 68 68 68 67 67 68 67 67 67 67 66 66 66 66 66 65 65 65 65 66 65 65 65 65 64 64 64 64 63 63 63 64 64 64 64 66 69 66 65 64 64 65 65 66 67 67 68 69 70 70 71 72 73 73 74 75 75 76 77 77 78 79 79 80 80 81 81 82 82 83 83 83 84 84 85 85 85 86 86 86 87 87 87 87 88 88 88 88 89 89 89 89 89 90 90
68 68 67 67 67 66 67 67 66 66 66 66 65 65 65 65 65 64 64 64 64 64 64 65 64 63 63 63 63 62 62 62 63 63 63 63 64 65 66 67 67 65 65 64 65 66 66 67 68 69 70 70 71 72 73 73 74 75 76 76 77 78 78 79 79 80 80 81 81 82 82 83 83 84 84 84 85 85 85 86 86 86 86 87 87 87 87 88 88 88 88 89 89 89 89 89
67 67 67 66 66 66 66 66 66 65 65 65 64 64 64 64 64 64 63 63 64 64 63 63 63 63 62 62 62 62 61 61 62 62 62 62 63 64 66 69 68 65 64 64 64 65 65 66 67 68 69 70 70 71 72 73 74 74 75 76 77 77 78 78 79 80 80 81 81 81 82 82 83 83 84 84 84 85 85 85 85 86 86 86 87 87 87 87 88 88 88 88 88 89 89 89
66 66 66 65 65 65 64 65 65 64 64 64 64 63 63 63 63 63 63 62 62 62 62 63 62 62 61 61 61 61 61 60 61 61 61 61 62 62 63 65 64 63 63 62 63 64 65 65 66 67 68 69 70 71 72 72 73 74 75 75 76 77 77 78 79 79 80 80 81 81 82 82 82 83 83 84 84 84 85 85 85 85 86 86 86 86 87 87 87 87 88 88 88 88 88 89
66 65 65 65 64 64 64 64 64 63 63 63 63 62 62 62 62 62 61 61 61 61 61 61 61 60 61 60 60 60 60 60 60 60 60 60 61 61 62 63 62 62 62 61 62 63 64 65 66 66 67 68 69 70 71 72 73 74 74 75 76 76 77 78 78 79 79 80 80 81 81 82 82 82 83 83 84 84 84 84 85 85 85 86 86 86 86 87 87 87 87 87 88 88 88 88
65 65 64 64 64 63 64 63 63 63 62 62 62 62 61 61 61 61 60 60 60 60 60 60 60 60 60 59 59 59 59 59 59 59 59 59 59 60 61 63 63 61 61 61 61 62 63 64 65 66 67 68 69 70 71 71 72 73 74 75 75 76 77 77 78 78 79 79 80 80 81 81 82 82 82 83 83 83 84 84 84 85 85 85 85 86 86 86 86 87 87 87 87 87 88 88
64 64 64 63 63 62 63 62 62 62 61 61 61 61 60 60 60 60 59 59 59 59 59 59 59 59 59 59 58 58 58 58 58 58 58 58 59 60 59 62 61 62 61 59 60 61 62 63 64 65 66 67 68 69 70 71 72 73 74 74 75 76 76 77 78 78 79 79 80 80 81 81 81 82 82 82 83 83 83 84 84 84 85 85 85 85 86 86 86 86 86 87 87 87 87 87
64 63 63 62 62 62 62 62 61 61 61 60 60 60 59 59 59 59 58 58 58 58 58 58 58 58 59 58 58 57 58 57 57 57 57 57 58 59 60 60 61 59 59 58 59 60 61 62 63 65 66 67 68 69 70 71 72 72 73 74 75 75 76 77 77 78 78 79 79 80 80 81 81 81 82 82 82 83 83 83 84 84 84 84 85 85 85 85 86 86 86 86 87 87 87 87
63 62 62 62 61 62 61 61 61 60 60 59 59 59 58 58 58 58 57 57 57 57 57 57 57 58 58 58 57 57 57 56 57 56 56 57 58 59 59 60 61 58 58 57 58 59 61 62 63 64 65 66 67 68 69 70 71 72 73 74 74 75 76 76 77 78 78 79 79 80 80 80 81 81 81 82 82 82 83 83 83 84 84 84 84 85 85 85 85 86 86 86 86 86 87 87
62 62 61 61 61 61 60 60 60 59 59 59 58 58 58 57 57 57 57 56 56 56 56 56 57 57 56 56 57 56 56 57 56 56 56 57 57 60 62 58 60 59 60 58 58 59 60 61 62 64 65 66 67 68 69 70 71 72 73 73 74 75 76 76 77 77 78 78 79 79 80 80 80 81 81 81 82 82 82 83 83 83 84 84 84 84 84 85 85 85 85 86 86 86 86 86
