Data/bom_data/etaafeb.txt
ncols         417
nrows         337
xllcorner     112.15
yllcorner     -43.8
cellsize      0.1
NODATA_value  -9999
[rows 165 to 219 of 337, columns 0 to 95 of 417]
24 23 23 22 21 21 20 19 18 17 16 16 15 16 16 17 16 16 17 17 16 16 17 17 18 19 20 21 21 22 22 23 23 23 23 23 23 23 23 23 23 22 23 23 24 25 25 26 27 27 28 28 27 27 27 28 27 27 27 27 27 29 30 32 32 32 33 34 34 35 36 38 39 38 39 39 39 38 38 38 37 37 38 39 38 36 36 36 35 35 36 36 37 39 40 39
25 24 23 23 22 21 20 20 19 18 17 17 16 16 17 18 18 17 18 17 17 17 18 18 18 19 20 21 21 21 22 23 23 22 23 23 23 23 23 23 22 23 25 24 24 24 25 26 27 28 28 28 27 27 27 28 28 28 27 27 27 28 29 30 30 31 32 33 33 34 35 37 38 37 37 38 38 38 38 39 37 36 36 37 38 37 36 36 36 36 36 36 38 39 40 40
25 24 24 23 22 22 21 20 20 19 18 18 17 16 16 19 19 19 19 18 18 18 19 19 19 19 20 21 21 21 22 22 22 22 22 23 24 23 22 22 22 23 24 24 24 24 25 26 27 28 28 28 28 27 28 29 27 27 27 27 27 28 28 29 30 31 31 31 32 33 34 35 36 36 36 36 36 37 37 37 36 35 35 36 37 37 37 37 37 36 36 37 39 39 40 40
26 25 24 24 23 22 22 21 20 20 19 19 18 17 17 17 20 20 20 20 19 19 20 20 20 20 20 21 21 21 22 22 21 21 21 22 23 22 22 22 22 23 23 24 24 25 26 26 26 27 28 28 28 27 27 29 28 27 27 27 27 27 27 28 29 30 30 30 32 32 33 33 34 33 33 34 35 36 35 35 36 36 35 35 35 36 35 36 36 35 36 37 39 40 40 41
26 26 25 25 24 23 23 22 21 21 20 20 19 18 18 18 19 21 21 21 21 21 21 21 20 20 21 21 21 22 21 22 21 21 21 22 22 21 22 22 22 23 23 24 25 26 26 27 27 28 28 28 28 28 26 27 27 27 27 28 28 28 29 28 29 29 29 29 31 30 31 32 33 33 32 32 33 34 35 36 36 37 36 35 35 34 34 34 34 35 36 37 39 40 41 41
27 26 26 25 25 24 23 23 22 22 21 21 20 20 19 19 18 21 23 23 23 23 22 22 21 21 21 21 21 21 22 21 21 21 22 23 22 21 22 23 23 23 24 25 26 27 28 28 29 28 28 28 28 28 27 26 26 26 27 28 29 29 29 28 28 28 28 28 29 29 30 31 33 33 31 31 31 32 33 33 34 35 36 36 35 34 34 34 34 34 35 37 37 39 40 40
28 27 27 26 26 25 24 24 23 23 22 22 21 21 20 20 19 20 23 24 24 24 23 22 22 22 21 21 21 21 21 20 20 20 20 22 22 21 22 22 23 23 24 25 26 27 29 29 29 28 29 28 28 28 27 26 26 26 26 27 27 28 29 29 28 28 28 27 28 28 29 30 30 31 31 31 31 30 30 31 31 33 35 36 35 35 35 35 34 33 34 35 36 37 38 39
29 28 27 27 26 26 25 25 24 24 23 23 22 22 21 21 21 20 23 25 26 24 24 23 23 22 22 21 21 21 21 20 20 20 20 21 21 21 22 22 22 23 23 24 25 27 28 28 28 28 29 29 28 27 27 26 26 26 26 27 28 28 29 29 29 28 28 27 28 28 29 29 29 29 30 31 31 30 30 30 30 31 33 36 36 35 36 36 34 33 33 33 34 35 36 38
29 29 28 28 27 27 26 26 25 25 24 24 23 23 23 22 22 21 22 25 26 25 24 24 23 23 22 21 21 21 21 21 21 20 20 20 20 21 22 22 23 24 24 24 25 26 27 27 27 28 29 30 29 27 26 26 26 26 27 28 28 28 29 29 29 28 27 27 27 28 29 29 28 27 28 28 28 29 29 30 30 30 32 34 36 36 36 36 35 35 33 32 32 33 34 37
30 30 29 29 28 28 27 27 26 26 25 25 25 24 24 23 23 23 23 25 27 27 25 25 24 23 22 21 21 21 21 21 21 21 20 20 20 21 22 23 24 25 25 25 25 25 27 28 27 29 29 29 29 27 26 25 25 26 27 27 27 27 27 27 28 28 27 26 27 28 28 28 28 26 26 26 26 26 28 29 30 30 31 33 34 34 34 34 34 34 33 32 31 31 32 34
31 31 30 30 29 29 28 28 27 27 26 26 26 25 25 25 24 24 24 26 20 21 27 26 25 23 22 21 21 21 21 21 21 21 21 21 21 22 23 23 23 24 25 25 25 25 27 28 28 28 28 29 29 26 25 25 25 26 26 26 27 27 27 27 26 27 27 26 27 28 27 27 27 26 26 26 26 26 26 28 29 30 30 31 32 32 32 33 33 32 32 31 30 29 30 31
27 27 26 26 30 30 29 29 28 28 27 27 27 26 26 26 25 25 25 18 21 21 27 26 25 23 22 22 21 21 21 21 21 21 22 22 22 23 23 24 24 24 25 26 26 26 26 27 28 28 27 27 27 25 25 25 26 26 26 26 26 26 26 26 25 26 26 27 28 28 27 26 26 26 27 26 26 27 26 27 29 29 29 30 32 33 32 32 33 33 32 30 30 29 29 31
28 28 27 26 26 25 25 24 24 23 23 28 28 27 27 27 26 26 26 19 22 23 23 26 24 23 22 22 21 21 20 20 21 22 22 22 22 22 22 23 24 24 25 26 26 26 25 26 28 28 26 26 25 25 24 26 26 26 26 27 26 26 26 24 24 25 26 28 27 26 26 26 26 26 27 26 25 26 25 26 28 29 29 30 32 32 32 33 34 34 33 32 31 29 29 31
29 28 28 27 27 26 26 25 24 24 23 23 23 22 22 21 27 27 26 20 22 23 23 27 25 24 23 22 22 21 20 20 21 22 22 22 21 22 22 22 23 24 25 26 25 25 25 26 27 26 25 25 24 25 25 26 27 27 26 27 27 26 25 23 23 24 25 27 27 27 27 27 27 27 27 26 25 25 25 26 28 29 29 30 31 32 33 35 35 35 33 32 31 29 29 30
30 29 29 28 27 27 26 26 25 25 24 24 23 23 23 22 22 27 27 27 20 22 23 27 26 25 24 23 22 21 21 21 21 22 22 21 21 22 22 23 23 24 25 25 25 25 25 26 27 27 25 24 24 24 24 26 27 27 26 27 27 26 25 23 22 23 24 26 27 27 26 27 27 26 26 25 25 25 25 26 28 29 29 30 32 33 35 35 35 34 33 32 30 30 29 30
30 30 29 29 28 28 27 27 26 26 25 25 24 24 23 23 23 22 27 27 21 21 23 24 28 26 25 24 23 22 21 21 21 21 21 21 22 22 23 23 24 24 25 25 25 25 26 26 27 26 25 23 23 23 24 25 25 26 26 27 26 25 26 24 23 24 24 25 26 26 25 25 25 25 26 26 26 25 25 26 28 29 30 31 33 34 36 36 36 35 34 33 31 31 30 29
31 31 30 30 29 29 28 28 27 27 26 26 25 25 24 24 24 23 23 27 26 22 21 23 24 24 27 25 23 22 21 21 21 21 22 22 22 23 23 23 24 24 24 24 24 26 26 25 25 24 23 23 23 23 24 25 25 25 26 27 26 24 24 23 23 23 24 24 24 24 24 24 23 24 24 25 25 26 26 26 27 29 30 31 32 33 35 35 36 36 35 33 32 32 31 29
32 32 31 31 30 30 29 29 28 28 27 27 26 26 25 25 25 24 24 23 27 27 22 22 24 25 24 26 24 22 20 20 21 22 23 23 23 23 23 24 24 24 24 24 24 25 25 24 24 23 23 23 23 24 24 24 24 25 26 26 25 24 24 24 23 23 24 24 23 24 24 23 23 23 23 24 24 25 26 28 28 29 29 30 31 32 33 33 34 35 35 34 34 34 31 30
33 32 32 32 31 31 30 30 29 29 28 28 27 27 26 26 26 25 25 24 24 23 23 22 25 24 25 27 24 22 21 21 22 23 24 24 24 23 24 24 24 24 23 24 25 26 25 24 25 23 23 23 23 23 24 24 24 25 26 26 25 24 24 24 24 24 24 24 23 23 24 24 23 23 23 24 25 26 27 29 30 30 30 31 31 31 31 32 34 35 34 34 34 34 32 32
34 33 33 32 32 32 31 31 30 30 29 29 28 28 27 27 27 26 26 25 25 24 24 23 25 25 25 25 25 23 22 22 23 24 24 24 24 24 24 24 24 23 23 24 24 25 25 25 25 24 24 22 22 22 22 23 25 25 26 26 25 25 24 25 25 25 24 24 22 22 23 23 23 23 24 25 26 27 29 30 31 31 31 32 32 32 31 31 32 33 34 35 35 35 34 33
35 34 34 33 33 33 32 32 31 31 30 30 29 29 29 28 28 27 27 26 26 25 25 24 25 25 25 26 26 25 24 22 22 23 23 23 24 24 24 24 24 23 23 23 24 24 25 25 25 25 24 22 21 21 22 23 24 25 26 27 26 24 24 25 26 25 24 23 22 22 22 23 23 24 25 26 27 28 28 29 29 30 30 30 31 31 31 31 32 33 34 34 34 33 34 35
36 35 35 34 34 34 33 33 32 32 31 31 31 30 30 29 29 28 28 27 27 26 25 25 24 25 25 25 25 26 25 24 22 23 23 23 23 23 23 23 23 22 23 24 25 25 25 27 26 25 24 21 21 22 23 24 25 26 27 27 26 24 24 25 26 25 24 23 23 23 22 23 25 25 25 25 26 28 27 27 28 28 29 29 30 30 31 31 33 33 33 34 33 33 33 34
37 36 36 35 35 35 34 34 33 33 33 32 32 31 31 30 30 29 29 28 28 27 26 26 25 24 25 26 26 26 26 25 22 23 23 24 24 23 22 22 22 21 22 24 25 26 26 28 26 25 24 22 21 22 23 25 27 26 26 26 25 24 24 25 25 26 24 24 23 22 23 23 24 25 24 24 25 26 26 27 28 29 29 30 30 30 31 32 32 32 33 34 33 32 32 32
38 37 37 36 36 36 35 35 35 34 34 33 33 32 32 32 31 31 30 29 29 28 28 27 26 25 25 26 26 26 26 26 23 23 25 25 24 23 22 22 21 21 22 23 24 26 27 28 26 24 23 22 22 23 24 25 25 25 25 25 24 24 24 25 25 25 24 23 23 23 23 22 23 24 24 23 24 26 26 28 30 30 30 31 31 31 33 34 33 33 33 33 32 31 31 32
38 38 38 37 37 37 36 36 36 35 35 35 34 34 33 33 32 32 31 31 30 29 29 28 27 26 26 26 26 26 25 24 24 23 25 25 24 23 22 21 21 20 21 23 24 25 26 28 27 25 24 24 23 23 24 25 26 24 24 24 23 24 24 24 24 23 23 22 22 22 22 21 22 22 23 23 25 25 26 28 30 31 32 32 32 33 35 36 35 35 34 33 33 31 30 31
39 39 39 39 38 38 38 37 37 36 36 36 35 35 35 34 34 33 33 32 31 31 30 29 28 27 27 26 27 26 25 25 25 24 25 26 25 23 21 21 21 21 21 22 24 25 25 27 26 25 24 24 23 23 25 25 24 23 23 23 22 23 23 23 24 23 22 21 21 21 21 21 21 22 23 24 25 26 27 28 30 32 33 33 33 35 36 36 36 36 36 35 34 32 30 30
40 40 40 40 39 39 39 38 38 38 37 37 37 36 36 35 35 34 34 33 33 32 31 30 30 29 28 27 27 27 27 26 26 26 25 25 25 22 21 21 22 21 21 22 23 24 25 25 24 23 23 23 23 24 24 23 22 22 22 21 22 22 21 22 23 23 21 22 22 21 21 21 21 22 23 23 25 27 29 29 30 31 32 31 31 33 34 34 36 36 37 36 35 33 31 30
41 41 41 41 40 40 40 40 39 39 39 38 38 38 37 37 36 36 35 35 34 33 33 32 31 30 29 28 28 27 27 28 26 26 26 25 23 22 22 22 22 22 22 22 23 24 24 24 23 23 23 24 23 23 22 22 21 21 21 21 21 21 21 22 23 23 22 22 22 21 21 21 21 21 22 23 24 26 29 29 28 28 29 30 30 30 31 32 34 35 35 36 36 34 32 30
42 42 42 42 41 41 41 41 40 40 40 40 39 39 38 38 38 37 37 36 36 35 34 33 32 31 30 29 29 28 28 27 27 27 26 25 23 23 23 23 22 22 22 23 23 23 23 23 24 24 26 26 23 22 22 21 22 22 21 21 21 21 21 21 22 23 22 22 22 22 21 20 20 21 22 23 23 25 28 28 27 28 29 29 30 30 31 32 32 33 34 34 34 34 34 31
43 43 43 43 43 42 42 42 42 41 41 41 41 40 40 40 39 39 38 38 37 36 36 35 34 33 32 31 31 29 28 28 28 28 27 25 23 24 24 23 23 23 23 23 23 23 24 23 23 24 25 25 23 21 21 21 22 21 20 20 20 21 20 21 22 23 23 23 23 22 21 20 21 22 22 22 24 26 27 27 27 28 30 31 31 31 32 32 33 33 33 32 32 33 33 32
45 44 44 44 44 44 43 43 43 43 42 42 42 42 41 41 41 40 40 39 39 38 37 37 36 35 34 32 32 31 30 29 29 29 28 27 25 24 24 24 23 23 22 23 23 22 23 23 23 24 23 23 22 21 21 21 21 20 21 20 20 20 20 21 21 22 23 23 23 22 21 21 22 22 22 23 24 26 27 27 26 28 30 33 31 31 31 32 35 35 34 32 31 30 31 31
46 45 45 45 45 45 44 44 44 44 44 43 43 43 43 42 42 42 41 41 40 40 39 39 38 37 36 34 34 33 31 31 31 30 29 28 26 25 24 24 22 22 22 23 23 22 22 22 23 23 22 22 21 21 21 21 20 20 20 20 20 20 21 22 22 22 22 22 22 22 22 22 22 22 23 23 24 26 26 26 26 27 30 31 31 31 31 33 34 33 33 32 30 29 29 29
47 46 46 46 46 46 46 46 45 45 45 45 45 44 44 44 44 43 43 43 42 42 41 40 40 39 38 37 36 35 34 33 33 32 31 29 27 25 25 24 22 22 22 23 22 21 21 21 22 22 22 22 21 20 20 20 21 21 21 21 20 20 21 22 22 22 21 21 22 22 22 22 23 23 23 23 24 26 27 27 27 27 30 31 31 31 31 31 32 32 31 30 29 30 30 29
48 47 47 47 47 47 47 47 47 46 46 46 46 46 46 45 45 45 45 44 44 43 43 42 42 41 40 39 39 39 37 36 35 34 33 30 28 26 25 24 23 23 22 22 22 21 20 20 20 21 22 22 20 20 20 20 20 21 21 21 21 21 21 22 22 21 21 21 21 22 23 23 23 24 24 23 24 25 27 27 27 27 29 31 31 31 31 31 31 30 30 30 30 31 31 30
49 49 48 48 48 48 48 48 48 48 48 47 47 47 47 47 47 47 46 46 46 45 45 45 44 43 43 42 42 41 41 38 37 36 34 32 29 27 26 25 23 23 22 21 22 21 20 20 19 20 21 22 20 20 21 21 21 21 22 22 21 22 22 22 22 22 22 21 21 21 22 23 24 24 24 24 25 25 28 27 27 27 29 31 31 31 31 31 30 29 29 31 32 32 31 30
50 50 50 49 49 49 49 49 49 49 49 49 49 49 49 48 48 48 48 48 48 47 47 47 46 46 45 44 43 44 43 40 39 38 37 34 31 28 27 26 24 23 22 21 21 21 20 20 19 19 20 21 20 20 20 21 22 21 22 22 22 22 23 23 23 22 22 20 20 22 22 23 24 24 24 25 26 26 27 27 26 28 30 31 31 30 29 30 29 28 29 31 32 31 31 30
51 51 51 51 50 50 50 50 50 50 50 50 50 50 50 50 50 50 50 49 49 49 49 49 48 48 47 47 46 47 45 44 42 40 39 36 32 29 27 26 25 24 22 21 21 20 20 20 19 19 20 20 20 20 21 22 22 22 23 23 22 23 23 23 23 23 22 21 20 22 24 23 23 25 26 26 27 27 27 26 26 27 28 30 30 29 29 30 29 29 30 30 31 30 31 29
52 52 52 52 52 52 52 52 52 51 51 51 51 51 51 51 51 51 51 51 51 51 51 51 50 50 50 49 48 49 47 46 44 42 40 37 33 30 27 26 25 23 22 22 21 20 20 20 20 20 20 20 20 20 21 21 22 23 23 22 22 23 23 22 22 22 22 21 20 21 22 22 23 24 27 27 27 28 27 27 26 27 28 29 30 29 29 30 30 29 30 29 28 28 29 30
53 53 53 53 53 53 53 53 53 53 53 53 53 53 53 53 53 53 53 53 53 53 53 52 52 52 52 51 50 51 49 48 46 44 42 38 34 31 28 27 25 23 23 22 21 20 21 21 21 20 21 21 21 21 20 21 21 22 23 22 22 22 21 21 21 21 21 21 21 22 22 23 22 23 25 25 26 27 27 28 26 27 28 29 30 29 28 28 28 28 29 27 27 27 27 28
54 54 54 54 54 54 54 54 54 54 54 54 54 54 54 54 54 54 54 54 54 54 54 54 53 53 53 52 52 51 52 50 48 46 43 40 36 32 29 28 26 24 23 22 21 21 21 21 22 22 22 22 22 22 21 22 21 22 22 21 21 20 20 20 21 22 22 22 21 21 21 21 21 22 23 25 25 26 26 27 27 27 28 28 30 29 28 28 27 26 26 25 26 26 27 28
55 55 55 55 55 55 55 55 55 55 55 55 55 55 55 55 55 55 55 55 55 55 55 55 54 54 54 54 53 54 55 53 50 48 45 42 38 34 31 30 28 26 24 23 21 21 20 21 22 22 22 21 21 21 22 22 21 21 22 21 20 20 20 20 22 22 21 21 21 20 20 20 20 21 23 24 24 24 24 26 27 28 28 28 30 28 27 28 26 26 25 25 26 27 27 28
56 56 56 56 56 56 56 56 56 56 56 56 57 57 57 56 56 56 56 56 56 56 56 55 55 55 55 55 54 55 55 56 53 50 48 44 40 37 33 32 29 26 24 23 23 22 21 21 22 22 21 20 20 21 21 22 21 21 22 22 20 19 20 21 23 22 21 21 20 20 21 21 21 21 22 23 23 23 23 25 26 26 28 28 29 28 26 26 25 25 24 25 26 27 28 28
57 57 57 57 57 57 57 57 57 57 57 58 58 58 58 57 57 57 57 57 57 57 57 56 56 56 56 56 55 55 57 56 57 53 50 46 43 39 36 34 30 27 25 24 24 23 22 22 22 21 20 20 20 20 20 21 21 20 22 22 20 20 21 21 22 21 20 20 21 20 22 22 21 22 22 22 22 22 23 24 25 25 27 28 29 28 26 25 25 26 25 25 25 26 27 27
58 58 58 58 58 58 58 58 58 58 59 59 59 59 58 58 58 58 58 58 58 58 58 57 57 57 57 57 56 56 56 58 59 55 51 48 45 42 38 36 32 30 27 26 24 22 22 22 21 20 20 19 19 20 20 21 21 21 22 21 19 20 20 20 21 20 20 21 21 22 22 21 21 21 21 22 22 23 23 24 24 26 27 27 28 28 27 26 26 25 25 25 26 27 27 28
58 59 59 59 59 59 59 59 59 60 60 60 60 60 59 59 59 59 59 59 59 59 58 58 58 58 58 58 58 57 57 59 60 56 53 49 47 44 41 39 37 33 30 27 24 22 21 21 20 20 20 20 20 20 20 20 20 21 21 20 20 19 19 19 20 21 21 22 23 23 23 21 22 23 22 22 22 24 24 23 23 24 25 25 26 26 26 26 26 25 25 26 28 27 26 27
59 59 60 60 60 60 60 60 60 61 61 61 61 60 60 60 60 60 60 60 59 59 59 59 59 59 59 59 58 58 58 58 57 57 54 50 48 46 43 40 40 37 32 29 25 22 21 20 20 20 20 20 20 20 21 20 19 20 19 20 20 19 19 19 21 22 22 22 24 24 23 22 23 24 23 22 23 25 25 24 24 24 24 24 26 26 25 25 25 25 26 27 28 27 26 25
60 60 60 61 61 61 61 61 61 62 62 61 61 61 61 61 61 61 60 60 60 60 60 60 60 60 59 59 59 59 59 58 58 55 55 51 48 46 45 43 42 40 34 29 26 22 21 20 19 20 19 19 19 20 20 20 19 19 19 20 20 20 20 20 20 22 22 23 24 23 23 23 23 24 23 23 24 25 25 25 24 24 24 24 25 26 26 26 26 27 27 28 29 27 26 26
61 61 61 62 62 62 62 62 62 62 62 62 62 62 62 62 61 61 61 61 61 61 60 60 60 60 60 60 60 60 59 59 58 56 56 53 50 47 47 44 43 42 33 31 27 22 21 20 20 20 19 19 19 19 20 21 20 19 19 19 20 21 21 21 21 22 23 24 24 23 24 23 24 24 23 23 24 25 25 24 24 25 25 24 25 26 28 28 28 28 28 28 28 26 25 26
62 62 62 62 63 63 63 63 63 63 63 63 63 63 63 62 62 62 62 62 61 61 61 61 61 60 60 60 60 60 60 60 59 57 54 54 52 48 47 45 43 40 35 31 26 23 21 21 19 20 20 19 18 19 20 20 20 20 19 19 21 22 22 22 22 23 23 24 24 24 24 24 24 24 23 23 24 25 24 24 25 26 26 25 24 25 27 27 28 28 27 27 28 28 26 26
63 63 63 63 63 64 64 64 64 64 64 64 64 64 63 63 63 63 62 62 62 62 61 61 61 61 60 60 60 60 60 60 60 58 55 55 52 49 47 48 51 46 40 35 26 22 22 21 20 20 19 19 19 19 20 19 19 19 19 19 21 21 23 23 22 24 24 23 23 24 24 24 25 25 23 23 25 26 24 23 24 25 26 25 25 25 26 27 27 27 27 27 27 27 26 26
64 64 64 64 64 64 65 65 65 65 65 65 64 64 64 64 63 63 63 63 62 62 62 61 61 61 60 60 60 60 60 60 60 59 57 54 54 50 46 56 54 52 44 38 30 24 22 21 20 20 20 20 19 19 19 19 19 20 20 20 20 21 22 23 23 23 25 24 23 24 25 25 25 25 23 24 25 26 24 23 24 25 25 26 26 26 26 25 25 26 26 26 27 26 26 26
64 65 65 65 65 65 65 66 66 66 66 65 65 65 65 64 64 64 63 63 63 62 62 62 61 61 60 60 60 59 59 59 59 59 59 56 57 52 52 65 64 55 46 40 34 29 24 23 22 21 21 21 20 19 19 19 21 21 21 20 21 21 22 23 23 24 24 25 24 25 26 25 24 24 24 24 25 25 24 23 24 25 25 25 26 25 24 24 24 25 25 25 26 26 26 25
65 65 65 66 66 66 66 66 67 67 67 66 66 66 65 65 65 64 64 63 63 63 62 62 61 61 60 60 59 59 58 58 58 59 60 59 59 52 56 66 62 57 48 42 38 32 25 24 22 22 22 21 20 19 20 19 20 20 20 20 21 22 23 23 23 24 24 25 25 26 26 25 24 24 25 25 25 24 24 24 24 25 25 25 25 24 23 23 23 24 24 24 24 25 25 24
66 66 66 66 67 67 67 67 67 67 67 67 67 66 66 66 65 65 64 64 63 63 62 62 61 61 60 60 59 58 58 58 57 58 60 63 66 57 60 70 66 59 51 44 39 33 26 24 23 23 22 21 19 19 21 20 19 19 20 20 21 22 23 23 22 23 23 24 25 26 25 25 25 25 25 25 24 24 24 24 24 25 25 25 24 23 22 23 24 24 24 24 25 25 24 23
67 67 67 67 67 67 68 68 68 68 68 68 68 67 67 66 66 65 65 64 64 63 63 62 61 61 60 60 59 58 58 57 57 58 60 65 67 61 63 67 65 60 53 45 39 34 28 24 23 23 21 20 20 20 21 21 21 21 20 20 21 22 22 22 22 23 23 24 25 24 25 25 26 25 25 25 24 23 24 24 25 25 25 25 23 22 23 24 24 24 25 24 25 26 25 23
