Data/bom_data/etaafeb.txt
ncols         417
nrows         337
xllcorner     112.15
yllcorner     -43.8
cellsize      0.1
NODATA_value  -9999
[rows 165 to 219 of 337, columns 288 to 383 of 417]
31 32 32 33 33 33 33 32 31 31 31 32 33 35 36 38 39 41 44 44 43 43 42 42 43 43 44 45 46 46 46 45 44 43 44 45 47 49 51 52 52 50 51 51 51 52 52 52 53 53 53 53 54 54 54 54 54 54 54 54 54 53 53 53 53 53 53 53 52 52 52 53 54 54 54 56 55 56 56 56 57 57 57 57 57 57 57 57 58 58 58 58 58 58 58 58
31 32 32 33 33 33 33 32 30 30 30 31 32 33 34 35 37 39 43 43 42 42 42 41 42 42 43 46 47 46 46 45 43 43 43 45 47 50 51 51 50 52 53 52 50 51 51 51 52 52 52 52 52 53 53 53 53 53 53 53 52 52 52 52 52 52 52 52 52 52 52 52 53 53 54 55 55 55 56 56 57 57 57 57 57 57 57 56 57 57 57 57 57 57 58 57
30 31 31 31 32 33 32 30 29 28 29 30 32 32 33 35 37 39 39 40 40 41 41 41 42 42 43 45 45 45 46 44 43 43 44 45 47 49 50 51 50 50 49 52 49 50 51 50 51 51 51 51 51 52 52 52 52 52 52 52 51 51 51 51 51 51 51 51 51 51 51 52 53 53 53 54 55 56 55 56 56 57 57 57 57 57 56 56 56 56 56 56 56 56 56 56
29 31 30 30 30 31 32 30 28 27 28 31 35 33 33 35 37 39 38 38 39 40 40 40 41 43 44 45 46 44 44 44 43 43 44 45 47 48 48 49 49 49 52 52 51 49 50 50 50 50 50 50 51 51 51 51 51 51 51 51 50 50 50 50 50 50 50 51 51 51 51 51 52 53 53 53 54 55 55 55 56 56 57 57 56 56 56 56 56 55 55 55 56 56 56 56
29 30 30 29 29 29 31 29 27 26 27 29 31 32 33 34 36 37 37 37 37 38 40 40 41 42 43 45 46 45 44 43 43 43 44 44 46 48 47 47 47 49 50 50 49 48 48 51 49 49 49 49 49 50 50 50 50 49 49 49 49 50 49 49 50 49 50 50 50 50 50 51 52 52 53 53 53 54 55 55 56 57 57 57 56 56 56 56 56 55 55 55 55 56 56 56
30 30 30 30 30 29 30 30 27 26 26 28 30 34 35 36 36 36 37 37 36 37 39 41 41 42 42 43 45 45 44 43 42 42 44 45 46 46 47 47 47 48 49 48 49 50 50 50 50 50 48 48 48 49 49 49 49 48 48 48 49 49 48 48 49 49 49 50 50 50 50 50 51 51 52 53 53 54 54 55 56 56 57 57 56 56 56 56 56 55 55 55 55 55 56 56
32 32 32 32 31 29 28 29 28 27 26 27 29 32 34 34 34 34 35 36 35 36 38 40 41 42 42 42 43 43 43 42 42 42 44 45 46 46 46 47 47 46 47 47 49 49 48 48 49 49 49 47 48 48 48 48 48 47 47 47 48 48 48 48 48 48 49 49 49 49 50 50 51 51 52 52 53 53 54 55 56 56 57 56 56 56 56 56 56 56 56 55 55 55 56 56
32 33 31 31 29 28 27 27 28 27 26 27 28 30 33 33 32 33 33 34 34 36 37 39 41 43 42 41 42 41 41 41 42 43 44 46 46 46 46 46 46 46 46 47 48 48 47 47 47 48 48 48 47 47 47 47 47 47 46 46 47 47 47 47 47 47 47 48 48 49 49 50 50 51 51 52 52 53 53 54 55 55 56 56 56 56 56 56 56 56 56 56 56 56 56 57
29 29 29 28 27 27 26 27 27 26 26 27 29 31 32 33 32 32 32 33 34 36 37 40 40 42 41 40 40 40 40 40 41 42 44 46 46 46 46 46 47 46 45 46 49 48 47 46 46 46 47 47 48 46 46 46 46 46 46 46 46 46 46 46 46 47 47 47 48 48 49 49 50 50 51 51 52 53 53 54 54 55 56 55 55 55 55 56 56 55 56 56 56 56 56 57
28 27 27 26 26 26 26 26 26 26 26 27 30 31 31 32 32 31 31 32 34 35 37 38 38 40 40 39 39 39 39 40 41 42 43 45 45 46 46 45 46 45 44 46 48 47 48 46 45 45 46 46 46 47 45 45 45 45 45 45 45 45 45 45 45 46 46 46 47 48 48 49 49 50 51 51 52 52 53 53 54 54 55 55 54 55 55 55 55 55 55 55 55 55 56 56
27 27 27 27 26 26 26 26 26 26 26 26 27 28 29 31 31 30 31 32 34 35 36 36 36 38 38 38 38 39 39 39 40 41 42 44 44 46 47 46 44 44 44 46 46 45 46 45 44 44 45 45 45 46 46 44 44 44 44 44 45 44 44 44 45 45 45 46 46 47 48 48 49 50 50 51 51 52 53 53 53 54 54 54 54 54 54 54 54 54 54 54 54 55 55 55
27 28 28 27 27 26 26 26 26 26 26 26 26 27 29 31 29 30 30 32 34 36 36 36 35 36 37 37 37 38 38 39 39 40 41 43 43 44 46 46 45 43 44 46 45 44 44 44 44 44 44 44 45 45 45 45 43 43 43 43 44 43 43 44 44 44 45 45 46 46 47 48 48 49 50 51 51 52 52 52 53 53 53 53 53 53 53 53 53 53 54 54 54 54 54 55
27 29 30 28 27 26 26 25 25 25 26 26 26 27 28 28 30 30 31 32 34 36 37 36 34 34 35 36 36 37 38 38 39 39 40 42 43 43 44 45 45 43 43 46 46 44 43 43 43 43 43 43 44 44 44 44 42 42 42 43 42 42 43 43 43 43 44 44 45 46 46 47 48 49 50 50 51 51 52 52 52 52 52 53 53 53 53 53 53 53 53 53 53 54 54 54
27 28 28 28 28 27 26 25 25 25 25 26 26 27 27 28 30 32 33 32 35 35 35 35 33 33 34 35 35 36 37 38 38 39 40 42 44 43 43 44 43 42 44 45 44 43 43 43 43 43 43 43 43 43 43 44 44 42 42 42 41 41 42 42 42 42 43 43 44 45 46 47 47 48 49 50 51 51 51 52 52 52 52 52 53 53 53 53 53 53 53 53 53 53 54 54
26 27 27 28 28 27 25 25 25 25 25 26 27 28 28 28 30 33 36 33 32 34 34 33 32 33 34 35 35 36 37 37 38 39 39 41 43 42 42 43 42 42 44 43 43 42 42 42 42 42 43 43 43 43 43 43 43 41 41 41 41 41 41 41 41 42 42 43 43 44 45 46 47 48 49 50 50 51 51 51 51 52 52 52 52 52 52 52 52 52 52 52 52 52 53 53
25 26 27 27 27 26 25 25 25 25 26 27 29 29 29 29 31 33 33 32 32 31 31 31 31 34 36 35 35 36 38 38 38 39 41 42 43 42 41 42 42 42 42 42 42 42 42 42 42 42 42 42 42 42 42 42 43 43 40 40 40 40 40 40 40 41 41 42 43 43 44 45 46 47 48 49 50 50 50 51 51 51 51 52 52 52 51 51 51 51 51 51 52 52 52 52
24 25 26 27 27 26 25 25 25 25 26 28 31 32 31 29 29 30 30 30 31 29 29 30 33 34 36 35 36 37 38 38 37 38 41 43 43 41 41 41 41 41 41 42 42 42 42 42 42 42 42 42 42 42 42 42 42 43 39 39 39 39 39 39 39 40 40 41 42 43 44 45 46 47 48 48 49 50 50 50 51 51 51 51 51 51 51 51 51 51 51 51 51 51 52 52
23 24 25 26 26 26 26 26 25 25 27 30 32 33 30 27 27 27 27 28 29 28 29 31 33 34 35 35 36 37 37 37 36 37 39 41 43 41 40 40 41 41 41 42 42 42 41 41 41 41 41 41 41 41 41 42 42 42 39 38 38 38 38 38 38 39 39 40 41 42 43 44 45 46 47 48 49 49 50 50 50 51 51 51 51 51 51 50 50 51 51 51 51 51 51 51
23 24 24 25 25 26 26 25 25 25 27 30 32 32 29 26 26 26 26 27 27 28 29 31 32 32 34 37 36 36 37 36 36 36 38 40 40 39 39 39 40 40 40 42 42 41 41 41 41 41 41 41 41 41 42 42 42 38 38 38 37 37 37 37 37 38 39 39 40 41 42 43 45 46 47 48 48 49 49 50 50 50 50 50 50 50 50 50 50 50 50 50 50 50 51 51
22 23 23 24 24 24 25 25 25 25 27 29 30 29 27 25 25 26 27 27 27 28 29 30 30 31 35 36 35 35 36 36 35 36 38 39 38 38 38 39 39 39 39 41 41 40 40 41 41 41 41 41 41 42 42 42 42 38 37 37 37 36 36 36 36 37 38 38 39 41 42 43 44 45 46 47 48 49 49 50 50 50 50 50 50 50 50 50 50 50 50 50 50 50 50 51
21 22 23 22 22 23 25 24 25 25 27 28 26 25 25 25 25 25 26 26 26 27 28 28 29 31 33 33 33 33 36 36 34 35 37 37 36 37 37 38 38 38 39 40 41 40 40 40 40 41 41 41 41 42 42 42 38 38 37 37 36 36 35 35 35 36 36 38 39 40 41 43 44 45 46 47 48 49 49 49 50 50 50 50 50 50 50 50 50 50 50 50 50 50 50 50
21 21 21 21 22 23 24 25 26 26 27 26 24 24 25 25 25 25 25 26 26 26 27 27 28 30 31 32 32 33 35 35 33 34 36 36 36 36 37 37 38 38 39 40 41 39 39 40 40 40 41 41 42 42 42 43 38 37 37 36 36 35 35 34 34 35 36 37 38 40 41 43 44 45 46 47 48 49 49 50 50 50 50 50 50 50 50 50 50 50 50 50 50 50 50 51
20 20 21 21 22 23 24 26 26 26 28 26 24 24 24 25 25 25 25 25 25 25 26 27 27 29 30 32 31 33 35 35 34 33 34 35 35 35 36 36 38 39 40 40 41 39 39 39 40 40 41 41 42 42 43 38 38 37 37 36 35 35 34 33 33 34 35 36 38 39 41 42 44 45 46 47 48 49 49 50 50 50 50 50 50 50 50 50 49 49 49 50 50 50 50 51
20 20 20 21 21 23 25 27 26 27 28 25 24 24 24 24 24 24 25 25 25 25 25 26 27 28 30 31 30 32 34 34 33 33 33 34 36 35 36 36 37 39 39 38 39 39 39 39 39 40 41 41 42 42 43 39 38 38 37 36 35 35 34 33 32 32 34 36 37 39 41 42 44 45 46 48 48 49 50 50 50 50 50 50 50 50 50 50 49 49 49 49 50 50 50 51
20 19 20 21 22 23 25 28 29 27 26 26 25 24 24 24 24 24 24 24 25 25 25 26 27 28 29 29 30 31 32 32 32 32 32 33 35 35 36 36 37 37 37 37 38 38 38 39 39 40 41 41 42 43 43 39 39 38 37 37 36 35 34 32 31 32 34 36 37 39 41 43 44 46 47 48 49 50 50 50 50 51 51 50 50 50 50 50 49 49 49 49 50 50 51 51
20 20 20 20 22 23 25 27 27 26 27 27 26 24 24 24 24 24 24 24 24 24 25 26 27 28 28 29 30 30 31 31 31 31 31 32 33 33 34 35 35 36 36 37 37 38 38 39 39 40 41 42 42 43 40 39 39 39 38 37 36 35 34 33 32 33 34 36 38 40 42 43 45 46 47 49 50 50 51 51 51 51 51 51 51 50 50 50 49 49 49 49 50 51 50 50
20 20 20 21 22 23 25 26 26 26 26 26 26 25 24 24 23 23 23 24 24 24 24 25 26 26 27 28 29 30 31 32 32 31 31 32 32 33 34 34 35 35 36 37 37 38 38 39 40 40 42 42 43 44 40 40 40 39 39 38 37 37 36 35 34 35 36 37 39 41 42 44 45 47 48 50 50 51 51 51 52 51 51 51 51 51 50 50 50 49 50 50 50 51 51 51
20 20 20 21 22 23 25 26 26 27 27 26 25 24 24 24 23 23 23 23 23 24 24 25 25 26 27 28 29 30 31 31 30 30 30 31 32 33 34 35 35 35 37 37 37 38 38 39 40 41 43 44 40 44 41 41 40 40 40 39 39 38 37 37 36 37 37 39 40 41 43 45 46 48 49 50 51 52 52 52 52 52 52 52 51 51 51 50 50 50 50 50 51 51 51 51
20 20 20 21 22 23 24 25 27 27 27 26 25 24 24 24 22 22 22 23 23 23 24 25 26 27 27 28 29 29 29 30 30 29 29 30 31 31 33 34 35 36 36 36 37 38 39 40 41 42 43 40 41 45 45 41 41 41 41 41 40 39 39 38 38 38 39 40 41 42 44 45 47 48 50 51 52 52 52 53 53 53 52 52 52 52 51 51 50 50 51 51 52 51 51 51
20 20 21 21 22 23 24 26 26 26 28 28 25 24 23 23 22 22 22 22 23 23 24 25 25 26 27 28 28 29 28 28 28 28 29 29 30 31 32 33 34 35 36 36 37 38 39 40 42 43 44 45 45 41 42 42 42 42 42 42 42 41 40 40 40 40 41 41 42 43 45 46 47 49 50 52 53 53 53 53 53 53 53 53 53 53 52 52 52 52 52 53 54 53 52 52
21 21 21 21 22 23 23 24 24 25 26 25 23 22 22 22 22 21 22 22 22 23 24 24 25 25 26 27 27 27 27 27 27 27 28 29 30 31 32 33 33 33 35 36 37 38 40 41 42 44 44 41 41 42 42 43 43 44 44 44 43 43 42 42 41 42 42 43 43 44 45 47 48 49 50 52 52 53 53 53 53 54 54 54 54 54 54 54 54 54 54 54 55 55 54 54
21 21 22 22 23 23 23 24 24 23 23 22 22 21 22 22 22 21 21 22 22 23 24 24 24 25 26 26 26 25 26 26 26 27 27 28 29 30 31 31 32 33 34 36 36 38 40 41 42 43 45 41 42 42 43 44 44 45 45 45 45 44 43 43 43 43 43 44 44 45 46 47 48 49 50 51 52 53 53 54 54 54 54 54 55 55 55 55 56 56 56 56 56 56 56 56
22 22 22 22 22 23 23 23 22 22 21 21 21 21 21 21 21 21 21 22 23 23 24 24 24 25 25 25 25 25 25 25 25 26 27 28 29 29 30 31 32 33 34 35 36 38 39 40 41 43 41 41 42 43 43 44 45 46 47 47 46 45 44 44 44 44 44 44 45 46 47 48 49 50 50 51 52 53 53 54 54 54 55 55 56 56 56 57 57 58 58 58 58 58 58 57
22 22 22 21 22 24 23 22 21 21 20 20 20 20 20 20 20 20 21 22 22 23 24 24 24 25 24 24 25 25 25 24 25 26 26 27 28 28 29 30 31 32 33 34 35 37 38 39 41 43 41 41 42 43 43 44 45 46 47 47 47 46 45 45 45 45 45 45 46 46 47 48 49 50 50 51 52 53 53 54 54 55 55 56 56 57 58 58 58 59 60 60 59 59 59 58
23 22 22 21 21 22 24 21 20 19 19 19 20 20 20 20 20 20 21 22 22 23 23 24 24 24 24 23 23 23 23 24 24 25 26 26 27 28 29 30 31 32 33 34 35 36 37 39 41 43 41 41 42 43 43 44 45 46 47 47 46 46 45 45 45 45 45 45 46 47 47 48 49 50 50 51 52 52 53 54 54 55 56 56 57 58 59 59 60 60 61 61 60 60 60 59
23 22 21 21 20 21 22 20 19 19 19 19 19 19 19 19 20 21 22 23 22 22 22 22 23 23 24 22 22 22 22 23 24 24 25 26 27 27 28 29 31 32 32 33 34 35 36 38 40 41 43 41 42 42 43 44 45 45 46 46 46 46 46 45 45 45 45 46 46 47 47 48 49 49 50 51 51 52 53 53 54 55 56 57 58 59 60 61 61 61 61 62 62 61 60 60
23 21 21 20 20 20 20 20 19 19 19 19 19 19 19 19 19 20 20 21 21 21 22 22 22 22 22 21 21 21 22 22 23 24 25 25 26 27 28 29 30 31 31 32 33 34 35 37 38 40 41 40 41 42 43 44 44 45 45 45 46 46 45 45 45 45 46 46 46 47 47 48 48 49 50 50 51 52 52 53 54 55 56 57 58 60 61 62 62 62 62 62 61 61 61 60
21 20 20 19 19 18 18 19 19 19 19 19 20 20 20 20 20 20 20 20 21 22 22 22 22 21 20 19 20 20 21 22 23 24 24 25 26 27 28 29 30 29 30 31 32 33 34 36 37 39 40 41 40 41 42 43 44 44 45 45 45 45 45 45 45 45 46 46 46 47 47 48 48 49 49 50 51 51 52 53 54 55 56 57 59 60 61 62 63 62 61 61 61 61 61 60
20 20 19 19 18 18 18 18 19 19 19 20 22 21 20 20 20 20 20 20 20 22 22 21 20 19 19 18 19 20 21 22 23 23 24 25 26 27 28 29 28 28 29 30 31 32 34 35 36 38 39 40 39 40 41 43 43 44 44 44 44 45 45 45 45 45 46 46 46 46 47 47 48 48 49 50 50 51 52 53 54 55 56 57 58 60 61 62 62 61 61 61 61 61 60 60
19 19 18 18 18 18 18 18 18 19 19 19 21 22 20 20 20 20 20 20 20 21 22 21 20 19 18 18 19 20 21 22 22 23 24 25 26 26 26 27 27 28 28 30 30 32 34 35 36 37 38 39 39 40 40 42 42 42 43 43 44 44 44 45 45 45 45 46 46 46 47 47 47 48 48 49 50 51 52 52 53 54 56 57 58 59 60 61 61 60 60 60 60 60 60 59
18 18 18 18 18 18 19 18 18 18 19 19 20 21 21 21 21 21 20 20 20 22 22 21 21 19 18 18 19 20 21 21 22 23 24 25 25 25 25 26 27 28 28 29 30 32 33 34 35 36 37 38 38 39 40 40 41 42 42 43 43 43 44 44 44 45 45 45 46 46 46 47 47 47 48 49 49 50 51 52 53 54 56 57 58 59 60 60 61 60 58 57 58 59 58 58
18 17 17 17 18 18 19 19 17 17 18 19 20 21 21 21 22 21 20 20 20 21 21 20 20 20 19 19 19 20 21 22 22 23 24 24 24 25 26 26 28 29 27 28 29 31 33 34 34 36 37 37 38 38 39 39 41 41 41 42 42 43 43 44 44 45 45 45 46 46 46 46 47 47 47 48 49 50 51 52 52 54 56 57 58 59 60 60 60 59 58 55 56 58 54 53
17 16 17 17 18 18 21 20 17 17 17 19 21 20 20 22 23 21 21 20 20 20 19 19 19 19 19 20 21 20 21 21 22 23 24 24 24 25 25 25 27 28 27 28 29 31 32 32 33 34 35 35 38 37 38 39 40 40 41 41 42 42 43 43 44 44 45 45 45 46 46 46 46 46 47 48 48 50 51 51 52 54 56 58 58 59 59 59 59 59 58 55 54 56 55 53
16 16 16 16 18 19 21 20 17 16 17 18 19 19 20 22 24 21 20 19 19 20 19 19 19 19 20 21 22 22 22 22 22 23 23 23 24 24 24 25 26 28 28 28 29 30 31 31 32 33 34 35 36 36 37 38 39 40 40 41 41 42 42 43 43 44 44 45 45 46 46 46 46 46 46 47 48 50 51 52 54 54 56 58 58 59 59 59 58 58 59 59 56 55 55 55
15 15 15 16 19 19 19 18 16 16 16 17 19 19 21 22 22 21 20 19 19 19 18 18 19 19 19 20 21 21 22 22 22 22 23 23 23 24 24 25 26 29 27 29 28 29 30 30 31 33 33 34 35 36 37 38 38 39 39 40 40 41 42 42 43 44 44 45 45 46 46 46 46 46 47 47 48 49 51 55 55 56 57 58 59 59 59 59 59 58 58 58 57 55 55 54
15 14 15 15 17 18 18 17 16 15 15 16 19 21 22 21 21 22 20 19 18 18 18 19 19 19 20 20 20 21 21 21 22 22 22 23 23 23 24 24 25 28 26 27 28 28 28 29 31 32 33 33 34 35 36 37 38 38 39 39 40 40 41 42 43 43 44 45 45 46 46 46 46 46 47 47 48 50 51 55 57 58 58 58 59 60 60 60 59 58 57 56 56 55 55 54
14 14 14 14 16 19 17 17 17 15 15 16 17 21 21 20 20 22 21 18 18 18 18 19 19 19 20 20 20 21 21 21 22 22 22 22 23 23 24 24 25 27 26 25 27 26 27 28 28 31 31 33 34 34 35 36 37 38 38 38 39 40 40 41 42 43 44 45 45 46 46 46 46 47 47 48 48 50 51 56 59 57 57 58 59 59 60 60 59 58 57 57 56 55 55 54
13 13 13 14 16 19 18 17 16 15 15 15 16 20 21 20 18 19 20 18 18 18 18 20 20 20 20 20 20 21 21 21 21 22 22 22 23 23 23 25 27 27 25 26 25 25 25 27 27 30 31 32 33 34 35 36 36 37 37 38 38 39 40 41 42 43 44 45 46 46 46 46 46 47 47 48 49 50 51 53 56 57 57 57 59 59 60 59 59 58 58 57 57 56 55 55
13 12 12 14 17 18 18 17 16 16 15 14 15 17 18 19 18 18 18 17 18 18 19 20 20 20 20 20 20 21 21 22 22 21 22 22 23 23 23 24 25 26 27 25 24 24 24 24 24 29 30 32 33 34 34 35 35 36 37 37 38 38 39 40 42 43 44 45 46 46 46 46 46 47 47 48 48 49 51 53 55 56 57 57 57 58 60 60 60 59 60 59 57 57 56 56
13 12 12 15 17 18 17 16 15 15 15 14 14 15 17 19 17 17 17 17 18 18 19 19 20 20 20 21 21 21 21 21 21 21 22 22 23 24 24 23 24 25 25 24 23 23 23 23 25 28 30 31 32 33 34 35 35 36 36 37 37 38 39 40 42 43 44 46 46 46 46 46 46 46 47 47 48 49 50 52 53 54 56 56 58 59 59 61 63 63 62 61 59 58 57 57
13 13 14 17 17 17 16 15 14 14 14 14 14 15 16 17 18 18 17 17 18 18 19 19 20 20 21 22 23 22 21 21 21 21 22 22 24 25 24 23 23 23 23 23 22 22 23 23 25 27 29 31 32 33 33 34 34 35 36 36 37 38 39 40 41 43 44 46 47 46 45 45 45 46 47 47 48 49 50 51 52 53 54 56 57 59 60 61 62 64 65 63 62 60 60 60
13 13 16 18 17 15 16 15 14 14 14 14 14 16 17 16 18 18 17 17 17 18 18 19 20 20 21 23 23 22 21 21 22 22 22 23 25 25 23 23 22 22 22 22 23 23 23 24 25 27 29 30 31 33 33 34 34 35 35 36 37 37 38 40 41 42 44 46 46 45 44 44 45 45 46 47 48 49 49 50 51 52 54 56 58 59 60 61 62 62 63 64 64 64 61 65
13 14 16 17 17 15 15 14 13 13 13 14 15 17 17 15 16 17 17 17 17 18 18 19 20 20 22 22 22 21 21 21 22 23 23 24 25 24 23 23 23 22 22 23 24 25 25 25 26 27 28 30 31 33 33 34 34 34 35 36 36 37 38 39 40 42 43 44 44 43 43 43 44 44 45 46 47 48 49 50 51 52 54 54 55 57 58 60 60 61 61 62 61 61 63 62
14 15 16 16 16 16 14 13 13 13 13 14 16 16 15 15 16 16 16 17 17 18 18 19 20 21 21 22 21 21 21 21 22 23 23 24 23 23 23 23 23 23 22 23 23 24 26 26 26 27 28 30 31 32 33 33 34 34 35 36 36 37 38 39 40 40 41 42 42 41 41 42 42 44 45 46 47 47 48 49 49 50 51 53 55 56 58 59 59 60 61 60 61 61 62 62
15 16 16 15 15 15 14 14 13 13 14 14 15 15 15 15 15 16 16 17 17 18 19 19 20 21 21 21 21 21 21 21 22 23 23 23 22 22 23 23 23 22 22 22 23 25 26 26 26 26 28 31 31 32 33 33 33 34 35 36 36 37 37 38 39 39 40 40 40 40 40 41 41 43 44 45 46 46 47 47 48 50 51 52 54 54 57 57 57 58 59 59 60 60 61 62
