Data/bom_data/etaamar.txt
ncols         417
nrows         337
xllcorner     112.15
yllcorner     -43.8
cellsize      0.1
NODATA_value  -9999
[rows 220 to 274 of 337, columns 0 to 95 of 417]
50 50 51 51 51 51 51 51 52 52 52 52 51 51 51 50 50 50 49 49 48 48 47 47 46 45 45 44 43 43 42 42 42 42 44 49 49 48 53 59 54 52 46 38 32 27 23 20 19 18 18 17 19 19 20 22 23 22 20 20 20 20 21 21 21 21 21 21 21 20 21 22 22 22 22 21 20 21 21 21 20 20 20 20 19 18 20 21 21 21 23 23 23 23 24 22
51 51 51 51 51 52 52 52 52 52 52 52 52 52 51 51 51 50 50 49 49 48 48 47 46 46 45 44 44 43 43 43 43 43 45 46 49 48 53 57 56 52 45 37 32 28 24 21 19 17 17 17 18 19 20 21 22 22 20 20 20 21 21 21 21 21 20 21 21 20 20 21 22 22 21 21 21 21 22 20 19 19 19 19 18 19 19 21 22 22 23 23 23 22 22 22
51 51 52 52 52 52 52 52 53 53 53 53 53 52 52 52 51 51 50 50 49 49 48 47 47 46 45 45 44 44 43 43 44 44 45 46 49 49 58 56 54 51 43 36 32 29 25 23 19 18 17 17 18 19 20 21 22 21 20 19 19 21 21 21 20 20 20 20 20 20 20 20 21 21 21 21 21 21 21 20 18 18 18 18 19 20 19 21 22 22 22 22 22 21 21 21
52 52 52 52 52 53 53 53 53 53 53 53 53 53 53 52 52 51 51 50 50 49 48 48 47 46 46 45 45 44 44 44 44 45 46 50 49 50 57 56 52 49 42 36 33 29 26 24 20 20 18 18 18 19 20 20 21 21 20 19 19 20 19 20 20 20 20 20 20 20 20 20 20 20 21 21 21 22 21 20 19 18 18 18 20 21 20 21 22 22 21 21 22 22 21 21
52 52 52 53 53 53 53 53 53 54 54 54 54 54 53 53 53 52 51 51 50 50 49 48 47 47 46 46 45 45 45 45 45 46 49 50 48 49 56 54 51 49 42 36 32 29 26 23 22 19 20 20 19 19 19 20 21 21 20 19 19 19 19 20 20 21 22 22 21 21 21 20 20 20 21 22 22 22 21 20 19 19 19 19 20 21 21 21 22 22 21 21 20 21 21 21
53 53 53 53 53 53 54 54 54 54 54 54 54 55 54 54 53 53 52 51 51 50 49 49 48 47 47 46 46 45 45 45 46 47 48 49 48 49 53 50 49 44 40 34 31 28 26 24 23 21 20 21 20 19 20 20 20 21 20 20 19 19 19 20 20 21 22 23 22 22 22 21 20 20 21 22 22 22 20 20 19 19 19 20 20 20 21 21 21 21 21 21 20 21 21 21
53 53 53 54 54 54 54 54 54 54 55 55 55 55 55 55 54 53 53 52 52 51 50 49 48 48 47 46 46 46 46 46 46 47 48 48 46 47 51 47 46 41 38 32 30 28 26 25 24 23 22 22 21 21 21 20 20 21 21 20 20 20 20 20 20 20 21 22 23 22 22 21 20 20 20 21 22 21 20 19 19 20 20 20 20 20 20 20 21 20 20 21 21 22 23 22
53 54 54 54 54 54 54 55 55 55 55 55 55 55 55 55 55 54 54 53 52 51 51 50 49 48 47 47 46 46 46 46 46 47 48 48 45 45 48 46 42 38 37 32 30 28 27 25 24 24 23 22 22 21 21 21 21 21 21 21 21 20 20 20 21 21 21 22 22 22 22 21 21 20 21 21 21 21 20 19 19 19 19 20 20 20 20 20 20 21 20 21 22 23 24 23
54 54 54 54 54 55 55 55 55 55 55 55 56 56 56 56 56 55 55 54 53 52 51 50 50 49 48 47 46 46 46 46 47 47 48 47 43 41 42 41 39 37 34 31 29 28 26 25 24 24 23 22 22 21 21 22 21 20 21 21 21 20 20 21 22 22 22 22 21 21 22 22 21 20 20 20 21 21 21 21 20 19 19 19 20 20 21 21 21 22 21 22 23 24 24 23
54 54 55 55 55 55 55 55 55 56 56 56 56 56 56 56 56 56 56 55 54 53 52 51 50 49 48 47 47 46 46 46 47 47 48 47 42 41 39 37 35 34 33 30 29 27 26 25 24 23 22 21 22 21 22 22 20 20 20 21 21 21 21 22 22 23 23 22 21 21 22 22 21 21 20 21 22 21 22 22 22 21 21 21 21 22 22 22 22 22 22 22 23 24 23 22
55 55 55 55 55 55 56 56 56 56 56 56 56 56 56 56 56 56 56 56 55 54 53 52 51 50 49 48 47 46 46 46 47 47 49 48 42 38 37 34 33 31 31 31 29 27 25 25 23 22 21 21 21 21 21 21 20 20 21 21 22 21 21 22 22 23 24 23 22 21 22 22 22 21 21 21 22 21 22 22 23 23 22 23 23 23 23 22 23 23 23 23 23 23 23 23
55 55 55 55 56 56 56 56 56 56 56 56 57 57 57 57 57 57 57 57 56 55 55 53 52 51 49 48 47 47 46 46 47 47 51 50 42 38 34 32 30 30 29 28 28 27 25 24 23 22 22 21 21 21 21 20 20 21 21 21 22 22 21 22 22 22 23 23 22 22 22 22 22 22 22 22 22 22 23 23 25 24 24 24 24 24 24 24 24 24 24 24 24 24 24 24
55 56 56 56 56 56 56 56 56 57 57 57 57 57 57 57 57 57 57 57 57 56 56 55 54 52 51 49 48 47 46 46 47 48 53 48 41 37 34 33 30 29 28 28 27 26 24 23 23 22 22 21 21 22 22 21 21 21 22 22 23 22 21 22 23 22 22 22 22 22 22 22 23 23 24 23 22 23 24 24 26 25 24 25 25 24 24 25 25 25 26 26 26 26 27 27
56 56 56 56 56 56 57 57 57 57 57 57 57 57 57 57 57 57 57 57 57 57 56 56 55 54 52 51 49 49 47 47 47 50 49 44 38 35 34 33 31 29 28 27 27 25 24 23 23 22 22 22 23 24 24 22 23 23 23 23 23 22 21 22 23 23 22 23 23 22 22 23 23 24 25 24 23 24 25 25 27 26 26 25 26 26 25 25 26 27 26 27 27 27 27 27
56 56 56 57 57 57 57 57 57 57 57 57 57 57 57 57 57 57 57 57 57 57 56 56 56 55 55 54 56 52 49 48 49 49 46 42 39 38 36 34 32 30 28 27 26 25 25 24 23 22 22 23 24 25 25 24 25 25 24 24 24 23 22 22 23 23 23 23 23 22 23 24 24 25 26 25 24 24 26 26 26 27 27 27 27 27 26 26 27 27 27 27 27 27 27 27
56 57 57 57 57 57 57 57 57 58 58 58 58 58 58 58 58 58 57 57 57 57 57 56 56 55 55 54 56 55 53 51 51 49 46 43 42 39 37 36 34 32 29 27 27 26 26 25 24 23 24 24 26 26 26 25 25 25 24 24 24 24 23 22 23 23 23 24 24 23 24 26 26 26 26 26 25 24 27 27 26 27 27 27 27 27 27 28 28 27 27 27 27 27 27 27
57 57 57 57 57 57 58 58 58 58 58 58 58 58 58 58 58 58 58 58 57 57 57 56 56 55 55 54 57 55 54 53 52 49 47 44 43 41 41 40 37 33 29 28 28 28 27 26 25 25 25 25 26 27 26 26 25 25 25 24 24 25 24 23 24 24 24 24 25 26 26 27 27 28 27 26 25 25 27 27 27 27 28 28 28 27 26 26 26 26 26 26 26 26 26 26
57 57 57 57 58 58 58 58 58 58 58 58 58 58 58 58 58 58 58 58 57 57 57 56 56 55 55 54 56 55 54 53 51 50 48 45 46 46 43 43 40 35 30 29 30 29 29 28 27 27 27 27 27 28 27 27 26 25 24 24 24 24 24 24 26 26 26 26 27 28 28 28 28 28 29 27 26 26 26 26 26 26 26 27 27 27 27 27 27 27 27 27 26 26 26 26
57 57 58 58 58 58 58 58 58 58 58 59 59 59 59 58 58 58 58 58 58 57 57 57 56 56 55 54 56 55 54 53 51 50 48 48 48 48 47 46 43 37 33 32 32 31 30 30 29 29 29 29 29 28 27 27 25 24 24 24 24 24 25 26 28 28 28 29 28 29 30 30 29 29 29 27 27 27 28 28 28 28 28 28 28 28 28 28 28 28 28 27 27 27 27 27
58 58 58 58 58 58 58 59 59 59 59 59 59 59 59 59 59 59 58 58 58 58 57 57 56 56 55 55 54 55 54 53 52 51 50 49 50 49 49 48 46 42 36 35 35 33 32 31 30 30 29 29 29 28 27 26 26 24 24 24 24 26 27 29 29 30 30 31 31 31 31 32 31 31 29 29 29 29 29 29 29 29 29 29 29 29 29 29 29 29 29 28 28 28 28 28
58 58 58 58 59 59 59 59 59 59 59 59 59 59 59 59 59 59 59 58 58 58 58 57 57 56 56 55 54 56 54 53 52 52 51 50 50 50 50 49 47 44 39 37 37 35 34 32 32 32 30 30 30 28 27 27 26 25 25 25 26 28 30 30 30 30 32 33 33 33 33 33 33 32 31 31 31 31 30 30 30 30 30 30 30 30 30 30 30 30 30 29 29 29 29 29
58 58 59 59 59 59 59 59 59 59 59 59 59 59 59 59 59 59 59 59 59 58 58 58 57 57 56 55 55 54 53 52 51 53 52 51 52 52 51 50 48 46 41 39 39 37 36 34 34 34 33 32 32 31 30 30 28 28 28 28 31 32 31 31 31 33 35 35 35 35 35 35 34 34 32 32 32 32 32 32 32 32 32 31 31 31 31 31 31 31 31 30 30 30 30 30
59 59 59 59 59 59 59 59 60 60 60 60 60 60 60 60 60 59 59 59 59 59 58 58 58 57 57 56 55 55 54 53 53 52 51 53 52 52 51 51 50 49 47 44 43 41 40 38 37 36 35 35 35 35 34 35 36 37 38 37 41 39 33 33 34 36 37 37 36 37 37 35 35 35 34 34 34 34 34 33 33 33 33 33 33 32 32 32 32 32 32 31 31 31 31 31
59 59 59 59 59 60 60 60 60 60 60 60 60 60 60 60 60 60 60 59 59 59 59 58 58 58 57 57 56 56 55 54 54 53 52 52 54 53 53 52 52 52 51 50 49 47 45 43 42 39 38 38 38 39 38 37 36 35 36 37 39 37 37 38 39 39 39 39 38 38 38 37 37 36 36 36 36 35 35 35 35 34 34 34 34 34 33 33 33 33 33 32 32 32 32 32
59 59 59 60 60 60 60 60 60 60 60 60 60 60 60 60 60 60 60 60 60 59 59 59 59 58 58 57 57 56 56 55 55 54 54 53 53 55 54 54 54 53 53 52 52 53 52 51 48 45 43 43 43 43 43 42 40 38 39 40 41 41 42 42 42 41 41 41 41 40 40 39 39 39 38 38 37 37 37 36 36 36 36 35 35 35 35 34 34 34 34 34 33 33 33 33
59 60 60 60 60 60 60 60 60 60 61 61 61 61 61 61 61 60 60 60 60 60 60 59 59 59 58 58 58 57 57 56 56 55 55 54 54 54 56 55 55 55 55 54 55 55 55 55 54 52 51 51 50 49 49 49 49 47 44 45 45 45 45 44 44 43 43 44 44 43 42 42 41 41 40 40 39 39 38 38 38 37 37 37 36 36 36 35 35 35 35 35 34 34 34 34
60 60 60 60 60 60 61 61 61 61 61 61 61 61 61 61 61 61 61 61 61 60 60 60 60 59 59 59 58 58 58 57 57 57 56 56 56 55 55 55 56 56 56 57 57 57 58 59 59 60 60 60 57 55 54 53 53 54 53 53 51 50 48 45 45 46 46 47 46 45 45 44 43 43 42 41 41 40 40 39 39 39 38 38 38 37 37 37 36 36 36 36 35 35 35 35
60 60 60 60 61 61 61 61 61 61 61 61 61 61 61 61 61 61 61 61 61 61 61 60 60 60 60 60 59 59 59 58 58 58 57 57 57 57 57 56 56 56 56 59 59 60 60 61 61 63 64 65 65 61 59 58 58 60 61 60 58 54 52 50 50 50 50 50 49 48 47 46 45 44 44 43 43 42 41 41 40 40 40 39 39 38 38 38 37 37 37 37 36 36 36 36
60 60 61 61 61 61 61 61 61 61 61 62 62 62 62 62 62 62 62 62 61 61 61 61 61 61 60 60 60 60 60 59 59 59 59 59 58 58 58 58 58 58 59 59 59 60 61 61 62 63 65 66 67 68 67 65 67 68 69 64 60 58 57 55 54 54 54 53 51 50 49 48 47 46 46 45 44 44 43 42 42 41 41 41 40 40 39 39 39 38 38 38 37 37 37 37
60 61 61 61 61 61 61 61 62 62 62 62 62 62 62 62 62 62 62 62 62 62 62 62 61 61 61 61 61 61 60 60 60 60 60 60 60 60 60 60 60 60 61 61 61 62 63 64 65 66 67 68 69 70 70 71 72 72 71 67 64 62 61 60 59 58 56 55 54 52 51 50 49 48 47 47 46 45 45 44 43 43 42 42 41 41 40 40 40 39 39 39 38 38 38 37
61 61 61 61 61 62 62 62 62 62 62 62 62 62 62 62 62 62 62 62 62 62 62 62 62 62 62 62 62 62 61 61 61 61 61 61 61 61 61 61 62 62 62 63 63 64 65 66 67 68 69 71 72 72 73 74 75 75 73 71 69 67 65 64 62 60 59 57 56 54 53 52 51 50 49 48 47 47 46 45 45 44 44 43 43 42 42 41 41 40 40 40 39 39 39 38
61 61 61 61 62 62 62 62 62 62 62 63 63 63 63 63 63 63 63 63 63 63 63 63 63 63 63 62 62 62 62 62 62 62 62 62 62 63 63 63 63 64 64 65 65 66 67 68 69 70 71 72 73 74 75 76 77 77 76 74 72 70 68 66 64 62 61 59 58 56 55 54 53 52 51 50 49 48 47 47 46 45 45 44 44 43 43 42 42 41 41 41 40 40 40 39
61 61 62 62 62 62 62 62 62 63 63 63 63 63 63 63 63 63 63 63 63 63 63 63 63 63 63 63 63 63 63 63 63 63 63 63 64 64 64 64 65 65 66 66 67 68 69 70 71 72 73 74 75 76 77 77 78 78 77 75 73 72 70 68 66 64 62 61 59 58 57 55 54 53 52 51 50 50 49 48 47 47 46 45 45 44 44 43 43 42 42 42 41 41 41 40
61 62 62 62 62 62 62 63 63 63 63 63 63 63 63 64 64 64 64 64 64 64 64 64 64 64 64 64 64 64 64 64 64 64 64 64 65 65 65 66 66 66 67 68 68 69 70 71 72 73 74 75 76 77 78 78 78 78 77 76 74 73 71 69 67 66 64 62 61 59 58 57 56 55 54 53 52 51 50 49 49 48 47 47 46 45 45 44 44 43 43 43 42 42 41 41
62 62 62 62 62 63 63 63 63 63 63 63 64 64 64 64 64 64 64 64 64 64 64 64 64 64 64 65 65 65 65 65 65 65 65 66 66 66 66 67 67 68 68 69 70 70 71 72 73 74 75 76 77 78 78 79 79 78 78 76 75 74 72 70 69 67 65 64 62 61 60 58 57 56 55 54 53 52 51 51 50 49 48 48 47 47 46 45 45 44 44 44 43 43 42 42
62 62 62 63 63 63 63 63 63 63 64 64 64 64 64 64 64 64 65 65 65 65 65 65 65 65 65 65 65 65 66 66 66 66 66 66 67 67 67 68 68 69 69 70 71 72 72 73 74 75 76 77 77 78 78 79 79 78 78 77 76 74 73 71 70 68 66 65 64 62 61 60 58 57 56 55 54 53 53 52 51 50 49 49 48 48 47 46 46 45 45 44 44 44 43 43
62 62 63 63 63 63 63 63 64 64 64 64 64 64 64 65 65 65 65 65 65 65 65 65 65 66 66 66 66 66 66 66 67 67 67 67 68 68 68 69 69 70 70 71 72 72 73 74 75 76 76 77 78 78 79 79 79 78 78 77 76 75 73 72 70 69 67 66 65 63 62 61 60 58 57 56 55 55 54 53 52 51 51 50 49 49 48 47 47 46 46 45 45 44 44 44
62 63 63 63 63 63 64 64 64 64 64 64 65 65 65 65 65 65 65 65 66 66 66 66 66 66 66 66 67 67 67 67 67 68 68 68 68 69 69 70 70 71 71 72 73 73 74 75 75 76 77 77 78 78 79 79 79 78 78 77 76 75 74 72 71 70 68 67 66 64 63 62 61 60 59 57 57 56 55 54 53 52 52 51 50 50 49 48 48 47 47 46 46 45 45 45
63 63 63 63 63 64 64 64 64 64 64 65 65 65 65 65 65 66 66 66 66 66 66 66 67 67 67 67 67 67 68 68 68 68 69 69 69 70 70 70 71 72 72 73 73 74 75 75 76 77 77 78 78 78 79 79 79 78 78 77 76 75 74 73 72 70 69 68 66 65 64 63 62 61 60 58 58 57 56 55 54 53 53 52 51 50 50 49 49 48 48 47 47 46 46 45
63 63 63 63 64 64 64 64 64 65 65 65 65 65 65 66 66 66 66 66 66 67 67 67 67 67 67 68 68 68 68 68 69 69 69 70 70 70 71 71 72 72 73 73 74 74 75 76 76 77 77 78 78 79 79 79 79 78 78 77 76 75 74 73 72 71 70 68 67 66 65 64 63 61 60 59 58 58 57 56 55 54 53 53 52 51 51 50 50 49 48 48 47 47 47 46
63 63 63 64 64 64 64 64 65 65 65 65 65 66 66 66 66 66 66 67 67 67 67 67 67 68 68 68 68 68 69 69 69 70 70 70 71 71 71 72 72 73 73 74 74 75 76 76 77 77 78 78 78 79 79 79 78 78 78 77 76 75 74 73 72 71 70 69 68 67 66 64 63 62 61 60 59 58 58 57 56 55 54 54 53 52 52 51 50 50 49 49 48 48 47 47
63 64 64 64 64 64 65 65 65 65 65 65 66 66 66 66 66 67 67 67 67 67 67 68 68 68 68 69 69 69 69 70 70 70 70 71 71 72 72 72 73 73 74 74 75 75 76 76 77 77 78 78 78 78 79 78 78 78 78 77 76 76 75 74 73 72 71 69 68 67 66 65 64 63 62 61 60 59 58 58 57 56 55 54 54 53 52 52 51 51 50 50 49 49 48 48
63 64 64 64 64 65 65 65 65 65 66 66 66 66 66 67 67 67 67 67 67 68 68 68 68 68 69 69 69 69 70 70 70 71 71 71 72 72 72 73 73 74 74 75 75 76 76 77 77 77 78 78 78 78 78 78 78 78 77 77 76 76 75 74 73 72 71 70 69 68 67 66 65 64 63 62 61 60 59 58 58 57 56 55 55 54 53 53 52 51 51 50 50 49 49 48
64 64 64 64 65 65 65 65 65 66 66 66 66 66 67 67 67 67 67 68 68 68 68 68 69 69 69 69 70 70 70 70 71 71 71 72 72 73 73 73 74 74 75 75 76 76 76 77 77 78 78 78 78 78 78 78 78 78 77 77 76 76 75 74 73 72 71 70 69 68 67 66 65 64 63 62 62 61 60 59 58 57 57 56 55 55 54 53 53 52 52 51 51 50 50 49
64 64 64 65 65 65 65 65 66 66 66 66 66 67 67 67 67 68 68 68 68 68 69 69 69 69 70 70 70 70 71 71 71 72 72 72 73 73 73 74 74 75 75 75 76 76 77 77 77 78 78 78 78 78 78 78 78 78 77 77 76 76 75 74 73 72 71 71 70 69 68 67 66 65 64 63 62 61 61 60 59 58 57 57 56 55 55 54 53 53 52 52 51 51 50 50
64 64 65 65 65 65 65 66 66 66 66 66 67 67 67 67 68 68 68 68 68 69 69 69 69 70 70 70 70 71 71 71 72 72 72 73 73 73 74 74 74 75 75 76 76 76 77 77 77 78 78 78 78 78 78 78 78 78 77 77 76 76 75 74 73 73 72 71 70 69 68 67 66 65 65 64 63 62 61 60 60 59 58 57 57 56 55 55 54 54 53 52 52 51 51 50
64 64 65 65 65 65 66 66 66 66 66 67 67 67 67 68 68 68 68 68 69 69 69 69 70 70 70 70 71 71 71 72 72 72 73 73 73 74 74 74 75 75 75 76 76 77 77 77 77 78 78 78 78 78 78 78 78 77 77 77 76 76 75 74 73 73 72 71 70 69 69 68 67 66 65 64 63 63 62 61 60 59 59 58 57 57 56 55 55 54 54 53 53 52 52 51
64 65 65 65 65 66 66 66 66 66 67 67 67 67 68 68 68 68 69 69 69 69 69 70 70 70 70 71 71 71 72 72 72 73 73 73 74 74 74 75 75 75 76 76 76 77 77 77 77 78 78 78 78 78 78 78 78 77 77 77 76 75 75 74 74 73 72 71 70 70 69 68 67 66 65 65 64 63 62 62 61 60 59 59 58 57 57 56 55 55 54 54 53 53 52 52
65 65 65 65 66 66 66 66 66 67 67 67 67 68 68 68 68 69 69 69 69 69 70 70 70 71 71 71 71 72 72 72 73 73 73 73 74 74 74 75 75 75 76 76 76 77 77 77 77 78 78 78 78 78 78 78 77 77 77 76 76 75 75 74 74 73 72 71 71 70 69 68 68 67 66 65 64 64 63 62 61 61 60 59 59 58 57 57 56 55 55 54 54 53 53 52
65 65 65 65 66 66 66 66 67 67 67 67 68 68 68 68 69 69 69 69 69 70 70 70 70 71 71 71 72 72 72 72 73 73 73 74 74 74 75 75 75 76 76 76 77 77 77 77 77 78 78 78 78 78 78 77 77 77 77 76 76 75 75 74 74 73 72 72 71 70 69 69 68 67 66 66 65 64 63 63 62 61 60 60 59 58 58 57 57 56 55 55 54 54 53 53
65 65 65 66 66 66 66 67 67 67 67 68 68 68 68 68 69 69 69 69 70 70 70 70 71 71 71 72 72 72 72 73 73 73 74 74 74 75 75 75 75 76 76 76 77 77 77 77 77 77 78 78 78 78 77 77 77 77 77 76 76 75 75 74 74 73 72 72 71 70 70 69 68 67 67 66 65 64 64 63 62 62 61 60 60 59 58 58 57 57 56 55 55 54 54 53
65 65 66 66 66 66 66 67 67 67 67 68 68 68 68 69 69 69 69 70 70 70 70 71 71 71 71 72 72 72 73 73 73 73 74 74 74 75 75 75 76 76 76 76 77 77 77 77 77 77 77 78 78 77 77 77 77 77 76 76 76 75 75 74 74 73 72 72 71 70 70 69 68 68 67 66 66 65 64 63 63 62 61 61 60 59 59 58 58 57 57 56 55 55 54 54
65 65 66 66 66 66 67 67 67 67 68 68 68 68 69 69 69 69 70 70 70 70 71 71 71 71 72 72 72 72 73 73 73 74 74 74 74 75 75 75 76 76 76 76 77 77 77 77 77 77 77 77 77 77 77 77 77 77 76 76 76 75 75 74 74 73 73 72 71 71 70 69 69 68 67 67 66 65 64 64 63 62 62 61 61 60 59 59 58 58 57 57 56 56 55 55
65 66 66 66 66 67 67 67 67 68 68 68 68 68 69 69 69 69 70 70 70 71 71 71 71 72 72 72 72 73 73 73 73 74 74 74 75 75 75 75 76 76 76 76 77 77 77 77 77 77 77 77 77 77 77 77 77 77 76 76 76 75 75 74 74 73 73 72 71 71 70 69 69 68 67 67 66 65 65 64 64 63 62 62 61 60 60 59 59 58 58 57 57 56 56 55
65 66 66 66 66 67 67 67 67 68 68 68 68 69 69 69 69 70 70 70 70 71 71 71 71 72 72 72 73 73 73 73 74 74 74 74 75 75 75 75 76 76 76 76 77 77 77 77 77 77 77 77 77 77 77 77 77 76 76 76 75 75 75 74 74 73 73 72 71 71 70 70 69 68 68 67 66 66 65 64 64 63 63 62 61 61 60 60 59 59 58 58 57 56 56 56
