Data/bom_data/etaamay.txt
ncols         417
nrows         337
xllcorner     112.15
yllcorner     -43.8
cellsize      0.1
NODATA_value  -9999
[rows 55 to 109 of 337, columns 288 to 383 of 417]
61 61 60 60 60 60 60 59 59 58 58 58 57 57 57 56 56 56 56 55 55 55 55 55 55 55 55 55 56 56 55 57 56 56 57 57 57 56 59 57 58 62 62 65 57 58 60 61 62 63 64 66 67 68 69 70 71 72 72 73 74 75 75 76 76 77 78 78 79 79 79 80 80 80 81 81 81 82 82 82 83 83 83 83 84 84 84 84 85 85 85 85 85 86 86 86
61 60 60 59 60 59 59 58 58 58 57 57 56 56 56 55 55 55 55 54 54 54 54 54 54 54 55 55 54 55 56 56 57 57 59 58 61 57 57 58 59 62 67 67 57 58 59 61 62 63 64 65 66 67 68 69 70 71 72 73 74 74 75 76 76 77 77 78 78 79 79 79 80 80 81 81 81 81 82 82 82 83 83 83 83 83 84 84 84 84 85 85 85 85 85 86
60 59 59 58 59 58 58 57 57 57 56 56 56 55 55 55 54 54 54 54 53 53 53 53 53 53 53 53 53 54 54 54 56 56 58 58 58 59 58 60 59 64 61 60 57 58 59 60 61 63 64 65 66 67 68 69 70 71 72 73 74 74 75 75 76 77 77 78 78 78 79 79 80 80 80 81 81 81 81 82 82 82 82 83 83 83 83 84 84 84 84 84 85 85 85 85
59 59 58 58 58 57 57 57 56 56 55 55 55 54 54 54 53 53 53 52 52 52 52 52 52 52 52 52 53 54 54 53 53 54 55 55 56 57 59 62 59 59 59 64 70 57 59 60 61 62 63 65 66 67 68 69 70 71 72 73 73 74 75 75 76 76 77 77 78 78 79 79 79 80 80 80 80 81 81 81 82 82 82 82 83 83 83 83 83 84 84 84 84 84 85 85
58 58 57 57 57 57 56 56 55 55 54 54 54 53 53 53 52 52 52 52 51 51 51 51 51 51 51 51 51 51 52 53 53 54 54 56 57 58 58 65 67 58 58 62 64 57 58 59 61 62 63 64 65 67 68 69 70 71 72 72 73 74 75 75 76 76 77 77 77 78 78 79 79 79 80 80 80 80 81 81 81 81 82 82 82 82 83 83 83 83 83 84 84 84 84 84
57 57 56 56 56 56 55 55 54 54 54 53 53 52 52 52 51 51 51 51 50 50 50 50 50 50 50 50 50 50 51 52 53 54 56 59 57 60 58 65 70 61 59 56 58 57 58 59 60 61 63 64 65 66 68 69 70 71 72 72 73 74 74 75 75 76 76 77 77 78 78 78 79 79 79 80 80 80 80 81 81 81 81 82 82 82 82 82 83 83 83 83 83 84 84 84
57 56 55 56 55 55 54 54 53 53 53 52 52 51 51 51 50 50 50 50 49 49 49 49 49 49 49 49 49 49 49 51 51 52 54 55 54 57 62 63 61 63 69 58 56 56 57 58 59 61 62 63 65 66 68 69 70 71 71 72 73 74 74 75 75 76 76 77 77 77 78 78 78 79 79 79 79 80 80 80 80 81 81 81 81 82 82 82 82 82 83 83 83 83 83 83
56 55 55 55 54 54 53 53 52 52 52 51 51 50 50 50 49 49 49 49 48 48 48 48 48 48 48 48 48 48 48 49 49 50 50 51 52 53 55 57 56 64 71 60 53 55 56 57 58 60 61 63 65 66 67 69 70 71 71 72 73 73 74 75 75 75 76 76 77 77 77 78 78 78 79 79 79 79 80 80 80 80 81 81 81 81 81 82 82 82 82 82 83 83 83 83
55 54 54 54 53 53 52 52 52 51 51 50 50 49 49 49 48 48 48 48 47 47 47 47 47 47 47 47 47 47 48 48 49 49 49 50 51 51 52 53 55 56 64 64 58 53 54 55 57 59 61 63 64 66 67 69 70 71 71 72 73 73 74 74 75 75 76 76 76 77 77 77 78 78 78 78 79 79 79 79 80 80 80 80 81 81 81 81 81 82 82 82 82 82 82 83
54 53 53 53 52 52 52 51 51 50 50 49 49 49 48 48 48 47 47 47 47 46 46 46 46 46 46 46 46 46 46 47 47 48 49 48 48 50 51 54 57 62 59 61 65 60 52 53 55 57 60 62 64 66 67 69 70 71 71 72 73 73 74 74 75 75 75 76 76 76 77 77 77 78 78 78 78 79 79 79 79 80 80 80 80 80 81 81 81 81 81 82 82 82 82 82
53 52 53 52 52 51 51 50 50 49 49 48 48 48 47 47 47 46 46 46 46 45 45 45 45 45 45 45 45 45 46 47 47 48 49 47 47 47 47 52 56 61 56 58 64 64 61 51 53 56 59 62 64 66 68 69 70 71 71 72 73 73 74 74 74 75 75 75 76 76 76 77 77 77 78 78 78 78 78 79 79 79 79 80 80 80 80 80 81 81 81 81 81 81 82 82
52 52 52 51 51 50 50 49 49 48 48 47 47 47 46 46 46 45 45 45 45 45 44 44 44 44 44 44 44 44 45 45 46 48 49 48 47 48 47 45 54 59 62 58 61 63 63 50 51 55 59 62 65 66 68 69 70 70 71 72 72 73 73 74 74 75 75 75 75 76 76 76 77 77 77 77 78 78 78 78 78 79 79 79 79 80 80 80 80 80 80 81 81 81 81 81
52 51 50 50 50 49 49 48 48 47 47 46 46 46 45 45 45 45 44 44 44 44 44 43 43 43 43 44 44 44 44 44 45 46 48 48 52 55 50 46 52 59 61 59 60 65 72 50 63 61 59 62 65 66 68 69 70 70 71 72 72 73 73 73 74 74 75 75 75 75 76 76 76 76 77 77 77 77 78 78 78 78 78 79 79 79 79 79 80 80 80 80 80 81 81 81
50 50 49 49 49 48 48 47 47 46 46 46 45 45 44 44 44 44 43 43 43 43 43 43 42 42 43 43 43 43 43 44 44 45 47 46 49 52 54 49 51 55 59 61 62 71 77 60 61 56 60 63 65 66 68 69 70 70 71 71 72 72 73 73 74 74 74 74 75 75 75 76 76 76 76 77 77 77 77 77 78 78 78 78 78 79 79 79 79 79 80 80 80 80 80 80
49 49 48 48 48 47 47 46 46 45 45 45 44 44 43 43 43 43 42 42 42 42 42 42 42 41 42 42 42 42 43 43 44 44 46 47 48 51 52 53 53 54 58 63 69 75 71 65 67 70 60 63 65 66 68 69 69 70 71 71 72 72 72 73 73 74 74 74 74 75 75 75 75 76 76 76 76 77 77 77 77 77 78 78 78 78 78 79 79 79 79 79 80 80 80 80
48 48 47 47 46 46 46 45 45 44 44 44 43 43 43 42 42 42 41 41 41 41 41 41 41 41 41 41 41 42 42 43 44 44 45 47 49 53 55 52 56 57 63 68 74 76 81 69 81 63 60 63 65 66 67 68 69 70 70 71 71 72 72 72 73 73 73 74 74 74 74 75 75 75 75 76 76 76 76 77 77 77 77 77 78 78 78 78 78 79 79 79 79 79 79 80
47 47 46 46 45 45 45 44 44 43 43 43 42 42 42 41 41 41 41 40 40 40 40 40 40 40 40 40 40 41 41 42 42 45 45 47 48 51 54 53 57 60 66 69 74 77 81 79 81 63 64 63 65 66 67 68 69 70 70 71 71 71 72 72 72 73 73 73 73 74 74 74 74 75 75 75 75 76 76 76 76 76 77 77 77 77 77 78 78 78 78 78 79 79 79 79
46 45 45 45 44 44 43 43 43 42 42 42 41 41 41 40 40 40 40 40 39 39 39 39 39 39 39 40 39 40 40 41 42 43 44 45 47 49 52 56 55 58 68 69 75 78 78 76 70 64 67 63 65 66 67 68 69 69 70 70 70 71 71 72 72 72 72 73 73 73 73 74 74 74 74 75 75 75 75 76 76 76 76 76 77 77 77 77 77 78 78 78 78 78 78 79
45 44 44 44 43 43 42 42 42 41 41 41 40 40 40 39 39 39 39 39 38 38 38 38 38 38 38 39 39 40 40 40 42 43 44 46 48 49 52 54 56 59 68 70 76 80 81 72 65 65 65 69 64 66 67 67 68 69 69 70 70 70 71 71 71 72 72 72 72 73 73 73 73 74 74 74 74 75 75 75 75 75 76 76 76 76 77 77 77 77 77 77 78 78 78 78
44 43 43 42 42 42 41 41 41 40 40 40 39 39 39 39 38 38 38 38 37 37 37 37 37 37 38 38 39 40 40 40 41 42 44 46 48 50 52 54 54 56 60 71 76 81 79 75 73 67 66 63 64 65 66 67 68 68 69 69 69 70 70 70 71 71 71 72 72 72 72 73 73 73 73 74 74 74 74 75 75 75 75 75 76 76 76 76 76 77 77 77 77 77 78 78
42 42 42 41 41 41 40 40 40 39 39 39 38 38 38 38 37 37 37 37 37 37 37 37 36 36 36 37 38 39 39 40 40 41 43 46 48 50 53 54 55 57 61 72 76 80 68 80 81 71 66 63 64 65 66 66 67 67 68 68 69 69 69 70 70 70 71 71 71 72 72 72 72 73 73 73 73 74 74 74 74 74 75 75 75 75 76 76 76 76 76 77 77 77 77 77
41 41 41 40 40 40 39 39 39 38 38 38 38 37 37 37 37 36 36 36 36 36 36 36 36 36 36 36 36 38 39 40 40 42 42 45 49 51 52 53 55 59 63 72 77 83 87 65 73 72 68 62 63 64 65 66 66 67 67 67 68 68 69 69 69 70 70 70 71 71 71 71 72 72 72 73 73 73 73 73 74 74 74 74 75 75 75 75 75 76 76 76 76 76 77 77
40 40 39 39 39 39 38 38 38 37 37 37 37 36 36 36 36 36 35 35 35 35 35 35 35 36 36 36 37 36 38 39 40 42 42 44 47 50 51 53 55 59 64 70 77 83 85 63 63 67 65 62 63 63 64 65 65 66 66 67 67 67 68 68 69 69 69 70 70 70 71 71 71 71 72 72 72 72 73 73 73 73 74 74 74 74 75 75 75 75 75 76 76 76 76 76
39 38 38 38 38 37 37 37 37 36 36 36 36 36 36 36 35 35 34 34 35 35 34 34 35 35 35 36 36 36 36 37 38 39 42 45 49 50 51 52 55 58 61 68 74 80 82 67 62 62 60 61 62 62 63 64 64 65 65 66 66 66 67 67 68 68 68 69 69 70 70 70 70 71 71 71 72 72 72 72 73 73 73 73 74 74 74 74 74 75 75 75 75 75 76 76
37 37 37 36 36 36 36 36 36 35 35 35 35 35 35 35 34 34 34 34 34 34 34 34 34 34 35 36 35 35 35 36 37 38 41 46 49 50 51 52 53 55 57 59 72 75 77 81 74 63 59 60 63 61 62 63 63 64 64 65 65 65 66 66 67 67 68 68 68 69 69 69 70 70 70 71 71 71 72 72 72 72 73 73 73 73 73 74 74 74 74 75 75 75 75 75
36 35 35 35 35 35 35 35 35 34 34 34 34 34 34 34 33 33 33 33 33 33 33 33 34 33 34 36 35 35 35 36 37 37 40 45 50 52 52 52 53 54 56 57 68 66 66 74 72 71 62 64 63 60 61 61 62 62 63 63 64 64 65 65 66 66 67 67 68 68 68 69 69 69 70 70 70 71 71 71 71 72 72 72 72 73 73 73 73 74 74 74 74 74 75 75
34 34 34 34 34 34 34 34 34 33 33 33 33 33 33 33 33 33 33 32 32 32 32 32 33 33 34 35 36 38 36 35 36 38 40 45 50 53 54 52 51 52 54 57 65 71 71 63 69 71 67 60 68 67 59 60 60 61 62 62 63 63 64 64 65 65 66 66 67 67 68 68 68 69 69 69 70 70 70 71 71 71 71 72 72 72 72 73 73 73 73 73 74 74 74 74
32 32 32 32 32 32 33 33 33 33 32 32 32 32 32 32 33 33 32 32 32 32 32 32 32 33 34 35 37 38 36 36 38 39 40 44 48 50 51 51 50 50 52 54 60 65 69 65 58 58 62 73 57 62 58 58 59 60 60 61 61 62 63 63 64 65 65 66 66 67 67 67 68 68 68 69 69 69 70 70 70 71 71 71 71 72 72 72 72 73 73 73 73 73 74 74
30 31 31 31 31 31 32 32 32 32 32 31 31 31 31 31 32 32 32 31 31 31 31 31 32 32 33 35 37 36 35 35 36 39 40 42 44 46 48 48 48 49 50 51 56 64 65 66 61 59 58 62 57 56 56 57 57 58 59 59 60 61 62 62 63 64 64 65 65 66 66 67 67 67 68 68 68 69 69 69 70 70 70 71 71 71 71 72 72 72 72 72 73 73 73 73
29 29 30 30 30 30 31 31 31 31 31 31 30 30 30 30 31 31 31 31 30 31 31 31 31 32 34 34 36 37 36 35 36 37 39 40 43 44 45 46 47 47 48 49 53 61 63 64 65 56 55 55 55 54 54 58 58 56 57 58 59 60 60 61 62 63 63 64 64 65 65 66 66 67 67 67 68 68 68 69 69 69 70 70 70 70 71 71 71 72 72 72 72 72 73 73
28 29 29 29 29 30 30 30 30 30 30 30 30 30 29 29 30 30 30 30 30 31 30 30 30 31 32 33 36 36 35 35 36 37 38 40 42 42 43 44 45 46 46 46 49 55 58 62 63 55 56 54 54 52 53 53 54 55 56 56 57 58 59 60 61 62 62 63 64 64 65 65 66 66 66 67 67 67 68 68 68 69 69 69 70 70 70 70 71 71 71 71 72 72 72 72
28 28 28 28 28 29 29 29 29 29 29 29 29 29 29 29 29 29 30 30 30 30 30 30 30 30 32 33 36 35 35 35 36 37 38 40 40 41 41 42 43 43 43 43 44 47 52 57 61 61 58 55 51 50 51 52 52 53 54 55 56 57 58 59 60 61 62 62 63 63 64 64 65 65 66 66 66 67 67 67 68 68 68 69 69 69 70 70 70 70 71 71 71 71 72 72
28 28 28 28 28 28 28 29 28 28 28 28 28 28 28 28 28 28 29 29 29 30 30 29 30 31 32 33 35 35 36 35 36 39 37 39 39 40 39 40 41 41 40 40 40 42 45 53 57 60 61 63 56 52 49 50 50 51 52 53 54 56 57 58 59 60 61 62 62 63 63 64 64 65 65 65 66 66 66 67 67 67 68 68 69 69 69 69 70 70 70 70 71 71 71 71
27 27 27 27 27 28 28 28 28 28 27 27 27 27 27 27 27 27 27 28 28 29 30 29 29 31 31 32 34 35 36 36 37 37 37 37 37 39 38 38 38 39 39 39 38 40 40 46 53 54 60 60 57 54 51 49 49 49 52 52 53 54 56 57 58 59 60 61 61 62 63 63 64 64 64 65 65 65 66 66 66 67 67 68 68 68 69 69 69 69 70 70 70 70 70 71
27 26 26 27 27 27 27 27 27 27 27 27 27 27 27 27 27 27 27 27 27 28 29 30 29 30 31 32 33 34 36 36 36 36 36 36 37 38 37 37 38 39 38 38 38 39 38 42 48 52 55 54 54 59 53 47 48 49 49 50 53 53 55 56 57 58 59 60 61 61 62 62 63 63 64 64 64 65 65 65 66 66 67 67 67 68 68 68 69 69 69 69 70 70 70 70
26 26 26 26 26 26 26 26 26 26 26 26 26 26 26 26 26 26 26 26 27 27 28 29 29 29 30 31 32 33 35 35 37 36 35 35 37 37 36 37 37 38 38 38 38 37 36 36 39 48 50 49 50 53 54 49 47 47 48 49 53 52 54 55 58 58 59 59 60 61 61 62 62 63 63 63 64 64 64 65 65 66 66 66 67 67 68 68 68 68 69 69 69 69 69 70
25 25 25 25 26 26 25 25 25 25 25 25 25 25 25 25 25 25 26 26 26 26 27 29 30 29 30 30 31 33 35 36 37 37 36 36 38 37 36 37 38 38 37 37 37 37 36 34 35 40 45 46 48 50 51 47 47 47 48 49 51 52 53 55 56 57 58 59 59 60 61 61 61 62 62 63 63 63 64 64 65 65 65 66 66 67 67 67 68 68 68 68 69 69 69 69
24 24 24 24 25 25 25 25 25 25 24 24 24 24 25 25 25 25 25 25 26 26 27 29 29 30 30 31 33 34 35 36 36 37 37 37 36 36 36 36 37 36 35 36 38 40 36 33 33 33 35 42 47 46 49 50 45 45 47 56 51 51 53 55 57 58 57 58 59 59 60 60 61 61 61 62 62 63 63 63 64 64 65 65 66 66 67 67 67 68 68 68 68 68 68 69
23 23 24 24 24 24 24 24 24 24 24 24 24 24 24 24 24 24 24 25 25 26 26 27 28 30 31 32 33 35 36 36 36 37 37 36 35 35 35 35 35 36 35 35 36 36 34 33 32 31 33 39 43 44 46 49 48 42 46 52 50 51 53 55 56 57 57 57 58 59 59 60 60 60 61 61 62 62 62 63 63 64 64 65 65 66 66 67 67 67 67 68 68 68 68 68
23 23 23 23 23 23 23 23 23 23 23 23 23 23 23 23 23 24 24 24 24 25 26 26 27 29 31 32 33 34 34 34 35 35 34 35 35 35 35 35 36 36 35 35 35 34 33 32 31 31 32 36 36 39 43 45 46 45 45 46 48 50 52 54 56 57 55 56 57 58 58 59 59 60 60 60 61 61 62 62 63 63 64 65 65 66 66 66 67 67 67 67 67 67 67 67
22 22 22 22 22 23 23 23 23 23 22 22 22 23 23 23 23 23 23 23 24 24 24 25 27 28 30 30 31 31 32 33 35 34 34 34 35 35 35 36 37 36 36 35 35 33 33 32 31 31 31 31 31 34 36 42 41 45 45 46 47 49 51 53 52 52 50 53 56 55 58 58 59 59 60 60 60 60 61 61 62 63 64 64 65 65 66 66 66 66 66 67 67 67 67 67
21 21 21 22 22 22 22 22 22 22 22 22 22 22 22 22 22 22 22 23 23 23 24 24 26 27 28 29 30 30 31 32 34 34 34 35 35 35 36 36 36 36 36 35 34 34 33 32 31 31 31 31 31 31 31 35 37 42 43 46 46 48 50 51 48 48 47 53 57 51 53 55 58 59 59 59 60 60 60 61 62 62 63 64 65 65 65 66 66 66 66 66 66 66 66 66
21 21 21 21 21 21 21 21 21 21 21 21 21 21 21 21 21 22 22 22 22 22 23 23 24 25 26 26 28 29 30 32 32 34 34 35 35 34 35 35 35 36 35 34 34 34 33 32 32 32 32 32 32 31 31 33 36 40 42 46 45 47 48 50 49 48 47 48 51 49 51 52 54 58 59 59 59 59 60 60 61 62 63 64 65 65 65 65 66 66 66 66 66 66 66 66
21 21 21 21 21 21 21 21 21 21 21 21 21 21 21 21 21 21 21 21 21 22 22 23 23 24 24 25 26 27 29 30 31 32 33 33 33 33 34 34 34 34 34 33 33 33 33 33 32 33 33 33 33 32 31 33 35 38 42 43 45 46 47 49 48 51 47 47 48 50 53 52 53 56 58 60 59 59 59 66 61 62 64 64 65 65 65 65 65 65 65 65 65 65 65 65
20 20 20 20 20 20 20 20 20 20 20 20 20 20 20 20 20 20 20 20 20 21 21 22 22 23 23 24 25 26 27 28 30 31 32 32 33 32 33 32 33 33 33 33 34 33 32 32 32 31 31 32 31 32 32 33 33 36 39 42 46 46 46 46 50 51 51 54 52 56 56 53 55 57 60 61 61 60 60 61 62 63 64 65 65 65 65 65 65 65 65 65 65 65 65 64
20 20 20 20 20 20 20 20 20 20 19 19 19 19 20 19 19 20 20 19 20 20 21 21 21 22 23 23 24 24 26 27 29 30 30 31 31 30 32 32 32 33 34 34 34 32 31 31 31 30 31 31 32 32 32 31 32 34 36 43 44 46 45 45 47 44 47 53 55 55 56 57 60 60 59 61 63 63 62 65 66 65 65 65 65 65 65 65 65 64 64 64 64 64 64 64
19 19 19 19 19 19 19 19 19 19 19 19 19 19 19 19 19 19 19 18 19 19 20 20 21 21 22 22 23 24 25 26 28 28 28 29 30 29 31 32 31 31 32 32 30 30 30 29 29 30 30 31 32 32 32 31 31 33 35 40 42 45 46 44 45 46 50 50 54 55 56 57 59 59 60 60 62 65 66 65 66 66 66 66 65 65 65 65 64 64 64 64 63 63 63 63
19 19 19 19 19 19 19 19 19 19 19 18 18 18 18 18 18 18 18 17 18 18 18 19 20 20 21 21 21 22 23 25 25 26 27 28 28 28 30 30 30 31 30 29 29 29 29 29 29 29 29 30 30 31 31 31 33 34 35 38 41 43 46 43 44 45 49 50 53 56 56 57 58 59 61 60 62 62 66 68 69 67 66 66 65 65 65 64 64 63 63 63 63 62 62 62
18 18 18 18 18 18 18 18 18 18 18 18 18 18 18 17 17 17 17 17 17 17 17 18 18 19 19 20 20 20 21 24 24 24 25 27 27 28 29 29 28 29 29 29 28 28 28 28 28 28 29 29 30 31 32 31 32 34 36 36 39 41 43 42 41 39 39 42 51 54 55 57 59 59 60 60 62 62 64 65 66 66 66 66 65 65 64 64 63 63 62 62 62 62 62 61
18 18 18 18 18 18 18 18 18 18 18 18 18 17 17 17 17 17 16 16 16 16 16 17 17 18 19 19 18 18 19 22 22 23 24 25 26 26 27 27 28 28 28 28 28 28 27 28 27 28 28 29 29 30 31 31 31 33 36 36 37 39 41 43 41 37 37 38 44 52 54 55 58 59 60 60 61 63 63 65 65 67 65 65 65 64 64 63 63 62 62 61 61 61 61 60
18 18 18 18 18 18 18 18 18 18 18 17 17 17 17 16 16 16 16 16 15 15 16 16 16 17 18 17 17 17 18 20 21 22 23 24 25 25 26 27 27 27 28 27 27 27 27 27 27 28 28 28 29 30 31 31 31 33 35 35 37 38 40 43 43 39 38 36 39 50 52 54 56 58 60 60 61 62 63 63 64 65 65 64 64 63 63 62 62 61 61 60 60 60 60 60
18 18 18 17 17 17 17 17 17 17 17 17 17 17 16 16 16 16 15 15 15 15 15 16 16 16 17 16 17 17 18 19 21 22 23 24 24 24 25 26 26 26 27 27 27 28 27 27 27 27 28 28 29 29 30 31 32 33 34 35 37 39 40 42 44 41 37 35 36 39 46 50 54 56 58 60 61 61 62 63 64 64 64 63 65 63 62 61 61 60 60 59 59 59 59 58
17 17 17 17 17 17 17 17 17 17 17 17 17 16 16 16 16 15 15 15 15 15 15 16 16 16 16 17 17 18 19 20 21 22 23 23 23 24 24 25 26 26 26 27 27 27 27 27 27 27 27 28 28 29 30 31 32 33 34 35 37 38 39 41 42 44 40 35 36 39 44 51 54 55 57 60 60 60 61 63 62 64 63 63 62 61 61 60 60 59 59 58 58 58 57 57
17 17 17 17 17 17 17 17 17 17 17 17 16 16 16 16 15 15 15 15 15 15 16 16 16 16 16 17 17 18 19 20 21 22 22 22 22 23 24 25 25 25 26 26 27 26 26 26 27 27 27 28 28 29 29 30 31 32 33 34 36 37 38 40 40 43 40 36 36 38 45 51 52 54 56 58 59 59 60 62 63 63 63 61 61 60 60 59 58 58 57 57 57 56 56 56
17 17 17 17 17 17 17 17 17 17 17 17 16 16 15 15 15 15 15 15 15 16 16 16 16 17 17 17 17 18 19 19 20 21 22 22 22 23 24 24 25 25 25 26 26 26 26 26 27 27 27 27 28 29 29 30 31 32 32 34 35 36 37 38 38 40 40 38 37 36 44 50 50 53 55 55 56 57 59 60 61 62 61 60 60 59 58 58 57 56 56 56 55 55 55 55
