Data/bom_data/etaajul.txt
ncols         417
nrows         337
xllcorner     112.15
yllcorner     -43.8
cellsize      0.1
NODATA_value  -9999
[rows 168 to 223 of 337, columns 0 to 95 of 417]
41 42 42 42 42 42 42 43 43 43 44 44 44 45 45 48 55 50 49 48 46 45 45 44 43 42 42 42 41 39 39 39 37 36 35 35 36 34 32 32 32 32 31 31 31 31 31 31 31 30 30 30 29 27 27 28 26 25 25 24 24 23 23 23 24 24 23 23 23 23 23 23 22 22 22 21 21 21 21 20 20 19 19 18 18 18 18 18 17 17 16 17 17 17 17 17
42 42 42 42 43 43 43 43 44 44 45 45 45 46 46 46 50 56 50 49 48 48 47 46 44 43 43 42 42 41 40 40 38 37 35 35 35 34 33 33 33 32 32 32 32 32 32 32 31 32 32 31 30 29 27 27 27 26 25 26 25 24 25 24 24 23 23 23 23 23 22 22 23 22 21 21 21 21 21 21 21 21 20 19 18 18 17 17 17 17 17 17 17 18 18 18
42 42 43 43 43 43 44 44 45 45 45 46 46 47 47 47 47 55 53 51 51 50 49 47 45 44 43 43 42 41 41 40 38 37 37 37 35 34 35 34 34 34 34 34 34 35 35 34 34 33 32 31 31 29 28 27 27 26 26 26 27 26 26 24 24 23 23 23 22 22 23 23 24 23 21 21 20 20 21 20 20 21 20 20 19 18 18 17 17 17 17 17 17 18 18 18
42 43 43 43 44 44 44 45 45 46 46 47 47 47 48 48 48 51 58 54 53 52 51 48 46 45 44 43 42 41 40 39 38 36 36 37 36 35 35 35 34 34 34 34 35 36 37 36 35 34 34 32 31 31 29 27 27 26 26 26 26 26 26 26 24 24 23 23 22 22 23 23 22 22 22 21 21 20 20 19 19 20 21 21 20 19 19 19 18 17 17 17 17 17 18 18
43 43 43 44 44 44 45 45 46 46 47 47 48 48 49 49 49 49 56 56 56 55 51 49 47 46 45 43 42 42 41 39 38 37 36 36 36 36 36 35 34 34 34 34 35 35 36 35 35 34 34 33 32 31 29 28 27 27 26 27 27 27 27 26 25 25 24 23 23 23 23 23 22 22 22 22 22 21 20 19 19 19 20 21 21 20 20 19 18 17 17 17 17 17 17 18
43 43 44 44 44 45 45 46 46 47 47 48 48 49 49 50 50 50 52 58 56 51 51 49 48 46 45 44 42 41 40 39 39 38 36 35 35 36 36 36 36 35 34 34 34 34 35 34 34 34 34 34 32 30 29 28 28 28 28 29 28 28 27 27 26 25 24 23 23 24 24 23 22 21 21 21 21 21 20 20 20 20 20 21 22 21 21 20 19 19 18 17 16 16 17 18
43 44 44 44 45 45 46 46 47 47 48 48 49 49 50 51 51 51 52 58 56 54 52 51 48 47 45 43 42 41 40 40 40 38 37 36 36 36 36 36 37 37 35 35 34 34 34 35 34 35 35 34 32 31 29 28 28 28 28 28 28 27 27 26 26 26 25 23 23 24 24 23 23 21 21 20 20 20 20 21 21 20 20 21 21 20 20 20 19 18 18 17 16 16 16 17
44 44 44 45 45 45 46 46 47 47 48 49 49 50 50 51 52 52 53 55 41 42 54 51 49 47 45 43 43 42 41 41 40 39 39 37 37 38 37 37 36 36 36 35 34 33 34 35 34 34 34 34 33 30 29 28 28 28 28 28 28 28 27 26 25 25 25 24 24 25 24 23 22 21 21 21 20 20 20 20 21 20 20 20 20 19 19 19 19 18 17 17 16 15 15 16
38 38 38 38 45 46 46 47 47 48 48 49 49 50 51 51 52 53 53 40 41 42 53 53 49 46 44 43 43 42 41 41 40 40 40 39 39 39 39 38 38 37 36 36 35 34 34 35 35 34 33 32 31 29 28 28 29 29 29 28 28 28 27 26 25 25 25 25 25 25 24 23 22 22 22 22 21 21 20 20 21 20 19 20 21 20 20 19 19 19 18 17 16 15 15 16
38 38 38 38 38 38 38 38 38 38 38 49 50 50 51 51 52 52 53 40 42 42 43 50 47 45 44 43 43 42 41 41 41 41 41 41 40 39 39 38 38 37 37 36 36 35 34 34 35 34 32 31 30 29 28 29 30 30 29 29 29 28 27 25 25 25 26 26 25 24 24 23 23 22 23 22 21 21 20 20 21 20 20 20 21 21 20 20 20 20 19 18 17 16 16 16
38 38 38 38 38 38 38 38 38 38 39 39 39 39 39 40 52 52 52 41 42 43 43 51 46 45 44 43 43 42 41 41 42 42 41 42 40 38 38 37 37 37 37 36 35 34 33 33 34 33 31 31 30 30 30 31 32 31 30 30 29 29 27 25 23 24 25 26 26 25 25 25 24 23 23 22 21 20 20 20 21 21 20 20 21 21 21 22 21 21 19 18 17 16 16 16
38 38 38 38 38 38 38 38 38 39 39 39 39 39 40 40 40 51 51 53 41 42 43 50 48 46 46 44 43 42 41 42 43 44 43 41 40 40 39 38 37 37 37 37 35 34 34 34 34 34 32 30 30 30 30 31 32 32 31 30 30 29 27 25 24 24 24 26 26 26 25 25 25 24 23 22 21 21 20 21 22 22 21 21 22 22 22 22 22 21 20 18 17 17 16 16
38 38 38 38 38 38 38 38 39 39 39 39 39 39 40 40 40 40 51 51 41 42 43 44 51 49 47 46 44 43 42 42 43 42 42 41 41 41 40 40 39 38 37 36 35 34 34 35 35 34 32 30 29 29 30 30 31 31 31 31 30 29 29 26 25 25 26 26 26 26 25 24 24 23 23 23 22 21 21 21 22 22 22 22 23 23 24 23 22 21 21 19 18 18 17 16
38 38 38 38 38 38 38 38 39 39 39 39 39 40 40 40 40 41 41 50 50 42 42 43 44 45 50 47 45 44 42 43 43 44 44 43 42 41 40 40 39 38 37 35 35 35 35 34 33 32 31 29 29 29 30 31 31 31 31 31 30 28 27 26 25 25 25 25 25 25 24 23 23 22 23 23 22 22 21 21 22 22 22 22 22 23 23 23 23 22 21 20 19 19 18 16
38 38 38 38 38 38 38 39 39 39 39 39 39 40 40 40 41 41 41 41 50 50 42 43 45 45 46 49 46 44 42 43 44 46 47 46 43 43 41 40 40 39 37 35 34 34 34 33 32 31 30 30 31 31 31 31 30 31 31 31 30 29 28 27 26 26 26 26 25 25 24 23 23 22 22 22 22 22 22 22 22 22 22 22 22 22 22 22 22 22 22 20 20 20 18 17
38 38 38 38 38 38 38 39 39 39 39 39 40 40 40 40 41 41 41 42 42 42 43 43 45 45 46 51 47 44 42 44 46 48 48 47 45 42 42 41 41 38 36 36 37 36 35 34 34 32 31 31 31 31 31 31 31 31 32 31 30 29 28 28 28 27 27 26 25 25 25 25 24 23 22 22 22 22 23 24 24 23 23 22 22 22 21 21 22 22 21 21 20 20 18 18
38 38 38 38 38 38 38 39 39 39 39 39 40 40 40 40 41 41 41 42 42 42 43 43 45 45 46 46 49 45 43 45 48 50 49 47 46 44 43 41 39 38 37 37 36 37 36 35 35 34 32 31 30 30 30 31 32 33 33 32 31 30 29 29 29 28 28 27 25 24 24 24 23 23 24 24 23 24 25 25 25 24 24 24 23 23 21 21 21 22 21 22 22 21 20 19
38 38 38 38 38 38 38 39 39 39 39 39 40 40 40 40 41 41 41 42 42 42 43 43 44 45 46 47 50 47 46 44 46 47 47 46 45 44 43 42 40 38 36 36 36 36 37 36 36 35 33 31 29 29 30 30 31 32 33 34 32 31 30 30 30 29 28 27 25 25 24 24 24 24 25 25 25 25 24 25 24 24 23 23 23 22 22 21 22 22 22 21 21 20 20 21
38 38 38 38 38 38 38 39 39 39 39 39 40 40 40 40 41 41 41 42 42 42 43 43 44 45 45 46 47 49 48 46 44 45 46 45 44 43 42 40 39 38 38 39 38 37 38 38 37 37 34 31 30 31 32 33 33 34 35 35 34 31 31 31 31 30 28 27 27 26 25 25 26 25 25 24 25 26 24 23 23 23 23 22 22 22 22 21 22 21 22 21 21 20 20 20
38 38 38 38 38 38 38 39 39 39 39 39 40 40 40 40 41 41 41 42 42 42 43 43 43 44 45 46 47 47 49 46 44 45 45 45 45 43 40 39 38 36 38 39 40 39 39 40 39 37 35 32 31 32 33 35 36 35 35 34 32 31 31 31 31 31 29 28 27 26 26 26 26 26 25 24 24 24 23 23 23 23 23 23 22 22 22 21 21 21 21 22 21 20 20 20
37 38 38 38 38 38 38 38 39 39 39 39 40 40 40 40 41 41 41 42 42 42 43 43 43 44 44 45 46 47 47 48 45 45 47 46 44 42 39 39 38 36 37 39 39 40 41 41 39 37 36 33 33 34 34 34 35 35 34 34 33 32 31 32 32 31 30 29 28 27 26 26 25 26 25 24 23 24 24 24 25 24 24 24 23 22 23 23 22 22 21 21 20 20 19 20
37 37 38 38 38 38 38 38 39 39 39 39 39 40 40 40 41 41 41 42 42 42 43 43 43 44 44 45 46 46 46 46 46 46 46 46 44 42 40 38 36 36 36 38 39 41 40 40 40 40 37 37 36 34 34 36 37 35 34 34 33 33 33 32 31 31 30 28 28 27 26 25 25 25 24 24 24 24 24 25 25 25 25 24 24 24 24 24 24 23 22 21 21 20 19 20
37 37 37 38 38 38 38 38 38 39 39 39 39 40 40 40 40 41 41 41 42 42 43 43 43 43 44 44 45 45 46 46 45 45 45 45 44 41 38 37 37 36 37 38 40 40 40 40 39 39 38 37 35 35 37 37 36 34 35 34 32 33 33 32 32 30 29 28 27 26 26 25 25 25 24 25 25 25 25 25 26 26 26 25 25 25 25 24 24 24 23 22 22 20 19 19
37 37 37 38 38 38 38 38 38 38 39 39 39 39 40 40 40 41 41 41 42 42 42 43 43 43 44 44 45 45 46 46 46 45 45 44 43 40 38 38 38 37 38 38 39 39 39 39 39 38 38 37 37 36 36 35 34 33 33 32 32 32 31 32 32 31 29 29 29 27 26 26 25 25 25 25 26 26 26 26 26 26 26 25 24 24 24 24 24 24 24 23 22 21 20 19
37 37 37 37 37 38 38 38 38 38 39 39 39 39 40 40 40 40 41 41 41 42 42 42 43 43 43 44 45 45 45 46 45 45 44 43 41 39 38 39 38 39 38 39 39 39 39 39 39 38 37 37 38 37 36 35 33 33 33 32 32 32 31 32 32 31 30 29 29 28 27 26 26 25 25 25 25 26 27 26 24 24 24 23 23 22 22 22 23 23 23 24 23 22 21 20
37 37 37 37 37 37 38 38 38 38 38 39 39 39 39 40 40 40 40 41 41 41 42 42 43 43 43 43 44 45 45 45 45 45 44 42 39 39 40 39 39 38 38 39 39 39 38 38 38 38 38 38 37 37 36 35 35 35 33 33 32 32 32 32 33 32 31 30 30 29 27 27 26 25 25 25 25 26 27 25 24 24 24 23 23 22 22 22 22 22 22 23 23 22 22 20
37 37 37 37 37 37 37 38 38 38 38 38 39 39 39 39 40 40 40 40 41 41 41 42 42 43 43 43 44 45 45 45 45 44 44 42 40 40 40 39 39 39 39 39 38 38 38 38 38 38 38 38 38 36 35 35 36 35 33 33 33 33 32 32 32 33 32 31 32 30 28 27 26 26 26 25 26 26 26 26 25 24 25 25 24 23 23 22 22 22 22 21 21 22 22 21
37 37 37 37 37 37 37 37 38 38 38 38 38 38 39 39 39 40 40 40 40 41 41 41 42 42 43 43 44 44 45 45 45 44 44 42 40 40 40 39 39 39 38 38 38 38 38 38 38 38 38 38 38 37 36 36 36 35 35 33 33 32 32 32 32 34 34 33 33 31 29 28 28 28 27 26 27 27 27 26 24 25 25 26 24 23 23 23 24 23 23 22 21 21 21 21
36 36 37 37 37 37 37 37 37 37 38 38 38 38 38 39 39 39 39 40 40 40 41 41 41 42 42 42 44 44 45 45 45 44 43 43 41 40 39 39 38 37 38 38 38 38 38 38 38 38 39 39 38 37 37 37 35 34 34 33 33 33 34 34 33 33 33 33 33 32 30 29 29 28 27 26 27 28 27 26 25 25 26 26 24 23 23 23 24 23 23 22 21 20 20 20
36 36 36 36 37 37 37 37 37 37 37 37 38 38 38 38 39 39 39 39 40 40 40 41 41 41 42 42 43 44 44 44 44 44 43 42 41 39 39 38 37 37 37 38 38 37 38 38 38 39 39 39 38 37 37 36 37 36 36 35 34 33 34 35 35 34 33 32 32 32 31 30 30 29 28 27 27 28 27 27 26 25 26 26 25 25 24 23 23 23 22 21 21 21 21 20
36 36 36 36 36 36 37 37 37 37 37 37 37 38 38 38 38 38 39 39 39 39 40 40 40 41 41 41 43 43 44 44 44 43 43 42 40 39 38 37 37 37 38 38 38 37 36 37 38 38 39 39 38 37 37 37 37 37 36 37 36 34 34 35 34 33 32 32 32 32 32 32 31 30 30 28 27 28 28 27 26 25 26 26 26 25 25 24 23 22 22 22 21 22 22 21
36 36 36 36 36 36 36 36 36 37 37 37 37 37 37 37 38 38 38 38 39 39 39 39 40 40 40 41 42 43 43 43 43 43 42 42 40 39 38 38 37 37 37 37 38 36 36 36 37 38 39 40 39 38 39 38 37 38 38 37 37 37 36 36 35 35 34 33 33 31 32 32 32 31 30 28 28 28 30 28 27 26 26 27 27 26 26 25 23 22 22 23 24 24 23 22
36 36 36 36 36 36 36 36 36 36 36 36 37 37 37 37 37 37 38 38 38 38 38 39 39 39 39 40 40 41 42 41 42 42 42 42 40 39 39 38 37 37 36 36 37 37 37 37 37 38 40 40 39 39 39 40 40 38 39 39 37 37 37 37 36 36 34 32 32 32 32 32 32 32 30 30 30 29 29 28 27 27 28 29 27 26 24 25 23 23 23 24 25 24 23 22
35 35 35 36 36 36 36 36 36 36 36 36 36 36 36 37 37 37 37 37 37 37 38 38 38 38 39 39 39 40 41 41 41 41 42 41 40 39 39 39 38 38 38 37 37 37 37 38 37 38 40 40 40 40 40 41 41 40 40 40 39 39 39 39 38 37 36 34 33 34 36 33 33 33 32 32 32 30 29 28 27 28 28 28 27 26 25 25 24 23 24 24 25 24 24 23
35 35 35 35 35 35 35 35 36 36 36 36 36 36 36 36 36 36 36 36 37 37 37 37 37 37 38 38 38 39 39 40 40 40 41 41 40 39 39 39 39 38 37 37 38 37 38 39 39 40 40 41 41 40 42 41 41 42 40 40 39 40 39 38 38 37 37 34 32 32 32 32 33 34 36 34 33 33 31 30 28 28 28 28 28 27 26 26 26 25 25 24 24 23 24 24
35 35 35 35 35 35 35 35 35 35 35 35 35 35 36 36 36 36 36 36 36 36 36 36 36 36 36 36 37 38 38 38 38 39 40 40 39 39 39 40 39 38 38 38 38 38 39 41 42 41 41 43 42 41 41 41 41 42 42 40 40 39 39 37 36 35 34 34 34 35 35 34 33 33 33 33 33 32 32 31 29 28 29 28 29 27 26 26 25 25 25 24 23 23 23 24
35 35 35 35 35 35 35 35 35 35 35 35 35 35 35 35 35 35 35 35 35 35 35 35 35 35 35 35 35 35 36 36 37 38 38 39 38 39 39 39 39 38 39 39 39 40 42 43 44 44 44 43 43 43 42 42 42 42 42 40 39 38 37 36 36 37 37 36 35 35 34 33 32 32 32 33 32 32 31 32 30 29 29 29 30 28 27 26 25 24 24 23 23 23 24 24
34 34 35 35 35 35 35 35 35 35 35 35 35 35 35 34 34 34 34 34 34 34 34 34 33 33 33 33 33 34 35 35 35 36 37 38 38 39 39 40 39 39 39 40 40 42 43 44 45 45 44 44 44 44 44 44 42 42 42 40 39 38 36 36 38 39 37 36 35 34 33 31 31 31 32 33 31 31 30 31 31 31 30 30 30 28 27 27 26 24 23 23 24 24 24 25
34 34 34 34 34 34 34 34 34 34 34 34 34 34 34 34 34 33 33 33 33 33 32 32 32 32 32 32 31 32 32 34 34 35 36 37 38 39 39 40 41 39 39 39 40 43 43 44 46 46 45 45 45 44 45 44 43 41 42 42 40 38 38 39 40 39 37 36 35 34 33 33 32 31 32 32 31 30 30 31 31 30 31 30 30 28 26 26 25 24 23 24 25 25 26 26
34 34 34 34 34 34 34 34 34 34 34 34 34 34 33 33 33 33 33 32 32 32 32 31 31 31 30 30 30 30 31 31 33 34 35 36 37 39 39 40 39 38 39 40 44 44 45 45 46 46 46 45 45 45 44 44 43 42 43 43 40 39 40 40 41 39 36 35 35 34 35 35 33 34 33 31 31 30 30 30 30 30 30 31 31 29 27 26 25 25 25 25 25 24 25 25
34 34 34 34 34 34 34 34 34 34 34 33 33 33 33 33 32 32 32 32 31 31 31 30 30 30 29 29 29 28 28 30 32 32 34 35 37 38 39 40 39 40 41 41 42 44 45 46 46 45 44 44 44 44 43 45 45 42 43 42 39 40 41 39 39 38 37 36 36 36 36 35 33 32 32 32 31 31 31 30 31 31 32 32 31 30 29 28 26 26 25 25 25 26 26 27
34 34 34 33 33 33 33 33 33 33 33 33 33 33 32 32 32 31 31 31 31 30 30 30 29 29 29 28 28 28 27 29 30 32 33 34 36 38 39 41 41 42 42 43 43 43 43 44 45 44 44 44 45 45 44 45 44 44 44 41 40 40 39 38 38 38 38 39 39 38 37 35 35 35 33 32 32 33 32 30 30 30 30 30 30 29 29 28 28 26 26 27 28 27 26 27
33 33 33 33 33 33 33 33 33 33 33 33 32 32 32 31 31 31 31 30 30 30 29 29 28 28 28 28 27 27 27 28 29 31 32 33 35 37 39 40 42 43 44 44 43 43 44 44 45 46 47 47 47 46 45 44 43 43 42 41 41 39 38 38 40 41 39 39 41 40 38 36 36 37 35 33 33 34 33 32 32 31 30 30 30 30 28 27 27 27 27 28 28 28 27 26
33 33 33 33 33 33 33 33 33 33 32 32 32 32 31 31 31 30 30 30 29 29 29 28 28 27 27 27 27 27 27 28 29 30 32 33 35 36 38 40 42 44 44 45 44 44 45 45 44 44 45 45 45 45 45 43 42 41 42 42 41 40 40 40 39 41 41 40 41 40 38 37 37 37 35 34 35 34 35 34 32 30 30 30 30 31 30 29 29 29 29 30 30 29 27 26
33 33 33 33 33 33 33 33 32 32 32 32 32 31 31 31 30 30 29 29 29 28 28 28 27 27 27 26 26 26 27 28 29 29 32 33 34 36 38 40 42 44 44 45 46 46 45 45 46 46 44 43 44 44 44 44 42 41 41 41 41 42 41 40 40 41 41 42 42 40 40 39 38 38 36 35 35 35 35 33 32 32 32 30 30 31 32 32 31 31 31 31 30 28 27 27
33 33 33 33 32 32 32 32 32 32 32 31 31 31 30 30 30 29 29 29 28 28 27 27 27 26 26 26 26 26 26 27 28 29 30 32 34 35 37 39 41 43 44 46 47 45 46 46 46 46 46 45 43 44 45 45 44 43 41 41 43 43 43 41 42 42 42 42 42 41 41 39 39 38 36 35 36 36 34 33 33 33 33 31 30 31 32 32 32 32 30 30 30 30 28 28
33 32 32 32 32 32 32 32 32 32 31 31 31 30 30 30 29 29 29 28 28 27 27 26 26 26 26 25 25 25 26 27 28 29 29 32 33 35 37 39 41 41 42 43 47 48 49 48 46 45 45 44 44 43 44 43 43 41 40 41 43 42 43 43 42 43 43 42 41 42 41 40 40 39 37 36 36 36 35 33 34 34 33 32 31 31 32 32 32 31 31 30 30 30 29 28
32 32 32 32 32 32 32 32 32 32 31 31 31 30 30 29 29 29 28 28 27 27 26 26 26 25 25 25 25 25 25 26 27 28 29 30 33 34 36 40 42 43 41 45 46 48 48 47 46 46 44 43 43 44 44 42 41 41 41 41 42 42 42 43 43 43 43 42 41 41 42 41 42 40 37 36 37 38 35 33 33 33 33 33 33 33 32 31 31 31 31 31 30 30 29 29
32 32 32 32 32 32 32 32 31 31 31 31 30 30 30 29 29 28 28 27 27 27 26 26 25 25 25 24 24 24 24 25 26 27 28 30 32 34 36 41 41 41 41 43 44 45 47 45 46 46 45 46 44 44 42 42 44 43 43 42 42 42 42 43 43 43 43 43 42 42 43 41 40 38 37 37 38 37 34 33 34 34 33 34 34 32 31 30 30 30 30 30 30 30 29 29
32 32 32 32 32 32 31 31 31 31 31 30 30 30 29 29 28 28 28 27 27 26 26 25 25 25 24 24 24 24 24 24 24 25 27 29 32 34 37 41 42 43 41 43 45 47 47 46 46 46 46 46 45 43 43 41 43 42 42 42 42 42 43 43 43 43 43 44 43 43 43 42 40 39 39 38 38 36 35 34 34 35 34 33 33 31 30 29 29 29 29 29 29 29 29 28
32 32 32 32 31 31 31 31 31 31 31 30 30 30 29 29 28 28 27 27 26 26 26 25 25 24 24 24 23 23 23 23 24 25 26 29 32 34 38 42 43 44 43 43 46 46 44 44 44 46 47 46 43 42 44 42 40 40 39 40 41 42 42 43 43 43 43 43 44 44 43 41 41 40 39 39 38 36 35 34 34 35 34 33 31 30 29 29 30 29 29 29 29 29 28 27
32 32 31 31 31 31 31 31 31 31 31 30 30 29 29 29 28 28 27 27 26 26 25 25 25 24 24 23 23 23 23 23 23 24 26 29 32 34 38 42 44 45 45 44 45 45 44 46 47 46 45 44 42 43 43 42 41 40 40 40 40 42 42 42 42 42 42 43 44 43 43 42 42 41 40 39 37 35 35 35 35 35 34 34 32 30 30 30 30 30 30 29 30 30 29 27
31 31 31 31 31 31 31 31 31 31 31 30 30 29 29 29 28 28 27 27 26 26 25 25 24 24 24 23 23 23 23 23 23 25 27 29 32 35 39 43 44 46 46 44 44 44 44 44 45 46 44 43 43 43 43 43 43 41 40 40 40 41 42 42 42 43 43 43 43 42 42 43 42 40 39 38 36 35 35 35 35 34 34 33 30 29 30 31 30 30 31 31 30 31 31 28
31 31 31 31 31 31 31 31 31 31 30 30 30 29 29 29 28 28 27 27 26 26 25 25 25 24 24 24 23 23 23 24 24 25 28 30 33 36 40 44 46 47 46 43 43 43 43 43 44 43 42 42 43 43 42 42 42 40 39 39 40 41 42 43 43 44 44 44 43 42 42 42 41 40 40 38 37 36 36 35 33 32 32 31 30 29 30 31 31 31 32 32 31 30 30 29
31 31 31 31 31 31 31 31 31 30 30 30 30 29 29 29 28 28 27 27 26 26 25 25 25 24 24 24 24 24 24 24 25 27 29 31 34 37 43 45 46 47 44 41 42 43 44 45 46 44 41 40 42 44 42 42 41 40 39 38 40 41 42 43 43 45 43 44 44 42 41 42 41 40 39 38 37 36 36 33 31 31 30 30 30 29 30 31 32 31 31 31 30 28 28 28
31 31 31 31 31 31 31 31 30 30 30 30 30 29 29 29 28 28 27 27 26 26 26 25 25 24 24 24 24 24 25 25 26 28 30 34 35 38 44 46 47 47 44 43 43 44 45 47 47 46 43 41 42 42 43 42 41 41 39 38 38 40 41 42 41 42 42 42 42 41 40 40 40 38 38 37 37 37 36 33 32 31 30 30 31 32 30 31 31 31 30 30 30 30 28 27
