Data/bom_data/etaamay.txt
ncols         417
nrows         337
xllcorner     112.15
yllcorner     -43.8
cellsize      0.1
NODATA_value  -9999
[rows 55 to 109 of 337, columns 192 to 287 of 417]
23 23 24 25 25 26 26 26 27 27 27 27 28 28 28 28 29 29 29 29 29 30 30 30 30 31 31 31 31 31 31 31 31 31 30 29 29 29 28 28 29 30 30 30 30 30 30 30 30 30 31 31 31 31 32 32 34 35 36 37 39 40 42 43 44 46 48 49 51 52 54 55 57 58 59 60 61 62 63 64 64 65 65 65 65 65 65 65 64 64 64 63 63 63 62 62
22 23 23 24 24 25 25 25 26 26 26 26 27 27 27 27 27 28 28 28 28 28 29 29 29 29 29 29 30 30 30 30 30 29 28 27 27 27 27 27 27 29 29 29 29 29 29 29 29 29 29 29 30 29 30 31 32 33 35 36 37 39 40 42 43 45 47 48 50 51 53 55 56 58 59 60 61 62 63 64 64 64 65 65 65 65 64 64 64 64 63 63 62 62 62 61
22 22 23 23 23 24 24 25 25 25 25 26 26 26 26 26 26 26 27 27 27 27 27 28 28 28 28 28 29 29 29 29 28 28 27 26 26 26 26 25 25 27 28 29 28 28 28 28 28 28 28 28 28 29 29 30 32 33 33 35 36 38 39 41 42 44 46 47 49 51 52 54 56 57 59 60 61 62 63 64 64 64 64 64 64 64 64 64 63 63 63 62 62 61 61 60
22 21 22 22 23 23 24 24 24 24 24 25 25 25 25 25 25 25 25 26 26 26 26 27 27 27 27 27 27 28 28 27 27 26 26 25 25 25 25 24 24 25 27 27 27 27 26 26 27 27 27 27 27 28 29 30 31 32 33 34 35 37 38 40 41 43 45 46 48 50 52 53 55 57 58 60 61 62 63 64 64 64 64 64 64 64 64 63 63 62 62 61 61 61 60 60
20 21 21 22 22 22 23 23 23 23 24 24 24 24 24 24 24 24 24 25 25 25 25 26 26 26 26 26 26 26 26 26 25 25 25 25 25 25 24 23 23 24 26 26 25 25 25 25 25 25 26 26 27 27 28 29 30 31 32 33 35 36 37 39 40 42 44 45 47 49 51 53 55 56 58 60 61 62 63 64 64 64 64 64 64 63 63 63 62 62 61 61 60 60 59 59
20 20 21 21 21 22 22 22 22 23 23 23 23 23 23 23 23 23 24 23 24 24 24 24 25 25 25 25 25 25 25 25 24 24 24 24 24 23 22 22 22 23 25 24 24 24 24 24 24 24 25 25 26 26 27 28 29 30 31 32 34 35 37 37 39 41 43 44 46 48 50 52 54 56 58 59 61 62 63 64 64 64 64 64 63 63 63 62 62 61 61 60 60 59 58 58
19 19 20 20 21 21 21 21 22 22 22 22 22 22 22 22 22 23 23 23 23 23 23 23 24 24 24 24 24 24 24 24 23 23 23 23 23 22 22 22 22 22 23 23 23 23 23 23 23 24 24 24 25 25 26 27 28 29 30 32 33 34 35 37 38 40 41 43 45 47 49 51 53 55 57 59 61 62 63 64 64 64 64 63 63 62 62 61 61 60 60 59 59 58 58 57
19 19 19 19 20 20 20 21 21 21 21 21 22 22 22 22 22 22 22 22 22 22 22 22 23 23 23 23 23 23 23 23 22 22 22 22 21 21 21 21 21 21 22 22 22 22 22 22 22 23 23 23 24 25 25 26 27 28 29 31 32 33 34 36 37 38 40 42 44 46 48 50 53 55 57 59 61 62 63 65 65 65 64 64 62 62 61 61 60 60 59 58 58 57 57 56
18 18 18 19 19 19 20 20 20 20 20 21 21 21 21 21 21 21 21 21 21 21 21 22 22 22 22 22 22 22 22 22 22 21 21 21 21 20 20 21 21 21 21 21 21 21 21 21 21 22 23 23 23 24 25 26 26 27 29 30 31 32 33 35 36 38 40 41 43 45 47 49 52 54 56 59 61 62 65 65 65 64 63 62 62 61 60 60 59 59 58 58 57 56 56 55
17 17 17 17 18 18 19 19 19 19 20 20 20 20 20 20 20 20 20 20 20 20 20 21 21 21 21 21 21 21 21 21 21 21 20 20 20 20 20 20 20 20 20 20 20 20 20 20 21 22 22 22 23 23 24 25 25 26 28 29 30 31 32 34 35 36 38 40 42 44 46 48 51 53 56 58 60 62 65 65 64 62 62 61 61 60 60 59 58 58 57 57 56 55 55 54
16 16 16 16 17 18 18 19 19 19 19 19 19 19 19 19 19 19 19 19 19 19 19 20 20 19 20 20 20 20 20 20 19 20 19 19 19 19 20 20 20 20 19 19 20 19 19 20 20 21 21 21 22 23 23 24 25 26 27 28 29 30 31 32 34 35 37 39 41 43 45 47 49 52 54 57 59 63 62 62 62 61 61 60 60 59 59 58 57 57 56 56 55 54 54 53
15 15 15 16 16 17 17 18 18 18 18 18 18 18 18 18 18 19 19 18 18 19 19 19 19 18 18 18 19 19 19 18 18 19 19 19 19 19 19 19 19 19 19 19 19 19 19 19 20 20 21 21 21 22 22 23 24 25 26 27 28 29 30 32 32 34 35 37 39 42 44 46 49 51 54 55 57 61 60 61 60 60 60 59 58 58 57 57 56 56 55 55 54 53 53 52
14 15 15 15 16 17 17 17 17 17 17 17 18 18 18 18 18 18 18 18 18 18 18 18 18 17 17 17 18 18 17 17 18 18 18 18 18 18 18 18 18 18 18 18 19 18 18 19 19 19 20 20 21 21 22 22 23 24 25 26 27 28 29 31 31 32 34 36 38 40 42 45 47 50 52 54 56 57 58 58 59 58 58 58 57 57 56 56 55 54 54 53 53 52 52 51
14 14 14 15 15 16 16 16 16 17 17 17 17 17 17 17 17 17 17 17 17 17 17 17 17 16 16 17 17 17 17 17 17 17 17 17 17 18 18 18 17 17 18 18 18 18 18 18 19 19 20 20 20 21 21 22 23 23 24 25 26 27 28 29 30 31 32 34 36 39 41 43 46 48 50 52 54 56 57 56 56 57 56 56 56 55 55 54 54 53 53 52 52 51 51 50
13 14 14 14 14 15 15 16 16 16 16 16 16 16 16 16 16 16 16 16 16 16 16 16 16 16 16 16 16 16 16 16 16 16 16 16 17 17 17 17 17 17 17 17 17 17 18 18 18 18 19 19 20 20 21 21 22 23 23 24 25 26 27 28 28 29 30 32 35 37 39 42 44 46 48 50 52 53 53 54 54 54 55 54 54 54 53 53 52 52 51 51 51 50 50 49
12 13 14 14 14 14 15 15 15 15 15 16 16 16 16 16 16 15 15 15 15 15 15 15 15 15 15 15 15 15 15 15 15 15 16 16 16 16 16 16 17 16 17 17 17 17 17 17 18 18 19 19 19 20 20 21 21 22 23 23 24 25 26 26 26 27 29 31 33 36 38 40 42 44 46 48 50 51 51 52 52 52 53 52 52 51 51 51 50 50 50 50 49 49 48 49
12 12 13 13 14 14 14 14 14 15 15 15 15 15 15 15 15 15 15 15 15 15 15 15 15 15 14 15 14 14 14 14 15 15 15 15 15 15 15 16 16 17 16 16 16 16 17 17 17 18 18 18 19 19 20 20 21 21 22 23 23 24 25 25 26 27 29 30 32 34 36 39 41 43 44 46 47 49 50 50 50 50 50 49 49 49 49 48 48 48 48 48 48 47 47 47
12 12 13 13 13 13 14 14 14 14 14 14 14 14 14 15 15 14 14 14 14 14 14 14 14 14 14 14 14 14 14 14 14 14 14 14 15 15 15 15 15 16 16 16 16 16 16 16 17 17 17 18 18 19 19 20 20 21 22 22 23 23 24 25 25 26 27 30 32 33 35 37 39 41 43 44 45 47 48 48 48 47 47 46 46 46 46 46 46 46 46 46 46 46 46 46
12 12 12 12 13 13 13 13 13 14 14 14 14 14 14 14 14 14 14 14 14 14 14 14 13 13 13 13 13 13 13 13 13 13 13 14 14 14 14 14 14 15 15 15 15 15 15 15 16 16 17 17 18 18 19 19 20 20 21 22 22 23 24 25 25 26 28 29 30 32 34 36 38 39 41 42 44 45 46 46 47 46 44 44 44 43 43 43 44 44 44 44 44 45 46 45
11 11 12 12 12 13 13 13 13 13 13 13 13 13 14 14 13 14 13 13 13 13 13 13 13 12 12 12 12 12 13 13 13 13 13 13 13 13 14 14 14 14 14 14 14 14 15 15 15 16 16 17 17 17 18 18 19 20 20 21 22 22 24 25 25 26 27 28 30 31 33 34 36 38 39 40 42 43 43 44 44 44 43 42 42 41 41 41 41 42 42 42 44 45 44 44
11 11 11 12 12 12 12 12 12 13 13 13 13 13 13 13 13 13 13 13 12 12 13 12 12 12 12 12 11 11 12 12 12 12 12 12 13 13 13 13 13 13 13 13 14 14 14 14 15 15 15 16 16 17 17 18 18 19 20 20 21 22 23 23 24 25 27 28 29 30 32 33 35 36 38 39 40 41 41 41 41 41 41 41 40 40 39 39 40 40 41 42 43 43 43 43
11 11 11 11 12 12 12 12 12 12 12 12 12 12 12 13 13 12 12 12 12 12 12 12 11 11 11 11 11 11 11 11 11 11 12 12 12 12 12 12 12 12 13 13 13 13 13 14 14 14 15 15 16 16 17 17 17 18 19 20 20 21 21 22 23 24 25 27 28 29 30 32 33 35 36 37 38 38 39 39 39 39 38 38 38 38 38 39 39 40 40 41 41 42 42 42
11 11 11 11 12 12 12 12 12 12 12 12 12 12 12 12 12 12 12 12 11 11 12 12 11 11 11 11 10 10 11 11 11 11 11 11 11 11 11 12 12 12 12 12 12 12 13 13 13 14 14 15 15 15 16 16 17 17 18 19 19 20 21 21 22 23 24 26 27 28 29 31 32 33 35 35 36 36 36 36 36 36 36 35 35 36 36 37 38 38 39 39 40 40 40 40
10 10 11 11 11 12 12 12 12 12 12 12 12 12 12 12 12 11 11 11 11 11 11 11 11 10 10 10 10 10 10 10 10 10 10 11 11 11 11 11 11 11 11 12 12 12 12 12 13 13 14 14 14 15 15 16 16 16 17 18 19 20 20 21 22 23 24 25 26 27 28 30 31 32 32 33 34 34 34 34 34 34 33 33 33 34 35 35 36 37 37 38 38 39 39 39
10 10 10 11 11 11 11 12 12 12 12 12 12 11 11 11 11 11 11 11 11 11 11 11 10 10 10 10 10 10 10 10 10 10 10 10 10 10 10 10 11 11 11 11 11 11 12 12 12 13 13 13 14 15 15 15 16 16 17 17 18 19 20 20 22 23 24 24 26 27 28 28 29 30 31 31 32 32 32 32 32 32 32 32 31 32 33 34 35 35 36 36 37 37 38 38
10 10 10 10 11 11 11 11 11 11 11 11 11 11 11 11 11 11 11 10 10 10 11 11 10 10 10 9 9 9 9 9 9 9 9 10 10 10 10 10 10 10 11 11 11 11 11 11 12 12 12 13 14 14 15 15 15 16 17 17 18 19 19 20 21 22 23 24 25 26 26 27 28 28 29 29 30 30 31 31 31 31 31 30 31 31 32 33 34 34 35 35 35 36 36 36
10 10 10 10 11 11 11 11 11 11 11 11 11 11 11 11 11 10 10 10 10 10 11 11 10 10 9 9 9 9 9 9 9 9 9 9 9 9 10 10 10 10 10 10 10 11 11 11 11 11 12 12 13 14 14 15 15 16 16 17 18 18 19 19 20 22 23 24 24 25 25 26 26 27 28 28 28 29 29 29 29 29 30 30 30 30 31 32 33 34 34 34 34 34 35 35
10 10 10 10 10 10 10 10 10 10 10 11 11 10 10 10 11 10 10 10 10 10 10 11 10 10 9 9 9 9 9 9 9 9 9 9 9 9 9 9 10 10 10 10 10 10 10 10 11 11 11 12 12 13 14 14 15 15 16 17 17 18 18 19 20 21 23 23 23 24 24 24 25 26 27 27 27 27 28 28 28 28 29 29 29 30 30 31 32 33 33 33 33 33 32 32
10 10 10 10 10 10 10 10 10 10 10 10 11 10 10 10 10 10 10 10 10 10 10 10 10 10 10 9 9 9 9 9 9 8 9 9 9 9 9 9 9 9 9 9 10 10 10 10 10 10 11 11 12 13 13 14 14 15 16 16 17 17 18 19 20 20 21 22 22 24 24 24 25 26 25 26 26 26 26 27 27 27 28 28 28 29 30 30 31 32 32 32 32 31 30 30
10 10 10 10 10 10 10 10 10 10 10 10 10 10 10 10 10 10 10 10 10 10 10 10 10 10 10 9 9 8 8 8 8 8 8 8 9 9 9 9 9 9 9 9 9 9 9 10 10 10 10 11 11 12 13 13 14 14 15 16 17 17 18 18 19 20 20 21 22 23 24 23 24 24 24 25 25 25 26 26 26 27 27 27 28 28 29 30 30 31 31 31 31 30 29 29
10 10 10 10 10 10 10 10 10 10 10 10 10 10 10 10 10 10 10 10 10 10 10 10 10 10 10 9 9 8 8 8 8 8 8 8 8 9 9 9 9 9 9 9 9 9 9 9 10 10 10 10 11 12 13 13 13 14 14 15 15 17 17 17 18 19 19 20 21 22 22 22 23 24 24 25 25 25 25 25 26 26 27 27 27 28 29 29 30 30 31 31 30 29 29 28
10 10 10 10 10 10 10 10 10 10 10 10 10 10 10 10 10 9 9 9 9 9 10 10 10 10 9 9 9 8 8 8 8 8 8 8 8 9 9 9 9 9 9 9 9 9 9 9 9 9 10 10 10 11 12 13 13 13 14 14 15 15 16 17 17 18 19 20 20 21 21 22 23 23 24 24 24 24 24 25 25 26 26 26 27 27 28 29 29 30 30 30 30 29 28 28
10 10 10 10 10 10 10 10 10 10 10 10 10 10 10 10 10 9 9 9 9 9 10 10 10 10 9 9 9 8 8 8 8 8 8 8 8 9 9 9 9 9 9 9 9 9 9 9 9 9 9 10 10 11 11 12 12 12 13 14 14 15 16 16 17 18 18 19 20 20 21 21 22 23 23 23 23 24 24 24 25 25 25 26 26 27 27 28 29 29 29 29 29 29 28 28
10 11 11 10 10 10 10 10 10 10 10 11 10 10 10 9 10 9 9 9 9 10 10 10 10 10 10 9 9 8 8 8 8 8 8 8 9 9 9 9 9 8 8 8 9 9 9 9 9 9 9 9 10 10 10 11 11 12 13 13 14 14 15 16 16 17 18 18 19 19 20 21 21 21 22 22 23 24 24 24 25 25 25 25 26 26 27 27 28 28 28 29 28 28 28 27
11 11 11 11 10 10 10 10 10 10 11 11 10 10 10 10 10 10 10 9 10 10 10 10 10 10 10 9 9 8 8 8 9 8 8 9 9 9 9 9 9 8 8 8 9 9 9 9 9 9 9 9 9 10 10 11 11 12 12 13 13 14 15 15 16 16 17 17 18 19 19 20 20 20 22 22 23 24 24 25 25 25 25 25 25 26 26 27 27 27 27 28 27 27 27 27
11 11 11 11 10 10 10 10 10 10 11 11 10 10 10 10 10 10 10 10 10 10 10 10 10 10 10 10 9 9 8 8 9 8 9 9 9 9 9 9 9 8 8 8 9 9 9 9 9 9 9 9 9 9 10 10 11 11 12 12 13 13 14 15 15 16 16 17 17 18 18 19 19 19 21 22 23 24 24 24 25 25 24 24 25 25 26 26 26 26 27 27 27 27 26 26
11 11 11 11 10 10 10 11 11 11 11 10 10 10 10 10 10 10 10 10 10 10 10 10 10 10 10 9 9 9 9 8 8 9 9 9 9 9 9 9 9 9 9 9 9 9 9 9 9 9 9 9 9 9 10 10 11 11 12 12 12 13 13 14 15 15 16 16 17 17 17 18 19 18 20 21 22 23 24 24 25 24 24 24 24 24 25 25 26 26 26 26 26 26 26 25
11 11 11 11 11 11 11 11 11 11 11 10 10 10 10 10 10 10 10 10 10 10 10 10 10 10 10 9 9 9 9 9 9 9 9 9 9 9 9 9 9 9 9 9 9 9 9 9 9 9 9 9 9 9 10 10 10 11 11 12 12 12 13 14 14 15 15 16 16 17 17 17 17 17 18 21 22 22 23 23 23 23 23 23 24 24 24 24 25 25 25 25 25 25 25 24
11 11 11 11 11 11 11 11 11 11 11 10 10 10 10 10 10 10 10 10 9 9 9 9 9 10 10 9 9 9 9 9 9 9 9 9 9 9 9 9 9 9 9 9 9 9 9 9 9 9 9 9 9 9 10 10 10 11 11 11 12 12 13 13 14 14 15 15 16 16 16 17 17 17 18 20 21 22 22 22 22 23 23 23 23 23 23 24 24 24 24 24 24 24 24 23
11 11 11 11 11 12 12 12 12 11 11 11 10 10 10 10 10 10 10 10 10 9 9 9 9 9 9 9 9 9 9 9 9 9 9 9 9 9 9 9 9 9 9 9 9 9 10 10 10 10 10 9 9 10 10 10 10 10 11 11 11 12 12 13 13 14 14 15 15 15 16 17 17 18 19 19 21 21 21 22 22 22 22 22 23 23 23 23 23 23 23 24 23 23 23 23
12 12 12 12 12 12 12 12 12 11 11 11 11 10 10 10 10 10 10 10 10 10 10 9 9 9 9 10 9 9 10 10 9 10 9 9 9 9 9 9 9 9 9 9 9 10 10 10 10 10 10 10 10 10 10 10 10 10 10 11 11 11 12 12 13 13 14 14 15 15 16 16 17 18 18 19 20 20 20 21 22 22 22 22 22 22 22 22 23 23 23 23 23 22 22 22
12 12 12 12 12 12 12 12 12 11 11 11 11 11 11 11 10 11 10 10 10 10 10 10 10 10 10 10 10 10 10 10 10 10 10 10 10 9 9 9 9 9 9 9 10 10 10 10 10 10 10 10 10 10 10 10 10 10 10 10 10 11 11 12 12 13 13 14 14 15 15 16 17 18 18 19 19 20 20 20 21 21 21 21 22 21 22 22 22 22 22 22 22 22 22 22
12 12 12 12 12 12 12 12 12 12 12 12 11 11 11 11 11 11 11 11 11 10 10 10 10 10 10 10 11 11 11 10 10 10 10 10 10 10 10 10 10 10 10 11 11 10 10 10 10 10 10 10 10 10 10 10 10 10 10 10 10 10 11 11 12 12 13 13 14 14 15 16 16 17 18 18 19 20 20 20 21 21 21 21 21 21 21 21 21 21 21 21 21 21 21 21
13 13 13 13 13 12 12 12 12 12 12 12 12 11 11 11 11 11 11 11 11 11 11 11 11 11 11 11 11 12 11 11 11 11 11 10 12 12 10 10 10 10 11 11 11 11 11 11 11 11 11 11 11 11 11 10 10 10 11 10 10 10 10 11 12 13 13 13 13 14 15 16 16 16 16 17 18 19 19 20 20 20 20 20 20 20 20 20 21 21 21 21 21 21 21 21
13 13 13 13 13 13 13 13 12 12 12 12 12 12 12 11 11 12 12 12 12 11 11 11 11 11 12 11 12 12 11 11 11 11 11 11 12 12 12 12 12 12 12 12 11 11 11 11 11 11 11 11 11 11 11 10 10 10 11 11 11 10 10 12 12 12 13 13 13 14 14 15 15 15 15 16 18 18 19 20 20 20 20 20 20 20 20 20 20 20 20 20 20 20 20 20
14 14 14 14 13 13 13 13 13 13 13 12 12 12 12 12 12 12 12 12 12 12 12 12 12 12 12 13 12 12 12 12 12 11 11 11 11 13 13 13 13 12 12 12 12 11 11 11 11 11 11 12 12 12 11 11 10 11 11 11 11 11 11 12 12 12 12 13 13 13 14 14 14 14 15 16 17 18 19 19 19 19 19 19 20 20 20 20 20 20 20 20 20 20 20 20
15 15 14 14 14 14 14 14 14 14 14 13 13 13 13 12 12 12 13 13 13 13 13 12 13 13 13 13 14 12 12 12 12 12 12 11 11 14 14 14 13 13 13 12 12 12 12 12 11 11 11 12 12 12 12 11 11 11 11 11 11 11 12 12 12 12 12 13 13 13 13 13 13 14 15 15 16 18 18 19 19 19 19 19 19 19 19 19 19 19 19 19 19 19 19 19
16 16 15 15 14 14 14 15 15 15 14 14 14 14 13 13 13 13 13 13 13 13 13 13 13 13 14 14 15 15 13 13 13 12 15 15 15 15 14 14 14 14 13 13 12 12 12 12 12 12 12 12 12 12 12 12 11 11 11 11 11 11 12 12 12 12 12 12 13 13 13 13 14 14 15 15 16 17 18 18 18 19 19 18 19 19 19 19 19 19 19 19 19 19 19 19
16 16 16 15 15 15 15 15 15 15 15 14 14 14 14 14 14 14 14 14 14 14 14 14 14 14 14 15 16 13 13 13 14 13 16 16 16 15 15 15 15 14 14 13 13 12 12 12 12 12 12 12 12 12 12 12 12 11 11 11 12 12 12 12 12 12 12 13 13 13 13 14 14 15 15 15 16 17 17 18 18 18 18 18 19 19 19 19 19 19 19 19 19 19 18 18
16 17 16 16 15 15 15 15 15 15 15 15 15 15 14 14 14 14 14 14 14 14 14 15 15 15 15 16 17 13 13 14 14 14 17 17 17 16 16 16 15 16 15 14 13 13 13 12 12 12 12 12 12 12 12 12 12 12 12 12 12 12 12 12 13 13 13 13 13 13 13 14 14 14 14 15 16 17 17 17 17 18 18 18 19 19 18 19 18 18 18 18 18 18 18 18
17 17 17 16 16 16 16 16 15 16 16 16 16 15 15 15 15 15 15 15 15 15 15 15 15 16 16 16 17 18 19 14 14 14 19 18 17 17 17 17 16 17 15 14 14 13 13 13 13 13 12 12 12 13 12 12 12 12 12 12 12 13 13 13 13 13 13 13 13 13 13 13 13 14 14 15 15 16 17 17 17 17 18 18 18 19 19 18 19 18 18 18 18 18 18 18
17 17 17 17 17 17 17 16 16 16 16 16 17 16 16 16 16 16 16 16 15 15 16 16 16 16 17 17 18 19 20 21 14 14 14 19 18 18 18 18 18 14 16 15 14 14 13 13 13 13 13 13 13 13 13 13 13 12 12 12 13 13 13 13 13 13 13 13 13 13 13 13 13 14 14 15 15 16 17 17 17 17 18 18 18 18 18 18 18 18 18 18 18 18 18 18
18 18 18 18 18 18 17 17 17 16 16 17 17 17 17 17 16 16 16 16 16 16 16 17 17 17 17 18 19 19 20 21 21 21 21 20 19 19 19 19 14 19 17 15 15 14 14 13 13 13 13 13 13 13 13 13 13 13 13 13 13 13 13 13 14 14 14 14 13 13 13 13 13 14 14 14 15 16 17 17 17 17 18 17 18 18 18 18 18 18 18 18 19 18 18 18
18 18 18 18 18 18 18 18 17 17 17 17 17 17 17 17 17 17 17 17 16 16 17 17 18 18 18 19 19 20 21 21 20 21 21 21 21 21 20 20 19 18 17 16 15 14 14 14 13 13 13 12 12 12 13 13 13 13 13 13 13 13 14 14 14 14 14 14 14 13 13 13 13 13 14 14 15 15 16 18 17 18 17 17 18 17 17 17 17 17 17 17 18 18 17 17
18 18 18 19 19 19 19 19 18 18 18 18 17 18 18 18 18 18 17 17 17 17 17 18 19 19 19 19 20 20 20 20 20 20 21 22 16 21 20 19 19 18 17 16 15 15 14 14 13 13 13 12 12 13 13 13 13 13 13 13 14 14 14 14 14 14 14 14 13 13 13 13 13 13 13 14 14 15 16 17 18 17 17 17 17 17 17 17 17 17 17 18 18 18 17 17
