Data/bom_data/etaamar.txt
ncols         417
nrows         337
xllcorner     112.15
yllcorner     -43.8
cellsize      0.1
NODATA_value  -9999
[rows 220 to 274 of 337, columns 192 to 287 of 417]
17 17 16 16 15 15 14 14 13 13 13 13 13 13 13 14 14 15 16 16 15 15 14 16 16 17 17 17 17 17 16 15 14 13 12 13 13 13 13 11 10 10 11 11 9 9 9 9 10 10 11 10 10 10 11 13 15 16 14 14 13 13 14 13 14 22 24 18 17 18 20 20 20 21 21 18 15 14 15 16 17 16 15 15 16 17 18 19 18 18 17 16 15 15 16 17
18 17 17 16 16 15 15 15 14 14 14 14 14 14 14 14 14 14 14 14 14 15 15 15 16 16 18 18 18 18 17 16 16 15 13 13 12 12 13 12 12 12 11 10 10 10 11 11 11 11 11 11 11 11 11 13 15 18 16 14 14 13 13 13 15 24 23 18 17 18 19 20 20 20 22 17 14 14 15 17 17 17 16 15 17 18 17 17 17 17 16 16 16 15 16 17
18 18 18 17 17 16 16 15 15 15 15 14 15 15 15 15 15 15 15 16 15 15 15 15 15 18 17 17 18 18 18 17 17 16 14 13 12 11 12 13 12 12 12 12 11 11 11 13 14 13 12 13 12 12 12 13 15 17 17 15 16 15 14 14 16 25 25 19 17 19 21 19 20 19 19 15 13 14 16 17 18 17 17 16 17 16 16 16 16 16 16 16 15 15 16 16
19 19 18 18 17 17 17 16 16 16 16 15 15 15 16 16 16 16 16 16 16 16 15 15 17 18 17 17 18 19 19 18 17 16 15 14 13 12 13 14 13 13 14 14 13 11 11 13 15 14 14 14 14 13 13 14 15 16 15 15 15 17 16 13 16 22 24 21 18 18 21 21 20 16 16 14 13 14 16 17 18 16 16 16 18 17 17 16 16 16 16 16 14 14 15 15
20 19 19 19 18 18 17 17 17 17 17 16 16 16 16 16 16 17 17 17 16 16 16 16 17 17 16 16 17 20 19 18 18 17 16 15 14 12 12 13 13 13 14 13 13 12 12 13 14 16 16 15 14 14 15 15 16 16 15 14 15 18 19 15 14 20 23 23 18 17 20 21 18 16 15 14 13 14 15 16 16 15 14 15 18 17 17 16 15 15 14 14 13 13 14 14
20 20 20 19 19 19 18 18 18 18 17 17 17 17 17 17 17 17 17 17 17 17 17 17 17 17 17 18 18 20 20 19 19 18 17 16 15 14 13 12 12 13 14 13 12 13 15 15 15 17 18 16 15 15 15 15 16 16 14 15 15 17 22 17 13 19 23 26 21 19 20 22 18 17 17 15 14 15 15 15 15 15 14 14 15 15 15 15 14 14 13 13 13 13 13 14
21 21 20 20 20 20 19 19 19 19 18 18 18 18 18 18 18 18 18 18 18 18 18 18 18 18 18 21 21 21 21 20 20 19 18 17 16 15 14 12 12 13 14 14 13 14 16 16 16 17 19 17 16 15 15 15 15 15 14 15 17 16 21 19 13 18 20 26 21 21 22 24 20 19 20 17 16 17 16 15 14 14 14 14 14 14 14 14 14 13 13 12 13 13 13 13
22 22 21 21 21 20 20 20 20 20 19 19 19 19 19 19 19 19 19 19 19 19 19 19 19 19 19 21 22 22 22 21 20 20 19 18 17 16 15 14 14 14 14 14 14 15 17 17 18 19 20 18 16 15 16 16 16 16 14 15 17 15 16 18 13 16 18 23 23 22 21 24 21 18 20 19 18 18 17 15 14 15 16 15 13 13 13 13 13 12 12 12 12 12 13 13
23 22 22 22 22 21 21 21 21 20 20 20 20 20 20 20 20 20 20 20 20 20 20 20 20 19 20 21 22 22 22 22 22 21 20 19 18 16 15 15 15 14 14 14 15 15 17 18 19 19 19 17 16 16 17 16 16 17 15 15 15 15 13 14 12 15 17 23 22 21 21 23 22 19 19 19 18 17 17 15 14 17 17 14 13 12 12 12 12 12 12 12 12 12 13 13
23 23 23 23 22 22 22 22 22 21 21 21 21 21 21 21 21 21 21 21 21 21 21 21 20 20 20 21 22 24 21 22 22 22 20 19 19 18 17 16 15 14 14 14 15 16 16 18 19 20 19 18 17 17 17 16 16 18 17 16 15 13 12 12 12 14 18 21 23 20 21 21 22 22 21 18 16 16 15 14 14 16 14 13 12 12 12 12 12 12 12 12 12 13 13 13
24 24 24 24 23 23 23 23 23 22 22 22 22 22 22 22 22 22 22 22 22 22 22 21 21 21 21 21 21 22 22 21 21 21 21 20 20 20 19 17 16 15 15 15 17 17 17 19 20 21 20 21 18 18 17 16 17 19 16 16 13 12 12 12 14 16 18 19 21 20 21 23 22 24 22 18 15 15 13 12 12 13 13 12 12 12 12 12 12 12 12 12 12 13 13 13
25 25 25 24 24 24 24 24 23 23 23 23 23 23 23 23 23 23 23 23 23 23 22 22 22 22 22 22 21 21 20 20 20 21 22 22 21 21 20 19 18 17 16 16 17 18 18 21 21 21 22 23 22 21 19 17 18 19 17 17 13 12 12 13 16 18 19 19 19 20 21 23 22 25 23 21 16 13 12 11 10 11 11 11 11 12 12 12 12 12 12 12 12 13 13 13
22 21 21 21 21 21 21 21 21 21 21 21 21 21 22 22 22 22 24 24 24 23 23 23 23 23 23 23 22 22 21 21 21 20 22 24 23 23 21 20 20 19 18 18 18 19 19 21 21 23 24 25 24 22 20 18 18 18 17 15 12 12 13 13 15 18 19 20 20 21 23 21 22 25 24 25 19 13 11 10 10 10 10 11 11 12 12 12 12 12 12 12 12 13 13 13
22 22 22 22 22 22 22 22 22 22 22 22 22 22 22 22 23 23 23 23 23 24 24 24 24 24 24 23 23 23 23 22 22 21 23 25 24 24 23 22 21 21 20 20 20 20 20 23 23 24 26 25 23 22 21 19 17 17 16 14 13 13 13 14 14 17 19 21 20 21 21 22 22 24 25 26 20 13 11 10 9 9 10 10 11 12 12 12 12 12 12 12 13 13 13 13
23 23 22 22 22 22 22 22 22 22 23 23 23 23 23 23 23 23 24 24 24 24 24 24 25 25 25 24 24 24 24 25 23 23 23 25 25 25 25 24 23 22 22 22 22 21 21 22 23 25 27 27 25 24 22 18 16 17 15 13 13 14 14 14 15 17 19 22 21 21 22 23 23 24 25 25 19 13 11 10 9 9 10 10 11 12 12 12 12 12 12 12 13 13 13 13
23 23 23 23 23 23 23 23 23 23 23 23 23 23 24 24 24 24 24 24 25 25 25 25 25 25 25 25 25 25 25 25 24 24 24 24 24 26 26 25 24 23 23 22 22 22 22 22 22 24 25 25 25 23 20 16 15 15 14 13 14 14 15 16 18 19 20 23 20 19 23 26 26 26 25 25 18 13 11 10 10 10 10 10 11 11 12 12 11 11 12 12 13 13 13 13
24 24 24 24 24 24 24 24 24 24 24 24 24 24 24 24 25 25 25 25 25 25 25 26 26 26 26 26 26 26 26 26 26 25 25 25 25 25 26 25 24 24 24 23 23 23 23 23 22 22 23 22 21 19 17 15 14 14 14 14 14 15 16 19 20 21 22 25 20 19 22 27 30 28 26 24 19 14 12 11 10 10 10 10 10 10 10 11 11 11 12 12 12 13 13 13
24 24 24 24 24 24 24 24 24 24 24 25 25 25 25 25 25 25 26 26 26 26 26 26 26 26 26 26 26 26 26 26 26 26 26 25 25 25 25 26 26 25 24 24 24 24 24 25 23 21 21 19 18 15 14 14 14 14 14 15 15 15 19 21 21 21 23 25 21 19 21 26 30 29 28 26 21 16 13 12 11 11 11 10 10 10 10 10 11 11 12 12 12 12 13 13
25 25 25 25 25 25 25 25 25 25 25 25 25 25 26 26 26 26 26 26 26 27 27 27 27 27 27 27 27 27 27 27 27 27 27 26 25 25 26 28 27 27 26 25 25 25 25 26 22 21 19 17 15 14 14 14 14 14 15 15 15 18 21 21 21 22 25 21 22 20 21 24 27 27 29 28 23 18 14 13 12 12 12 11 11 10 10 10 11 11 12 12 12 12 12 13
25 25 25 25 25 25 26 26 26 26 26 26 26 26 26 26 27 27 27 27 27 27 27 27 28 28 28 28 28 28 28 28 28 28 28 27 26 26 26 30 29 28 27 27 27 26 26 25 22 20 16 15 15 15 15 15 15 15 15 15 16 18 21 22 23 24 22 19 21 20 20 24 26 27 29 28 25 19 15 13 12 12 13 13 12 11 11 11 11 11 11 12 12 11 12 13
26 26 26 26 26 26 26 26 26 26 26 27 27 27 27 27 27 27 27 28 28 28 28 28 28 28 28 28 28 29 29 29 29 29 28 28 28 27 27 28 30 30 29 29 30 29 27 24 22 18 16 15 15 15 15 15 15 15 15 15 16 20 22 23 24 22 19 16 19 19 20 23 26 26 29 26 26 22 16 13 13 13 13 14 15 13 12 12 12 11 11 11 12 12 13 13
27 27 27 27 27 27 27 27 27 27 27 27 27 27 28 28 28 28 28 28 28 28 29 29 29 29 29 29 29 29 29 29 29 29 29 29 29 28 28 29 31 32 31 31 33 32 29 23 20 17 16 16 16 16 16 16 16 16 16 15 16 20 24 25 23 20 15 15 18 19 20 22 24 25 26 26 27 26 18 13 13 14 13 15 16 15 14 13 13 12 11 11 12 12 12 13
27 27 27 27 27 27 27 27 28 28 28 28 28 28 28 28 28 29 29 29 29 29 29 29 29 30 30 30 30 30 30 30 30 30 30 30 30 29 30 30 32 32 32 33 33 31 29 22 19 17 17 17 17 17 16 16 16 16 16 16 17 21 24 24 21 18 15 14 17 20 21 22 24 25 26 28 27 29 19 14 14 14 14 15 16 15 14 14 13 12 12 12 12 12 12 13
28 28 28 28 28 28 28 28 28 28 28 28 29 29 29 29 29 29 29 29 30 30 30 30 30 30 30 30 30 31 31 31 31 31 31 31 31 31 31 32 32 33 33 35 34 32 27 22 20 19 18 18 17 17 17 17 17 16 16 17 18 22 24 24 21 16 15 15 17 20 22 23 24 25 25 29 33 31 22 16 15 15 14 15 15 15 15 14 13 13 13 12 13 13 13 13
28 28 28 28 28 28 29 29 29 29 29 29 29 29 29 30 30 30 30 30 30 30 30 31 31 31 31 31 31 31 31 31 31 31 31 32 32 32 32 32 32 34 35 35 35 30 25 23 22 21 19 19 18 18 18 17 17 17 17 17 17 21 24 24 21 16 15 16 16 19 21 24 24 27 29 37 39 33 25 17 16 15 14 15 15 15 15 15 14 13 13 13 13 13 13 13
29 29 29 29 29 29 29 29 29 29 30 30 30 30 30 30 30 30 31 31 31 31 31 31 31 31 32 32 32 32 32 32 32 32 32 32 32 32 32 32 32 35 35 35 35 31 26 24 23 22 21 20 19 19 19 18 18 17 17 17 17 22 25 24 22 17 16 17 17 18 21 25 26 34 40 42 42 36 25 18 17 15 14 15 16 15 15 15 15 14 14 14 14 14 13 13
29 29 29 30 30 30 30 30 30 30 30 30 30 31 31 31 31 31 31 31 31 32 32 32 32 32 32 32 32 33 33 33 33 33 33 33 33 33 33 33 33 33 36 36 36 34 29 25 24 23 22 21 20 20 19 19 18 18 17 17 18 23 25 25 21 17 17 18 18 19 21 26 28 34 43 45 43 33 24 19 18 16 16 16 16 16 16 16 15 15 15 14 14 14 14 14
30 30 30 30 30 30 30 30 31 31 31 31 31 31 31 31 32 32 32 32 32 32 32 32 33 33 33 33 33 33 33 33 33 34 34 34 34 34 34 34 34 34 34 34 34 35 29 27 25 24 23 22 21 21 20 20 21 20 20 19 20 24 25 25 20 18 18 19 19 20 22 28 33 46 46 46 41 31 21 19 19 18 17 17 17 17 16 16 16 16 16 16 15 15 15 15
30 31 31 31 31 31 31 31 31 31 31 31 32 32 32 32 32 32 32 33 33 33 33 33 33 33 33 34 34 34 34 34 34 34 34 34 34 35 35 35 34 34 35 33 32 33 30 29 26 25 24 23 22 22 21 22 25 26 26 24 23 24 25 23 19 19 19 20 20 21 22 31 40 43 46 46 37 28 20 20 21 21 20 19 18 18 17 17 17 17 17 17 16 16 16 16
31 31 31 31 31 31 32 32 32 32 32 32 32 32 32 33 33 33 33 33 33 33 34 34 34 34 34 34 34 34 35 35 35 35 35 35 35 35 35 35 35 34 34 33 31 30 29 29 27 26 25 24 24 23 23 25 28 29 28 26 23 23 25 23 20 20 20 20 21 22 24 34 41 45 47 40 32 27 22 22 22 23 21 20 19 18 18 18 18 18 18 18 17 17 17 17
32 32 32 32 32 32 32 32 32 32 33 33 33 33 33 33 33 33 34 34 34 34 34 34 34 35 35 35 35 35 35 35 35 36 36 36 36 36 36 36 36 35 34 33 32 31 30 28 27 26 28 26 25 25 25 28 28 27 26 24 21 22 23 22 21 21 21 21 22 23 26 36 42 43 39 32 28 27 24 23 23 24 22 21 21 20 20 19 19 19 18 18 18 18 18 18
32 32 32 32 32 33 33 33 33 33 33 33 33 34 34 34 34 34 34 34 35 35 35 35 35 35 35 35 36 36 36 36 36 36 36 36 36 36 37 37 37 36 35 34 32 31 31 29 28 28 27 27 27 26 28 29 27 27 24 23 22 22 22 21 22 22 22 23 23 24 30 43 41 37 33 30 26 25 23 24 24 24 22 22 22 22 22 21 20 20 19 19 19 19 19 19
33 33 33 33 33 33 33 33 33 34 34 34 34 34 34 34 35 35 35 35 35 35 35 36 36 36 36 36 36 36 36 37 37 37 37 37 37 37 37 37 37 37 36 35 33 32 31 30 29 29 29 28 28 28 28 28 27 26 25 24 23 23 23 23 23 23 24 24 24 29 41 43 42 36 33 29 26 24 24 25 25 25 24 23 22 22 23 22 21 21 21 21 20 20 20 20
33 33 33 34 34 34 34 34 34 34 34 34 35 35 35 35 35 35 35 36 36 36 36 36 36 36 37 37 37 37 37 37 37 37 38 38 38 38 38 38 38 37 37 36 34 33 32 31 31 30 30 30 31 31 31 31 30 28 27 27 25 24 24 24 24 25 25 28 33 41 42 40 36 32 31 29 26 26 26 27 27 27 26 25 24 23 23 23 23 22 22 22 22 22 22 21
34 34 34 34 34 34 34 35 35 35 35 35 35 35 35 36 36 36 36 36 36 36 37 37 37 37 37 37 37 38 38 38 38 38 38 38 38 38 38 38 38 38 38 37 36 35 34 33 33 32 32 33 33 34 34 35 34 32 33 33 29 29 27 26 26 26 28 31 32 32 33 34 34 30 29 28 27 27 27 29 28 27 28 26 25 24 24 24 24 23 24 24 23 23 23 22
34 34 35 35 35 35 35 35 35 35 35 36 36 36 36 36 36 36 37 37 37 37 37 37 37 38 38 38 38 38 38 38 39 39 39 39 39 39 39 39 39 39 39 38 37 37 36 35 35 35 35 35 37 40 41 43 41 41 40 39 36 33 30 29 28 30 32 32 33 33 34 35 31 29 27 26 27 28 30 30 30 28 28 27 26 25 25 25 24 24 24 25 25 25 24 23
35 35 35 35 35 35 36 36 36 36 36 36 36 36 37 37 37 37 37 37 37 38 38 38 38 38 38 38 39 39 39 39 39 39 39 39 39 40 40 40 40 40 40 39 39 38 38 37 37 37 37 38 43 42 42 43 44 43 41 39 37 35 35 32 32 36 36 33 33 33 34 33 32 31 29 28 27 28 30 29 31 30 29 28 27 26 26 26 25 26 26 26 26 26 26 25
35 36 36 36 36 36 36 36 36 36 37 37 37 37 37 37 37 38 38 38 38 38 38 39 39 39 39 39 39 39 39 40 40 40 40 40 40 40 40 40 40 40 40 40 40 40 40 39 39 39 39 39 39 42 42 42 42 42 41 39 39 37 35 34 34 34 34 34 34 35 35 34 33 32 31 30 29 29 29 30 29 31 30 29 28 27 27 26 26 27 26 27 27 27 27 26
36 36 36 36 36 37 37 37 37 37 37 37 37 38 38 38 38 38 38 38 39 39 39 39 39 39 40 40 40 40 40 40 40 40 41 41 41 41 41 41 41 41 41 41 41 41 41 40 40 40 40 40 40 40 40 40 39 39 38 38 38 37 35 33 33 34 35 35 36 36 36 36 35 34 33 32 31 30 30 30 30 29 31 30 29 28 28 27 26 26 27 27 28 29 28 27
37 37 37 37 37 37 37 37 37 38 38 38 38 38 38 38 39 39 39 39 39 39 40 40 40 40 40 40 40 41 41 41 41 41 41 41 41 41 41 41 42 42 42 41 41 41 41 41 41 41 41 41 41 41 41 41 41 38 36 36 37 36 35 35 35 36 36 37 37 37 37 37 36 35 34 34 33 32 32 31 31 30 32 31 31 30 29 28 27 27 27 28 28 29 30 28
37 37 37 37 37 38 38 38 38 38 38 38 39 39 39 39 39 39 39 40 40 40 40 40 40 41 41 41 41 41 41 41 42 42 42 42 42 42 42 42 42 42 42 42 42 42 42 42 42 42 42 42 42 42 42 42 41 39 38 37 36 36 36 37 37 37 38 38 38 38 38 38 37 37 36 35 34 34 33 32 32 32 31 32 31 31 30 29 28 28 28 28 29 30 30 29
38 38 38 38 38 38 38 38 39 39 39 39 39 39 39 40 40 40 40 40 40 40 41 41 41 41 41 41 42 42 42 42 42 42 42 42 43 43 43 43 43 43 43 43 43 43 43 43 43 43 43 43 43 43 43 43 42 41 40 39 39 38 38 38 39 39 39 39 39 40 39 39 39 38 37 37 36 35 35 34 33 32 32 33 32 32 31 30 29 29 29 29 30 30 31 30
38 38 38 38 39 39 39 39 39 39 39 40 40 40 40 40 40 40 41 41 41 41 41 41 42 42 42 42 42 42 42 43 43 43 43 43 43 43 43 43 43 43 44 44 44 44 44 44 44 44 44 44 43 43 43 43 43 42 42 41 40 40 40 40 40 40 41 41 41 41 40 40 40 39 39 38 37 37 36 35 34 33 33 32 33 32 32 31 30 30 31 31 31 31 31 31
39 39 39 39 39 39 39 39 40 40 40 40 40 40 40 41 41 41 41 41 41 42 42 42 42 42 42 43 43 43 43 43 43 43 44 44 44 44 44 44 44 44 44 44 44 44 44 44 44 44 44 44 44 44 44 44 44 43 43 42 42 42 42 42 42 42 42 42 42 42 42 41 41 41 40 39 39 38 37 36 36 35 34 33 34 33 32 32 31 30 30 31 32 32 32 31
39 39 39 40 40 40 40 40 40 40 40 41 41 41 41 41 41 42 42 42 42 42 42 42 43 43 43 43 43 43 44 44 44 44 44 44 44 44 45 45 45 45 45 45 45 45 45 45 45 45 45 45 45 45 45 45 45 45 44 44 43 43 43 43 43 43 43 43 43 43 43 42 42 42 41 41 40 39 39 38 37 36 35 34 34 34 34 32 32 31 30 31 31 32 32 32
40 40 40 40 40 40 40 41 41 41 41 41 41 41 42 42 42 42 42 42 43 43 43 43 43 43 44 44 44 44 44 44 44 45 45 45 45 45 45 45 45 45 45 46 46 46 46 46 46 46 46 46 46 46 46 46 46 46 46 45 45 44 44 44 44 44 44 44 44 44 43 43 43 43 42 42 41 40 40 39 38 37 36 35 35 36 34 33 32 31 30 30 31 32 32 32
40 40 40 41 41 41 41 41 41 41 42 42 42 42 42 42 42 43 43 43 43 43 43 44 44 44 44 44 44 45 45 45 45 45 45 45 46 46 46 46 46 46 46 46 46 46 46 46 47 47 47 47 47 47 47 47 47 47 47 46 46 46 46 45 45 45 45 45 45 44 44 44 44 43 43 43 42 42 41 40 39 38 37 36 37 37 36 34 32 31 30 30 30 31 32 32
41 41 41 41 41 41 41 42 42 42 42 42 42 42 43 43 43 43 43 43 44 44 44 44 44 44 45 45 45 45 45 45 46 46 46 46 46 46 46 46 47 47 47 47 47 47 47 47 47 47 47 47 47 47 47 47 47 47 47 47 47 47 47 47 47 47 46 46 46 46 46 45 45 44 44 44 43 43 42 41 40 40 39 39 39 38 37 35 33 30 29 30 30 31 32 33
41 41 41 42 42 42 42 42 42 42 43 43 43 43 43 43 44 44 44 44 44 44 45 45 45 45 45 45 46 46 46 46 46 46 46 47 47 47 47 47 47 47 47 48 48 48 48 48 48 48 48 48 48 48 48 48 48 48 48 48 48 48 48 48 48 48 47 47 47 47 47 47 46 46 45 45 44 43 43 42 42 41 40 42 42 40 38 36 34 31 30 30 31 31 32 32
42 42 42 42 42 42 43 43 43 43 43 43 43 44 44 44 44 44 44 45 45 45 45 45 45 46 46 46 46 46 46 47 47 47 47 47 47 47 48 48 48 48 48 48 48 48 48 49 49 49 49 49 49 49 49 49 49 49 49 49 49 49 49 49 49 49 48 48 48 48 48 48 48 47 47 46 46 45 44 43 43 42 41 42 44 42 40 38 36 34 33 32 32 32 32 33
42 42 42 43 43 43 43 43 43 43 44 44 44 44 44 44 45 45 45 45 45 45 46 46 46 46 46 46 47 47 47 47 47 47 48 48 48 48 48 48 48 49 49 49 49 49 49 49 49 49 50 50 50 50 50 50 50 50 50 50 50 50 50 50 50 50 49 49 49 49 49 49 49 49 48 48 47 46 46 45 44 43 43 43 46 45 43 42 40 38 36 34 33 33 32 33
43 43 43 43 43 43 44 44 44 44 44 44 44 45 45 45 45 45 45 46 46 46 46 46 46 47 47 47 47 47 47 48 48 48 48 48 48 49 49 49 49 49 49 49 50 50 50 50 50 50 50 50 50 50 51 51 51 51 51 51 51 51 51 51 51 51 50 50 50 50 50 50 50 50 50 49 49 48 47 47 46 45 44 44 46 47 46 45 44 42 39 37 35 34 33 34
43 43 43 44 44 44 44 44 44 44 45 45 45 45 45 45 46 46 46 46 46 46 47 47 47 47 47 48 48 48 48 48 48 49 49 49 49 49 49 49 50 50 50 50 50 50 50 51 51 51 51 51 51 51 51 51 51 51 51 51 51 52 52 52 51 51 51 51 51 51 51 51 51 51 51 51 50 50 49 49 48 47 46 46 47 48 49 48 46 44 41 39 37 35 34 33
44 44 44 44 44 44 45 45 45 45 45 45 45 46 46 46 46 46 46 47 47 47 47 47 47 48 48 48 48 48 49 49 49 49 49 49 50 50 50 50 50 50 51 51 51 51 51 51 51 51 52 52 52 52 52 52 52 52 52 52 52 52 52 52 52 52 52 52 52 52 52 52 52 52 52 52 52 52 51 50 50 49 49 48 47 49 49 50 48 46 45 42 39 36 33 33
44 44 44 45 45 45 45 45 45 45 46 46 46 46 46 46 47 47 47 47 47 47 48 48 48 48 48 49 49 49 49 49 49 50 50 50 50 50 50 51 51 51 51 51 51 52 52 52 52 52 52 52 52 53 53 53 53 53 53 53 53 53 53 53 53 53 53 53 53 53 53 53 53 53 53 53 53 53 53 52 52 51 51 50 50 49 49 50 50 49 47 45 42 39 37 36
