tests/output/Data/bom_data/etaajan.txt
ncols         417
nrows         337
xllcorner     112.15
yllcorner     -43.8
cellsize      0.1
NODATA_value  -9999
[rows 54 to 107 of 337, columns 0 to 95 of 417]
50 50 51 51 52 52 53 53 53 54 54 55 55 55 55 56 56 56 56 57 57 57 57 58 58 58 58 59 59 59 59 60 60 60 61 61 61 61 62 62 62 63 63 63 63 64 64 64 64 65 65 65 66 66 66 66 67 67 67 67 68 68 68 68 68 69 69 69 69 70 70 70 70 70 71 71 71 71 71 72 72 72 72 72 72 73 73 73 73 73 73 74 74 74 74 74
50 50 50 51 51 52 52 53 53 53 54 54 55 55 55 55 56 56 56 56 57 57 57 57 58 58 58 58 59 59 59 60 60 60 60 61 61 61 62 62 62 62 63 63 63 63 64 64 64 65 65 65 65 66 66 66 66 67 67 67 67 68 68 68 68 69 69 69 69 69 70 70 70 70 70 71 71 71 71 71 72 72 72 72 72 72 73 73 73 73 73 73 74 74 74 74
49 50 50 51 51 51 52 52 53 53 54 54 54 55 55 55 55 56 56 56 56 57 57 57 57 58 58 58 59 59 59 59 60 60 60 60 61 61 61 62 62 62 62 63 63 63 64 64 64 64 65 65 65 65 66 66 66 67 67 67 67 68 68 68 68 68 69 69 69 69 70 70 70 70 70 70 71 71 71 71 71 72 72 72 72 72 72 73 73 73 73 73 73 74 74 74
49 49 50 50 51 51 51 52 52 53 53 54 54 54 55 55 55 55 56 56 56 56 57 57 57 58 58 58 58 59 59 59 59 60 60 60 61 61 61 61 62 62 62 63 63 63 63 64 64 64 65 65 65 65 66 66 66 66 67 67 67 67 68 68 68 68 69 69 69 69 69 70 70 70 70 70 71 71 71 71 71 71 72 72 72 72 72 72 73 73 73 73 73 73 73 74
49 49 49 50 50 51 51 52 52 52 53 53 54 54 54 55 55 55 55 56 56 56 57 57 57 57 58 58 58 58 59 59 59 60 60 60 60 61 61 61 62 62 62 62 63 63 63 64 64 64 64 65 65 65 65 66 66 66 66 67 67 67 67 68 68 68 68 69 69 69 69 69 70 70 70 70 70 71 71 71 71 71 71 72 72 72 72 72 72 72 73 73 73 73 73 73
48 49 49 50 50 50 51 51 52 52 52 53 53 54 54 55 55 55 55 56 56 56 56 57 57 57 57 58 58 58 58 59 59 59 60 60 60 60 61 61 61 62 62 62 63 63 63 63 64 64 64 64 65 65 65 66 66 66 66 67 67 67 67 68 68 68 68 68 69 69 69 69 69 70 70 70 70 70 71 71 71 71 71 71 72 72 72 72 72 72 72 73 73 73 73 73
48 48 49 49 50 50 50 51 51 52 52 53 53 53 54 54 55 55 55 55 56 56 56 56 57 57 57 57 58 58 58 59 59 59 59 60 60 60 61 61 61 61 62 62 62 63 63 63 63 64 64 64 65 65 65 65 66 66 66 66 67 67 67 67 68 68 68 68 69 69 69 69 69 70 70 70 70 70 70 71 71 71 71 71 71 72 72 72 72 72 72 72 73 73 73 73
48 48 48 49 49 50 50 50 51 51 52 52 53 53 53 54 54 55 55 55 55 56 56 56 56 57 57 57 58 58 58 58 59 59 59 60 60 60 60 61 61 61 62 62 62 62 63 63 63 64 64 64 64 65 65 65 66 66 66 66 67 67 67 67 68 68 68 68 68 69 69 69 69 69 70 70 70 70 70 70 71 71 71 71 71 71 71 72 72 72 72 72 72 73 73 73
47 48 48 48 49 49 50 50 50 51 51 52 52 53 53 54 54 54 55 55 55 55 56 56 56 56 57 57 57 58 58 58 58 59 59 59 60 60 60 61 61 61 61 62 62 62 63 63 63 63 64 64 64 65 65 65 65 66 66 66 66 67 67 67 67 68 68 68 68 68 69 69 69 69 69 70 70 70 70 70 70 71 71 71 71 71 71 71 72 72 72 72 72 72 72 73
47 47 48 48 48 49 49 50 50 50 51 51 52 52 53 53 54 54 54 55 55 55 55 56 56 56 57 57 57 57 58 58 58 59 59 59 59 60 60 60 61 61 61 62 62 62 62 63 63 63 64 64 64 64 65 65 65 66 66 66 66 67 67 67 67 67 68 68 68 68 69 69 69 69 69 69 70 70 70 70 70 70 71 71 71 71 71 71 71 72 72 72 72 72 72 72
47 47 47 48 48 48 49 49 50 50 50 51 51 52 52 53 53 54 54 54 55 55 55 55 56 56 56 57 57 57 57 58 58 58 59 59 59 60 60 60 60 61 61 61 62 62 62 63 63 63 63 64 64 64 65 65 65 65 66 66 66 66 67 67 67 67 68 68 68 68 68 69 69 69 69 69 69 70 70 70 70 70 70 71 71 71 71 71 71 71 71 72 72 72 72 72
46 47 47 47 48 48 48 49 49 50 50 50 51 51 52 52 53 53 54 54 54 55 55 55 55 56 56 56 57 57 57 58 58 58 58 59 59 59 60 60 60 61 61 61 61 62 62 62 63 63 63 64 64 64 64 65 65 65 66 66 66 66 67 67 67 67 67 68 68 68 68 68 69 69 69 69 69 69 70 70 70 70 70 70 70 71 71 71 71 71 71 71 71 72 72 72
46 46 47 47 47 48 48 48 49 49 50 50 51 51 51 52 52 53 53 54 54 54 55 55 55 56 56 56 56 57 57 57 58 58 58 59 59 59 59 60 60 60 61 61 61 62 62 62 63 63 63 63 64 64 64 65 65 65 65 66 66 66 66 67 67 67 67 68 68 68 68 68 68 69 69 69 69 69 69 70 70 70 70 70 70 70 71 71 71 71 71 71 71 71 71 72
45 46 46 47 47 47 48 48 48 49 49 50 50 51 51 51 52 52 53 53 54 54 54 55 55 55 56 56 56 56 57 57 57 58 58 58 59 59 59 60 60 60 60 61 61 61 62 62 62 63 63 63 64 64 64 64 65 65 65 65 66 66 66 66 67 67 67 67 68 68 68 68 68 69 69 69 69 69 69 69 70 70 70 70 70 70 70 70 71 71 71 71 71 71 71 71
45 45 46 46 46 47 47 48 48 48 49 49 50 50 51 51 51 52 52 53 53 54 54 54 55 55 55 56 56 56 57 57 57 57 58 58 58 59 59 59 60 60 60 61 61 61 62 62 62 62 63 63 63 64 64 64 65 65 65 65 66 66 66 66 67 67 67 67 67 68 68 68 68 68 69 69 69 69 69 69 69 70 70 70 70 70 70 70 70 70 71 71 71 71 71 71
45 45 45 46 46 46 47 47 48 48 48 49 49 50 50 51 51 51 52 52 53 53 54 54 55 55 55 55 56 56 56 57 57 57 58 58 58 58 59 59 59 60 60 60 61 61 61 62 62 62 63 63 63 64 64 64 64 65 65 65 65 66 66 66 66 67 67 67 67 68 68 68 68 68 68 69 69 69 69 69 69 69 69 70 70 70 70 70 70 70 70 70 70 71 71 71
44 45 45 45 46 46 46 47 47 48 48 48 49 49 50 50 51 51 51 52 52 53 53 54 54 55 55 55 55 56 56 56 57 57 57 58 58 58 59 59 59 60 60 60 61 61 61 62 62 62 62 63 63 63 64 64 64 65 65 65 65 66 66 66 66 67 67 67 67 67 68 68 68 68 68 68 69 69 69 69 69 69 69 69 69 70 70 70 70 70 70 70 70 70 70 71
44 44 45 45 45 46 46 46 47 47 48 48 48 49 49 50 50 51 51 51 52 52 53 53 54 54 55 55 55 56 56 56 56 57 57 57 58 58 58 59 59 59 60 60 60 61 61 61 62 62 62 63 63 63 64 64 64 64 65 65 65 65 66 66 66 66 67 67 67 67 67 68 68 68 68 68 68 69 69 69 69 69 69 69 69 69 69 70 70 70 70 70 70 70 70 70
44 44 44 45 45 45 46 46 46 47 47 48 48 48 49 49 50 50 50 51 51 52 52 53 53 54 54 55 55 55 56 56 56 57 57 57 57 58 58 58 59 59 59 60 60 60 61 61 61 62 62 62 63 63 63 64 64 64 65 65 65 65 66 66 66 66 67 67 67 67 67 68 68 68 68 68 68 68 69 69 69 69 69 69 69 69 69 69 69 69 70 70 70 70 70 70
43 43 44 44 44 45 45 46 46 46 47 47 47 48 48 49 49 50 50 50 51 51 52 52 53 53 54 54 55 55 55 56 56 56 57 57 57 58 58 58 59 59 59 60 60 60 61 61 61 62 62 62 63 63 63 64 64 64 64 65 65 65 65 66 66 66 66 67 67 67 67 67 68 68 68 68 68 68 68 68 69 69 69 69 69 69 69 69 69 69 69 69 69 69 70 70
43 43 43 44 44 44 45 45 45 46 46 47 47 47 48 48 49 49 50 50 50 51 51 52 52 53 53 54 54 55 55 55 56 56 56 57 57 57 58 58 58 59 59 59 60 60 60 61 61 61 62 62 62 63 63 63 64 64 64 65 65 65 65 66 66 66 66 67 67 67 67 67 67 68 68 68 68 68 68 68 68 68 69 69 69 69 69 69 69 69 69 69 69 69 69 69
42 43 43 43 44 44 44 45 45 45 46 46 47 47 47 48 48 49 49 49 50 50 51 51 52 52 53 53 54 54 55 55 55 56 56 56 57 57 57 58 58 58 59 59 60 60 60 61 61 61 62 62 62 63 63 63 64 64 64 64 65 65 65 65 66 66 66 66 67 67 67 67 67 67 68 68 68 68 68 68 68 68 68 68 68 68 69 69 69 69 69 69 69 69 69 69
42 42 43 43 43 44 44 44 45 45 45 46 46 47 47 47 48 48 49 49 49 50 50 51 51 52 52 53 53 54 54 55 55 56 56 56 57 57 57 58 58 58 59 59 59 60 60 60 61 61 61 62 62 62 63 63 63 64 64 64 65 65 65 65 66 66 66 66 66 67 67 67 67 67 67 68 68 68 68 68 68 68 68 68 68 68 68 68 68 68 68 68 68 69 69 69
42 42 42 42 43 43 43 44 44 45 45 45 46 46 46 47 47 48 48 49 49 49 50 50 51 51 52 52 53 53 54 54 55 55 56 56 56 57 57 57 58 58 58 59 59 59 60 60 61 61 61 62 62 62 63 63 63 64 64 64 64 65 65 65 65 66 66 66 66 67 67 67 67 67 67 67 68 68 68 68 68 68 68 68 68 68 68 68 68 68 68 68 68 68 68 68
41 41 42 42 42 43 43 43 44 44 44 45 45 46 46 46 47 47 48 48 48 49 49 50 50 51 51 52 52 53 53 54 54 55 55 56 56 56 57 57 57 58 58 59 59 59 60 60 60 61 61 61 62 62 62 63 63 63 64 64 64 65 65 65 65 66 66 66 66 66 67 67 67 67 67 67 67 67 68 68 68 68 68 68 68 68 68 68 68 68 68 68 68 68 68 68
41 41 41 42 42 42 43 43 43 44 44 44 45 45 45 46 46 47 47 48 48 48 49 49 50 50 51 51 52 52 52 53 53 54 54 55 56 56 56 57 57 58 58 58 59 59 59 60 60 61 61 61 62 62 62 63 63 63 64 64 64 64 65 65 65 66 66 66 66 66 67 67 67 67 67 67 67 67 67 67 67 68 68 68 68 68 68 68 68 68 68 67 67 67 67 68
40 41 41 41 42 42 42 43 43 43 44 44 44 45 45 45 46 46 47 47 47 48 48 49 49 50 50 51 51 51 52 52 53 53 54 54 55 55 56 56 57 57 58 58 58 59 59 60 60 60 61 61 61 62 62 62 63 63 63 64 64 64 65 65 65 65 66 66 66 66 66 67 67 67 67 67 67 67 67 67 67 67 67 67 67 67 67 67 67 67 67 67 67 67 67 67
40 40 41 41 41 41 42 42 42 43 43 43 44 44 45 45 45 46 46 47 47 47 48 48 49 49 50 50 50 51 51 52 52 53 53 54 54 55 55 56 56 57 57 58 58 59 59 59 60 60 60 61 61 62 62 62 63 63 63 64 64 64 65 65 65 65 66 66 66 66 66 66 67 67 67 67 67 67 67 67 67 67 67 67 67 67 67 67 67 67 67 67 67 67 67 67
40 40 40 40 41 41 41 42 42 42 43 43 43 44 44 44 45 45 46 46 46 47 47 48 48 49 49 49 50 50 51 51 52 52 53 53 54 54 55 55 56 56 57 57 58 58 59 59 60 60 60 61 61 61 62 62 62 63 63 63 64 64 64 65 65 65 65 66 66 66 66 66 66 67 67 67 67 67 67 67 67 67 67 67 67 67 67 67 67 67 67 66 66 66 66 66
39 39 40 40 40 41 41 41 41 42 42 42 43 43 44 44 44 45 45 45 46 46 47 47 48 48 48 49 49 50 50 51 51 52 52 52 53 53 54 54 55 56 56 57 57 58 58 59 60 60 60 60 61 61 62 62 62 63 63 63 64 64 64 65 65 65 65 66 66 66 66 66 66 67 67 67 67 67 67 67 67 67 67 67 67 67 66 66 66 66 66 66 66 66 66 66
39 39 39 40 40 40 40 41 41 41 42 42 42 43 43 43 44 44 45 45 45 46 46 47 47 47 48 48 49 49 50 50 50 51 51 52 52 53 53 54 54 55 55 56 56 57 58 58 59 60 60 61 62 62 61 62 62 63 63 63 64 64 64 64 65 65 65 65 66 66 66 66 66 66 66 67 67 67 67 67 67 67 67 66 66 66 66 66 66 66 66 66 66 66 65 68
38 39 39 39 39 40 40 40 41 41 41 42 42 42 43 43 43 44 44 44 45 45 46 46 47 47 47 48 48 49 49 49 50 50 51 51 52 52 53 53 54 54 55 55 56 56 57 58 58 59 60 60 61 62 62 63 64 64 63 63 63 64 64 64 65 65 65 65 66 66 66 66 66 66 66 66 66 67 67 66 66 66 66 66 66 66 66 66 66 66 65 65 65 65 65 67
38 38 38 39 39 39 39 40 40 40 41 41 41 42 42 42 43 43 44 44 44 45 45 46 46 46 47 47 48 48 48 49 49 50 50 51 51 51 52 52 53 53 54 54 55 56 56 57 57 58 59 59 60 61 62 62 63 64 64 65 66 67 67 64 65 65 65 65 65 66 66 66 66 66 66 66 66 66 66 66 66 66 66 66 66 66 66 65 65 65 65 65 65 65 67 67
37 38 38 38 38 39 39 39 40 40 40 41 41 41 42 42 42 43 43 43 44 44 45 45 45 46 46 47 47 47 48 48 49 49 49 50 50 51 51 52 52 53 53 54 54 55 55 56 57 57 58 59 59 60 61 61 62 63 64 64 65 66 66 67 68 68 69 65 65 66 66 66 66 66 66 66 66 66 66 66 66 66 66 66 66 65 65 65 65 65 65 64 64 64 66 67
37 37 38 38 38 38 39 39 39 39 40 40 40 41 41 41 42 42 43 43 43 44 44 45 45 45 46 46 47 47 47 48 48 48 49 49 50 50 50 51 51 52 52 53 53 54 55 55 56 56 57 58 58 59 60 61 61 62 63 63 64 65 66 66 67 68 68 69 69 70 71 66 66 66 66 66 66 66 66 66 66 66 66 66 65 65 65 65 65 64 64 64 64 66 66 66
37 37 37 37 38 38 38 38 39 39 39 40 40 40 41 41 41 42 42 42 43 43 44 44 44 45 45 46 46 46 47 47 47 48 48 49 49 49 50 50 51 51 52 52 53 53 54 54 55 56 56 57 58 58 59 60 61 61 62 63 63 64 65 65 66 67 67 68 69 69 70 70 71 71 72 72 66 66 66 66 66 66 66 65 65 65 65 64 64 64 64 64 63 65 66 66
36 36 37 37 37 37 38 38 38 39 39 39 39 40 40 40 41 41 42 42 42 43 43 43 44 44 45 45 45 46 46 47 47 47 48 48 48 49 49 49 50 50 51 51 52 52 53 53 54 55 55 56 57 58 58 59 60 60 61 62 63 63 64 65 65 66 67 67 68 68 69 69 70 70 71 71 71 71 72 72 72 72 71 71 65 65 64 64 64 64 63 63 65 65 65 65
36 36 36 36 37 37 37 37 38 38 38 39 39 39 40 40 40 41 41 41 42 42 43 43 43 44 44 45 45 45 46 46 46 47 47 47 48 48 48 49 49 49 50 50 51 51 52 53 53 54 55 55 56 57 57 58 59 60 60 61 62 62 63 64 64 65 66 66 67 67 68 69 69 69 70 70 70 71 71 71 70 70 70 70 70 69 69 69 69 69 69 65 65 64 65 65
35 36 36 36 36 36 37 37 37 38 38 38 38 39 39 39 40 40 41 41 41 42 42 42 43 43 44 44 44 45 45 45 46 46 46 47 47 47 48 48 48 49 49 50 50 51 51 52 52 53 54 54 55 56 57 57 58 59 60 60 61 62 62 63 64 64 65 65 66 67 67 68 68 69 69 69 70 70 70 70 69 69 69 68 68 68 67 67 67 67 69 64 64 64 64 65
35 35 35 36 36 36 36 37 37 37 37 38 38 38 39 39 39 40 40 40 41 41 42 42 42 43 43 44 44 44 45 45 45 46 46 46 46 47 47 47 48 48 48 49 49 50 50 51 51 52 53 54 54 55 56 57 57 58 59 60 60 61 61 62 63 63 64 65 65 66 66 67 67 68 68 69 69 69 69 69 68 68 68 67 67 66 66 65 65 67 64 64 64 64 64 64
34 35 35 35 35 36 36 36 36 37 37 37 37 38 38 38 39 39 40 40 40 41 41 41 42 42 43 43 43 44 44 44 45 45 45 45 46 46 46 46 47 47 47 48 48 49 49 50 51 51 52 53 54 54 55 56 57 57 58 59 59 60 61 61 62 62 63 64 64 65 65 66 67 67 67 68 68 68 68 68 67 67 66 66 65 64 64 64 66 70 64 64 63 63 63 63
34 34 34 35 35 35 35 36 36 36 36 37 37 37 38 38 38 39 39 39 40 40 41 41 41 42 42 43 43 43 44 44 44 44 45 45 45 45 45 46 46 46 46 47 47 48 48 49 50 50 51 52 53 54 54 55 56 57 57 58 59 59 60 60 61 62 62 63 63 64 65 65 66 66 67 67 67 67 67 67 66 66 65 64 64 64 66 68 69 69 69 63 63 62 62 62
34 34 34 34 34 35 35 35 35 36 36 36 36 37 37 37 38 38 38 39 39 40 40 40 41 41 42 42 42 43 43 43 44 44 44 44 44 45 45 45 45 45 46 46 46 47 47 48 49 50 50 51 52 53 54 54 55 56 57 57 58 59 59 60 60 61 61 62 62 63 64 64 65 66 66 66 67 67 66 66 65 65 65 66 67 69 69 68 68 68 67 67 67 68 68 62
33 33 34 34 34 34 34 35 35 35 35 36 36 36 37 37 37 38 38 38 39 39 40 40 40 41 41 42 42 42 43 43 43 44 44 44 44 44 44 44 44 44 45 45 45 46 46 47 48 49 50 51 51 52 53 54 55 55 56 57 57 58 58 59 59 60 60 61 61 62 63 63 64 65 66 66 66 66 67 67 67 69 70 71 71 71 70 69 69 69 68 68 68 68 68 67
33 33 33 33 33 34 34 34 34 35 35 35 35 36 36 36 37 37 37 38 38 39 39 39 40 40 41 41 42 42 42 43 43 43 43 43 43 43 43 43 43 44 44 44 44 45 45 46 47 48 49 50 51 52 52 53 54 55 55 56 57 57 58 58 59 59 59 60 62 65 66 65 65 65 66 70 70 72 73 73 73 74 73 73 72 73 72 72 71 70 70 69 69 63 62 67
32 32 33 33 33 33 33 34 34 34 34 35 35 35 35 36 36 37 37 37 38 38 39 39 39 40 40 41 41 42 42 42 43 43 43 43 43 43 43 43 43 43 43 43 43 44 44 45 46 47 48 49 50 51 52 53 53 54 55 55 56 57 57 57 58 58 58 61 66 68 69 70 71 70 71 74 75 76 76 76 76 76 75 74 74 73 66 66 72 71 63 63 63 63 62 66
32 32 32 32 33 33 33 33 33 34 34 34 34 35 35 35 36 36 36 37 37 38 38 38 39 39 40 40 41 41 42 42 42 42 42 42 42 42 42 42 42 42 42 42 42 43 43 44 45 46 48 49 50 51 51 52 53 54 54 55 55 56 57 57 57 57 58 63 66 67 68 70 71 73 75 76 77 78 78 78 77 78 69 76 75 75 67 66 65 65 70 62 62 62 61 67
31 32 32 32 32 32 32 33 33 33 33 34 34 34 34 35 35 35 36 36 37 37 38 38 38 39 40 40 41 41 41 42 42 42 42 42 42 42 42 41 41 41 41 41 41 42 42 43 45 46 47 48 49 50 51 52 52 53 54 54 55 56 56 58 58 59 62 64 65 66 67 69 72 75 78 78 79 81 71 71 70 70 70 69 68 67 67 66 65 65 64 69 69 68 68 67
31 31 31 31 32 32 32 32 32 33 33 33 33 34 34 34 35 35 35 36 36 36 37 37 38 39 39 40 40 41 41 42 42 43 42 42 42 41 41 41 40 40 40 40 40 41 44 43 44 45 47 48 49 50 51 51 52 53 54 58 60 61 62 63 63 64 64 64 64 65 66 68 72 76 78 80 81 82 71 71 71 70 70 69 68 68 67 66 65 64 64 63 62 67 65 64
31 31 31 31 31 31 31 32 32 32 32 33 33 33 33 34 34 34 35 35 35 36 36 37 37 38 39 39 40 40 41 41 42 44 42 42 41 41 41 40 40 39 39 40 41 41 44 43 44 45 46 48 49 50 51 51 52 54 58 61 62 63 64 65 65 65 66 65 64 64 65 67 71 74 76 78 80 81 71 70 70 70 69 68 68 66 66 65 64 64 63 62 62 60 65 64
30 30 30 31 31 31 31 31 31 32 32 32 32 32 33 33 33 34 34 34 35 35 36 36 37 37 38 39 39 40 41 41 42 42 42 42 41 41 40 40 39 39 39 41 42 41 43 41 43 46 47 48 49 50 52 53 54 58 60 61 62 64 65 67 66 66 67 66 65 64 64 66 70 73 75 77 78 79 80 81 69 69 68 67 66 65 64 64 63 62 61 61 60 60 66 63
30 30 30 30 30 30 30 31 31 31 31 31 32 32 32 32 33 33 34 34 34 35 35 36 36 37 38 38 39 40 41 42 44 42 42 41 41 41 40 40 39 39 39 40 41 43 42 43 48 51 49 49 51 53 56 58 56 58 59 61 63 65 67 68 68 67 67 67 68 67 65 68 71 74 76 77 78 78 79 78 79 78 76 76 74 72 71 72 71 70 68 68 68 66 65 62
29 29 29 30 30 30 30 30 30 30 31 31 31 31 32 32 32 33 33 33 34 34 35 35 36 36 37 38 39 39 40 45 47 42 42 41 41 41 40 40 39 39 39 41 43 45 45 46 50 52 52 54 56 59 60 59 58 57 58 62 63 65 68 70 70 68 68 70 72 73 72 72 73 76 77 78 79 81 80 81 72 77 75 74 71 70 69 69 68 67 67 67 66 63 62 60
29 29 29 29 29 29 30 30 30 30 30 30 31 31 31 31 32 32 32 33 33 34 34 35 35 36 36 37 38 39 40 45 45 42 41 41 41 41 40 41 43 44 44 44 45 46 47 48 50 52 53 55 58 61 63 61 61 60 59 61 64 66 69 70 71 70 70 73 77 80 78 76 77 78 78 79 80 82 82 73 71 79 75 75 73 69 67 67 67 65 64 64 64 62 59 58
