tests/output/Data/bom_data/etaasep.txt
ncols         417
nrows         337
xllcorner     112.15
yllcorner     -43.8
cellsize      0.1
NODATA_value  -9999
[rows 0 to 65 of 337, columns 288 to 383 of 417]
95 95 95 95 95 95 95 95 95 95 95 95 95 95 95 95 95 95 95 95 95 95 95 95 95 95 95 96 96 96 96 96 96 96 97 97 97 97 97 98 98 98 98 99 99 99 100 100 100 100 101 101 101 102 102 102 103 103 103 104 104 104 105 105 105 106 106 106 107 107 107 108 108 108 109 109 109 110 110 110 111 111 111 111 112 112 112 113 113 113 114 114 114 115 115 115
95 95 95 95 94 94 94 94 94 94 94 96 94 94 94 94 94 94 94 94 94 94 94 94 95 95 95 95 95 95 95 95 96 96 96 96 96 97 97 97 97 98 98 98 98 99 99 99 100 100 100 100 101 101 101 102 102 102 103 103 103 104 104 104 105 105 105 106 106 106 107 107 108 108 108 109 109 109 110 110 110 111 111 111 111 112 112 112 113 113 113 114 114 114 115 115
94 94 94 94 94 94 94 94 94 94 94 94 93 93 93 93 93 94 94 94 94 94 94 94 94 94 94 94 94 95 95 95 95 95 95 96 96 96 96 97 97 97 97 98 98 98 98 99 99 99 100 100 100 101 101 101 102 102 102 103 103 103 104 104 104 105 105 105 106 106 106 107 107 107 108 108 109 109 109 110 110 110 111 111 111 111 112 112 112 113 113 113 114 114 114 115
94 93 93 93 93 93 93 93 93 93 93 93 94 94 93 93 93 93 93 93 93 93 93 93 93 93 93 94 94 94 94 94 94 95 95 95 95 95 96 96 96 96 97 97 97 98 98 98 98 99 99 99 100 100 100 101 101 101 102 102 103 103 103 104 104 104 105 105 105 106 106 106 107 107 107 108 108 108 109 109 110 110 110 111 111 111 111 112 112 112 113 113 113 114 114 114
93 93 93 93 93 93 92 92 92 92 92 93 94 92 92 92 92 92 92 92 92 92 92 93 93 93 93 93 93 93 93 94 94 94 94 94 95 95 95 95 96 96 96 96 97 97 97 98 98 98 99 99 99 100 100 100 101 101 101 102 102 102 103 103 104 104 104 105 105 105 106 106 106 107 107 107 108 108 108 109 109 110 110 110 111 111 111 111 112 112 112 113 113 113 114 114
92 92 92 92 92 92 92 92 92 92 92 92 92 92 93 93 92 92 92 92 92 92 92 92 92 92 92 92 92 93 93 93 93 93 93 94 94 94 94 95 95 95 96 96 96 96 97 97 97 98 98 98 99 99 99 100 100 101 101 101 102 102 102 103 103 103 104 104 105 105 105 106 106 106 107 107 107 108 108 108 109 109 110 110 110 111 111 111 112 112 112 112 113 113 113 114
92 92 92 91 91 91 91 91 91 91 91 91 91 91 92 92 91 91 91 91 91 91 91 91 91 91 91 92 92 92 92 92 92 93 93 93 93 94 94 94 94 95 95 95 96 96 96 97 97 97 98 98 98 99 99 99 100 100 100 101 101 102 102 102 103 103 103 104 104 105 105 105 106 106 106 107 107 107 108 108 109 109 109 110 110 110 111 111 111 112 112 112 112 113 113 113
91 91 91 91 91 91 91 91 90 90 90 91 91 91 91 91 91 90 90 90 90 90 90 90 91 91 91 91 91 91 91 92 92 92 92 92 93 93 93 93 94 94 94 95 95 95 96 96 96 97 97 97 98 98 98 99 99 100 100 100 101 101 101 102 102 103 103 103 104 104 105 105 105 106 106 106 107 107 107 108 108 109 109 109 110 110 110 111 111 111 112 112 112 113 113 113
91 90 90 90 90 90 90 90 90 90 90 90 90 90 91 90 90 91 89 90 90 90 90 90 90 90 90 90 90 91 91 91 91 91 92 92 92 92 93 93 93 93 94 94 94 95 95 95 96 96 96 97 97 98 98 98 99 99 99 100 100 101 101 101 102 102 103 103 103 104 104 105 105 105 106 106 106 107 107 107 108 108 109 109 109 110 110 110 111 111 111 112 112 112 113 113
90 90 90 90 90 89 89 89 89 89 89 89 90 90 90 90 90 90 89 89 89 89 89 89 89 89 89 89 90 90 90 90 90 91 91 91 91 92 92 92 92 93 93 93 94 94 94 95 95 96 96 96 97 97 97 98 98 99 99 99 100 100 101 101 101 102 102 103 103 103 104 104 105 105 105 106 106 106 107 107 108 108 108 109 109 109 110 110 110 111 111 111 112 112 112 113
89 89 89 89 89 89 89 89 88 88 88 89 89 89 89 89 89 89 88 88 88 88 88 88 88 88 89 89 89 89 89 89 90 90 90 90 91 91 91 92 92 92 92 93 93 94 94 94 95 95 95 96 96 97 97 97 98 98 99 99 99 100 100 101 101 101 102 102 103 103 103 104 104 105 105 105 106 106 106 107 107 108 108 108 109 109 109 110 110 110 111 111 111 112 112 112
89 89 88 88 88 88 88 88 88 88 88 88 89 89 89 89 89 89 89 87 87 87 87 88 88 88 88 88 88 88 89 89 89 89 89 90 90 90 91 91 91 92 92 92 93 93 93 94 94 94 95 95 96 96 96 97 97 98 98 98 99 99 100 100 101 101 101 102 102 103 103 103 104 104 105 105 105 106 106 107 107 107 108 108 108 109 109 109 110 110 110 111 111 111 112 112
88 88 88 88 88 87 87 87 87 87 87 88 88 88 88 88 88 88 88 87 87 87 87 87 87 87 87 87 87 88 88 88 88 88 89 89 89 90 90 90 91 91 91 92 92 92 93 93 93 94 94 95 95 96 96 96 97 97 98 98 98 99 99 100 100 101 101 101 102 102 103 103 103 104 104 105 105 105 106 106 107 107 107 108 108 108 109 109 109 110 110 110 111 111 111 112
88 87 87 87 87 87 87 87 86 86 86 87 87 87 87 88 87 87 87 86 86 86 86 86 86 86 86 87 87 87 87 87 88 88 88 88 89 89 89 90 90 90 91 91 91 92 92 93 93 93 94 94 95 95 95 96 96 97 97 98 98 98 99 99 100 100 101 101 101 102 102 103 103 103 104 104 105 105 105 106 106 107 107 107 108 108 108 109 109 110 110 110 111 111 111 112
87 87 87 86 86 86 86 86 86 86 86 86 86 86 86 87 87 87 87 85 85 85 85 85 85 85 86 86 86 86 86 87 87 87 87 88 88 88 89 89 89 90 90 90 91 91 92 92 92 93 93 94 94 94 95 95 96 96 97 97 98 98 98 99 99 100 100 101 101 101 102 102 103 103 104 104 104 105 105 106 106 106 107 107 107 108 108 109 109 109 110 110 110 111 111 111
86 86 86 86 86 85 85 85 85 85 86 86 86 86 86 86 86 86 85 84 84 84 84 84 85 85 85 85 85 85 86 86 86 86 87 87 87 88 88 88 89 89 89 90 90 91 91 91 92 92 93 93 93 94 94 95 95 96 96 97 97 98 98 98 99 99 100 100 101 101 102 102 102 103 103 104 104 104 105 105 106 106 106 107 107 108 108 108 109 109 109 110 110 110 111 111
86 85 85 85 85 85 85 84 84 84 85 85 85 85 85 85 85 85 85 84 84 84 84 84 84 84 84 84 84 85 85 85 85 86 86 86 86 87 87 88 88 88 89 89 89 90 90 91 91 92 92 93 93 93 94 94 95 95 96 96 97 97 98 98 98 99 99 100 100 101 101 102 102 102 103 103 104 104 104 105 105 106 106 106 107 107 108 108 108 109 109 109 110 110 110 111
85 85 85 84 84 84 84 84 84 83 84 84 84 84 84 84 84 84 84 84 84 84 84 83 83 83 83 83 84 84 84 84 85 85 85 85 86 86 86 87 87 88 88 88 89 89 90 90 91 91 92 92 92 93 93 94 94 95 95 96 96 97 97 98 98 99 99 99 100 100 101 101 102 102 103 103 103 104 104 105 105 105 106 106 107 107 107 108 108 108 109 109 109 110 110 110
84 84 84 84 84 83 83 83 84 83 83 83 83 83 83 83 83 84 83 83 83 83 82 82 82 82 82 83 83 83 83 83 84 84 84 85 85 85 86 86 87 87 87 88 88 89 89 90 90 90 91 91 92 92 93 93 94 94 95 95 96 96 97 97 98 98 99 99 99 100 100 101 101 102 102 103 103 103 104 104 105 105 105 106 106 107 107 107 108 108 108 109 109 110 110 110
84 83 83 83 83 83 82 82 83 83 83 83 83 82 83 83 83 83 83 82 82 81 81 81 81 81 82 82 82 82 82 83 83 83 84 84 84 85 85 85 86 86 87 87 88 88 88 89 89 90 90 91 91 92 92 93 93 94 94 95 95 96 96 97 97 98 98 99 99 100 100 100 101 101 102 102 103 103 104 104 104 105 105 106 106 106 107 107 107 108 108 109 109 109 110 110
83 83 83 82 82 82 82 82 82 82 82 82 82 82 82 82 82 82 82 81 81 80 80 80 80 81 81 81 81 81 82 82 82 82 83 83 84 84 84 85 85 86 86 86 87 87 88 88 89 89 90 90 91 91 92 92 93 93 94 94 95 95 96 96 97 97 98 98 99 99 100 100 101 101 102 102 102 103 103 104 104 104 105 105 106 106 106 107 107 108 108 108 109 109 109 110
82 82 82 82 81 81 81 82 81 81 81 81 81 81 81 81 81 81 82 82 80 80 79 79 80 80 80 80 80 80 81 81 81 82 82 82 83 83 84 84 84 85 85 86 86 87 87 88 88 89 89 90 90 91 91 92 92 93 93 94 94 95 95 96 96 97 97 98 98 99 99 100 100 101 101 102 102 103 103 103 104 104 105 105 105 106 106 107 107 107 108 108 108 109 109 109
82 81 81 81 81 80 81 81 81 81 80 80 80 80 80 80 80 80 80 81 80 80 81 79 79 79 79 79 79 80 80 80 81 81 81 82 82 82 83 83 84 84 85 85 86 86 87 87 88 88 89 89 90 90 91 91 92 92 93 93 94 94 95 96 96 97 97 98 98 99 99 99 100 100 101 101 102 102 103 103 103 104 104 105 105 106 106 106 107 107 107 108 108 108 109 109
81 81 80 80 80 80 80 79 80 80 79 79 79 79 79 79 79 79 80 80 79 79 80 78 78 78 78 78 78 79 79 79 80 80 80 81 81 82 82 83 83 84 84 85 85 86 86 87 87 88 88 89 89 90 90 91 91 92 92 93 94 94 95 95 96 96 97 97 98 98 99 99 100 100 101 101 101 102 102 103 103 104 104 104 105 105 106 106 106 107 107 108 108 108 109 109
80 80 80 80 79 79 79 78 79 79 79 79 78 78 78 78 78 78 78 79 78 79 80 78 78 77 77 77 78 78 78 79 79 79 80 80 81 81 81 82 82 83 83 84 84 85 85 86 87 87 88 88 89 89 90 90 91 91 92 93 93 94 94 95 95 96 96 97 97 98 98 99 99 100 100 101 101 102 102 102 103 103 104 104 105 105 105 106 106 107 107 107 108 108 108 109
80 79 79 79 79 78 78 78 78 78 78 78 78 77 77 77 77 77 77 77 78 78 78 77 76 76 76 76 77 77 77 78 78 78 79 79 80 80 81 81 82 82 83 83 84 84 85 85 86 86 87 88 88 89 89 90 90 91 92 92 93 93 94 94 95 95 96 96 97 97 98 98 99 99 100 100 101 101 102 102 103 103 103 104 104 105 105 106 106 106 107 107 107 108 108 108
79 79 78 78 78 77 77 78 78 77 77 77 77 77 76 77 77 76 76 76 77 78 77 76 76 77 75 75 76 76 76 77 77 78 78 79 79 79 80 80 81 81 82 83 83 84 84 85 85 86 86 87 88 88 89 89 90 91 91 92 92 93 93 94 94 95 96 96 97 97 98 98 99 99 100 100 101 101 101 102 102 103 103 104 104 104 105 105 106 106 106 107 107 107 108 108
78 78 78 77 77 77 77 77 77 76 76 76 76 76 76 76 75 75 75 76 76 76 76 75 75 74 74 75 75 75 76 76 76 77 77 78 78 79 79 80 80 81 81 82 82 83 84 84 85 85 86 87 87 88 88 89 89 90 91 91 92 92 93 94 94 95 95 96 96 97 97 98 98 99 99 100 100 101 101 102 102 103 103 103 104 104 105 105 105 106 106 107 107 107 108 108
78 77 77 77 76 76 76 76 76 76 75 75 75 75 75 75 75 74 74 74 75 75 76 75 75 73 73 74 74 74 75 75 76 76 76 77 77 78 78 79 80 80 81 81 82 82 83 84 84 85 85 86 87 87 88 88 89 90 90 91 91 92 93 93 94 94 95 95 96 96 97 97 98 99 99 99 100 100 101 101 102 102 103 103 104 104 104 105 105 106 106 106 107 107 107 108
77 77 76 76 76 75 76 75 75 75 74 74 74 74 74 74 73 73 73 73 73 74 75 75 74 72 72 73 73 73 74 74 75 75 76 76 77 77 78 78 79 79 80 81 81 82 82 83 84 84 85 85 86 87 87 88 89 89 90 90 91 92 92 93 93 94 94 95 96 96 97 97 98 98 99 99 100 100 101 101 102 102 102 103 103 104 104 105 105 105 106 106 106 107 107 107
76 76 76 75 75 74 74 75 74 74 74 73 73 73 73 72 72 72 72 73 73 73 73 73 73 73 71 72 72 73 73 73 74 74 75 75 76 76 77 78 78 79 79 80 81 81 82 82 83 84 84 85 86 86 87 87 88 89 89 90 91 91 92 92 93 94 94 95 95 96 96 97 97 98 98 99 99 100 100 101 101 102 102 103 103 103 104 104 105 105 105 106 106 107 107 107
76 75 75 75 74 74 73 74 73 73 73 73 72 72 72 71 71 71 71 71 71 71 72 72 72 72 70 71 71 72 72 73 73 74 74 75 75 76 76 77 77 78 79 79 80 81 81 82 82 83 84 84 85 86 86 87 88 88 89 90 90 91 91 92 93 93 94 94 95 95 96 97 97 98 98 99 99 100 100 101 101 101 102 102 103 103 104 104 104 105 105 106 106 106 107 107
75 75 74 74 73 73 73 73 73 72 72 72 71 71 71 70 70 70 70 70 70 70 71 71 70 71 69 70 70 71 71 72 72 73 73 74 74 75 76 76 77 77 78 79 79 80 81 81 82 83 83 84 85 85 86 87 87 88 88 89 90 90 91 92 92 93 93 94 95 95 96 96 97 97 98 98 99 99 100 100 101 101 102 102 103 103 103 104 104 105 105 105 106 106 106 107
74 74 74 73 73 73 73 72 72 72 72 71 70 70 70 70 69 69 69 69 69 69 70 71 70 70 69 69 70 70 70 71 71 72 73 73 74 74 75 75 76 77 77 78 79 79 80 81 81 82 83 83 84 85 85 86 87 87 88 89 89 90 91 91 92 93 93 94 94 95 95 96 97 97 98 98 99 99 100 100 101 101 101 102 102 103 103 104 104 104 105 105 105 106 106 107
74 73 73 72 72 72 72 72 71 71 70 70 70 69 69 69 68 68 68 68 67 68 69 71 69 68 68 68 69 69 70 70 71 71 72 72 73 73 74 75 75 76 77 77 78 79 79 80 81 81 82 83 84 84 85 86 86 87 88 88 89 90 90 91 92 92 93 93 94 95 95 96 96 97 97 98 98 99 99 100 100 101 101 102 102 102 103 103 104 104 104 105 105 106 106 106
73 73 72 72 71 72 71 71 70 70 70 69 69 69 68 68 68 67 67 67 67 67 71 73 70 68 67 67 68 68 69 69 70 70 71 72 72 73 73 74 75 75 76 77 77 78 79 79 80 81 82 82 83 84 84 85 86 87 87 88 89 89 90 91 91 92 92 93 94 94 95 95 96 97 97 98 98 99 99 100 100 101 101 101 102 102 103 103 103 104 104 105 105 105 106 106
72 72 72 71 71 71 70 70 70 69 69 69 69 68 68 68 67 67 66 66 66 68 67 68 67 67 66 67 67 68 68 69 69 70 70 71 71 72 73 73 74 75 75 76 77 77 78 79 80 80 81 82 82 83 84 85 85 86 87 88 88 89 90 90 91 92 92 93 93 94 95 95 96 96 97 97 98 98 99 99 100 100 101 101 102 102 102 103 103 104 104 104 105 105 105 106
72 71 71 70 70 70 70 69 69 69 68 68 68 68 67 67 66 66 66 66 66 67 67 67 66 66 66 66 66 67 67 68 68 69 69 70 71 71 72 73 73 74 75 75 76 77 78 78 79 80 80 81 82 83 84 84 85 86 86 87 88 89 89 90 91 91 92 93 93 94 94 95 95 96 97 97 98 98 99 99 100 100 101 101 101 102 102 103 103 103 104 104 105 105 105 106
71 71 70 70 69 69 69 69 68 68 67 67 67 67 66 66 66 66 66 66 66 67 67 67 65 65 66 65 66 66 67 67 68 68 69 69 70 71 71 72 73 73 74 75 75 76 77 78 78 79 80 81 82 82 83 84 85 85 86 87 88 88 89 90 90 91 92 92 93 93 94 95 95 96 96 97 97 98 98 99 99 100 100 101 101 102 102 102 103 103 104 104 104 105 105 105
71 70 70 69 69 68 68 68 67 67 67 66 66 66 66 66 65 65 65 66 66 66 66 65 65 65 65 65 65 65 66 66 68 67 68 69 69 70 70 71 72 73 73 74 75 76 76 77 78 79 79 80 81 82 83 83 84 85 86 86 87 88 89 89 90 91 91 92 93 93 94 94 95 96 96 97 97 98 98 99 99 100 100 101 101 101 102 102 103 103 103 104 104 104 105 105
70 69 69 68 68 67 68 67 67 66 66 66 65 65 65 65 64 65 64 65 65 65 66 66 65 65 65 65 64 65 65 66 67 67 70 71 68 69 70 70 71 72 73 73 74 75 76 76 77 78 79 80 81 81 82 83 84 85 85 86 87 88 88 89 90 90 91 92 92 93 94 94 95 95 96 96 97 97 98 98 99 99 100 100 101 101 102 102 102 103 103 104 104 104 105 105
69 69 68 68 67 67 67 66 66 66 65 65 65 64 64 64 64 64 64 64 64 65 65 66 65 64 64 64 63 64 64 65 68 68 69 69 69 68 69 70 70 71 72 73 73 74 75 76 77 78 78 79 80 81 82 83 83 84 85 86 86 87 88 89 89 90 91 91 92 93 93 94 95 95 96 96 97 97 98 98 99 99 100 100 101 101 101 102 102 103 103 103 104 104 104 105
69 68 67 67 66 67 66 66 65 65 65 64 64 64 63 63 63 63 63 64 65 64 64 65 64 64 63 63 64 63 64 65 66 66 69 68 67 68 68 69 70 70 71 72 73 74 74 75 76 77 78 79 80 80 81 82 83 84 85 85 86 87 88 88 89 90 91 91 92 92 93 94 94 95 95 96 97 97 98 98 99 99 99 100 100 101 101 102 102 102 103 103 103 104 104 105
68 67 67 66 66 65 65 65 65 64 64 64 63 63 63 63 62 63 62 63 64 63 63 63 64 64 63 62 63 63 64 64 65 65 68 69 70 68 67 68 69 70 71 71 72 73 74 75 76 76 77 78 79 80 81 82 83 83 84 85 86 87 87 88 89 90 90 91 92 92 93 94 94 95 95 96 96 97 97 98 98 99 99 100 100 101 101 101 102 102 103 103 103 104 104 104
67 67 66 66 65 64 65 64 64 63 63 63 62 62 62 62 62 62 62 62 62 62 62 63 63 62 62 62 62 62 63 63 64 65 65 67 68 68 69 68 68 69 70 71 71 72 73 74 75 76 77 78 79 80 80 81 82 83 84 85 86 86 87 88 89 89 90 91 91 92 93 93 94 94 95 96 96 97 97 98 98 99 99 100 100 100 101 101 102 102 102 103 103 103 104 104
67 66 65 65 64 64 64 64 63 63 62 62 62 61 61 61 61 61 61 61 61 61 61 62 61 61 61 61 61 62 62 63 63 64 65 65 67 70 68 68 67 68 69 70 71 72 73 74 74 75 76 77 78 79 80 81 82 83 84 84 85 86 87 88 88 89 90 91 91 92 92 93 94 94 95 95 96 96 97 97 98 98 99 99 100 100 101 101 101 102 102 102 103 103 104 104
66 65 65 64 64 63 63 63 62 62 62 61 61 61 60 60 60 60 60 60 60 60 61 61 61 60 60 60 61 61 61 62 62 63 64 64 65 67 69 70 70 69 70 69 70 71 72 73 74 75 76 77 78 79 80 81 81 82 83 84 85 86 87 87 88 89 90 90 91 92 92 93 94 94 95 95 96 96 97 97 98 98 99 99 100 100 100 101 101 102 102 102 103 103 103 104
65 65 64 63 63 62 63 62 62 61 61 60 60 60 60 59 59 59 59 59 59 60 60 60 60 60 59 60 60 60 60 61 61 62 63 64 64 66 68 72 71 70 69 70 69 70 71 72 73 74 75 76 77 78 79 80 81 82 83 84 85 86 86 87 88 89 89 90 91 91 92 93 93 94 95 95 96 96 97 97 98 98 98 99 99 100 100 101 101 101 102 102 102 103 103 103
64 64 63 63 62 62 61 61 61 60 60 60 59 59 59 59 58 58 58 58 58 58 59 59 59 59 59 59 59 59 60 60 61 61 62 63 64 65 66 68 68 68 68 68 69 70 71 72 73 74 75 76 77 78 79 80 81 82 83 84 84 85 86 87 88 88 89 90 91 91 92 93 93 94 94 95 95 96 96 97 97 98 98 99 99 100 100 100 101 101 101 102 102 103 103 103
64 63 62 62 61 61 61 60 60 60 59 59 58 58 58 58 58 57 57 57 57 57 58 58 58 58 58 58 58 59 59 59 60 60 61 62 63 64 65 67 67 67 67 67 68 69 70 71 72 73 74 75 76 77 78 79 80 81 82 83 84 85 86 87 88 88 89 90 90 91 92 92 93 94 94 95 95 96 96 97 97 98 98 99 99 99 100 100 101 101 101 102 102 102 103 103
63 62 62 61 61 60 60 60 59 59 58 58 58 57 57 57 57 57 56 56 56 56 57 57 57 57 58 57 57 58 58 59 59 60 60 61 62 63 64 66 67 67 67 68 67 68 69 71 72 73 74 75 76 77 78 79 80 81 82 83 84 85 86 87 87 88 89 90 90 91 92 92 93 93 94 95 95 96 96 97 97 98 98 98 99 99 100 100 100 101 101 101 102 102 102 103
62 62 61 60 60 59 59 59 58 58 57 57 57 56 56 56 56 56 55 55 55 55 56 56 56 56 57 57 57 57 57 58 58 59 59 60 61 63 63 66 66 67 67 66 67 68 69 70 71 72 73 74 75 77 78 79 80 81 82 83 84 85 86 86 87 88 89 89 90 91 91 92 93 93 94 94 95 95 96 96 97 97 98 98 99 99 99 100 100 100 101 101 102 102 102 103
61 61 60 59 59 59 59 58 57 57 57 56 56 55 55 55 55 54 54 54 54 54 55 55 55 56 56 56 56 56 57 57 58 58 59 59 61 62 63 64 65 65 65 65 66 67 68 69 70 72 73 74 75 76 77 78 80 81 82 83 84 84 85 86 87 88 89 89 90 91 91 92 93 93 94 94 95 95 96 96 97 97 98 98 98 99 99 100 100 100 101 101 101 102 102 102
61 60 59 59 58 58 58 57 57 56 56 55 55 54 54 54 54 54 53 53 53 54 54 54 54 55 56 56 55 55 56 56 57 57 58 59 60 62 63 64 65 64 65 64 65 66 67 69 70 71 72 73 75 76 77 78 79 80 81 82 83 84 85 86 87 88 88 89 90 91 91 92 92 93 94 94 95 95 96 96 97 97 97 98 98 99 99 99 100 100 100 101 101 101 102 102
60 59 58 58 58 57 57 56 56 55 55 54 54 54 53 53 53 53 52 52 52 53 53 53 54 54 54 54 55 55 55 56 56 56 57 58 60 62 64 62 64 64 65 65 64 66 67 68 69 70 72 73 74 75 77 78 79 80 81 82 83 84 85 86 87 88 88 89 90 90 91 92 92 93 93 94 94 95 95 96 96 97 97 98 98 98 99 99 100 100 100 101 101 101 101 102
59 58 58 57 57 56 56 55 55 54 54 53 53 53 52 52 52 52 51 51 51 52 52 52 52 52 53 53 54 54 54 56 56 57 58 58 58 59 62 61 62 66 67 70 64 65 66 67 69 70 71 73 74 75 76 78 79 80 81 82 83 84 85 86 87 87 88 89 90 90 91 92 92 93 93 94 94 95 95 96 96 97 97 97 98 98 99 99 99 100 100 100 101 101 101 102
58 57 57 56 56 56 55 54 54 53 53 52 52 52 51 51 51 51 50 50 50 50 51 51 51 51 52 53 52 53 54 55 56 57 59 59 61 59 60 61 63 65 70 70 63 64 65 67 68 69 71 72 73 75 76 77 78 80 81 82 83 84 85 86 87 87 88 89 90 90 91 91 92 93 93 94 94 95 95 96 96 96 97 97 98 98 98 99 99 99 100 100 100 101 101 101
57 56 56 55 55 55 54 53 53 52 52 51 51 51 50 50 50 50 49 49 49 49 49 49 50 50 50 51 51 53 53 53 55 56 58 58 59 61 60 62 62 67 65 64 62 63 65 66 67 69 70 72 73 74 76 77 78 80 81 82 83 84 85 86 86 87 88 89 89 90 91 91 92 92 93 94 94 95 95 95 96 96 97 97 97 98 98 99 99 99 100 100 100 100 101 101
56 55 55 54 54 54 53 52 52 51 51 50 50 50 49 49 49 49 48 48 48 48 48 48 49 49 49 50 50 52 52 52 52 53 55 55 57 58 60 63 62 62 63 67 73 62 64 65 67 68 70 71 73 74 75 77 78 79 81 82 83 84 85 86 86 87 88 89 89 90 91 91 92 92 93 93 94 94 95 95 96 96 96 97 97 98 98 98 99 99 99 100 100 100 101 101
55 55 54 53 53 53 52 51 51 50 50 49 49 49 48 48 48 48 47 47 47 47 47 47 48 48 48 49 49 49 51 52 52 53 54 56 57 58 59 66 68 61 61 65 67 61 63 64 66 67 69 71 72 74 75 77 78 79 80 82 83 84 85 85 86 87 88 89 89 90 91 91 92 92 93 93 94 94 95 95 96 96 96 97 97 97 98 98 98 99 99 99 100 100 100 101
54 54 53 52 52 52 51 50 50 49 49 48 48 48 47 47 47 46 46 46 46 46 46 46 46 47 47 47 48 48 49 50 52 53 55 58 57 60 59 65 70 63 62 60 61 61 62 64 65 67 68 70 72 73 75 76 78 79 80 82 83 84 85 85 86 87 88 89 89 90 90 91 92 92 93 93 94 94 94 95 95 96 96 96 97 97 98 98 98 99 99 99 99 100 100 100
53 52 52 52 51 50 50 49 49 48 48 47 47 46 46 46 46 45 45 45 45 45 45 45 45 45 46 46 46 46 47 49 50 50 53 54 54 57 61 63 62 64 70 61 60 59 61 62 64 66 68 70 71 73 75 76 78 79 80 81 83 84 85 85 86 87 88 88 89 90 90 91 91 92 92 93 93 94 94 95 95 96 96 96 97 97 97 98 98 98 99 99 99 99 100 100
52 51 51 51 50 49 49 48 48 47 47 46 46 45 45 45 44 44 44 44 44 44 43 44 44 44 44 44 45 45 46 47 47 48 49 51 52 54 55 58 58 65 71 63 57 58 60 61 63 65 67 69 71 73 75 76 78 79 80 81 83 84 84 85 86 87 88 88 89 90 90 91 91 92 92 93 93 94 94 95 95 95 96 96 96 97 97 97 98 98 98 99 99 99 99 100
51 50 50 50 49 48 48 47 47 46 46 45 45 44 44 44 43 43 43 43 43 43 42 42 43 43 43 43 44 44 45 46 46 47 48 49 50 51 53 54 56 58 65 66 61 57 58 60 61 64 66 69 71 73 75 76 78 79 80 82 83 84 84 85 86 87 88 88 89 90 90 91 91 92 92 93 93 94 94 94 95 95 95 96 96 96 97 97 97 98 98 98 99 99 99 99
50 49 49 48 48 47 47 46 45 45 44 44 44 43 43 42 42 42 42 41 41 41 41 41 41 42 42 42 42 43 43 44 45 46 47 47 47 49 51 55 57 62 61 63 67 63 56 58 60 63 65 68 71 73 75 76 78 79 80 82 83 84 84 85 86 87 88 88 89 89 90 91 91 92 92 93 93 93 94 94 95 95 95 96 96 96 97 97 97 97 98 98 98 99 99 99
49 48 48 47 47 46 46 45 44 44 43 43 42 42 42 41 41 41 41 40 40 40 40 40 40 40 41 41 41 41 42 43 44 46 46 46 46 46 47 52 56 61 58 61 66 68 65 56 58 61 65 68 71 73 75 76 78 79 80 82 83 84 84 85 86 87 87 88 89 89 90 90 91 91 92 92 93 93 94 94 94 95 95 95 96 96 96 97 97 97 97 98 98 98 99 99
