tests/output/Data/bom_data/etaajan.txt
ncols         417
nrows         337
xllcorner     112.15
yllcorner     -43.8
cellsize      0.1
NODATA_value  -9999
[rows 270 to 323 of 337, columns 192 to 287 of 417]
58 58 58 59 59 59 59 59 60 60 60 60 61 61 61 61 62 62 62 63 63 63 63 64 64 64 65 65 65 66 66 66 67 67 68 68 68 69 69 69 70 70 70 71 71 71 72 72 72 73 73 74 74 74 74 75 75 75 75 75 76 76 76 76 76 76 76 76 76 76 76 76 76 76 75 75 74 73 73 72 71 70 70 72 77 77 76 75 73 71 68 64 61 59 59 65
59 59 60 60 60 60 60 60 61 61 61 61 62 62 62 62 63 63 63 64 64 64 65 65 65 66 66 66 67 67 67 68 68 68 69 69 69 70 70 70 71 71 72 72 72 73 73 73 74 74 74 75 75 75 76 76 76 76 77 77 77 77 77 77 77 77 77 78 78 78 77 77 77 77 77 77 76 76 75 74 74 73 72 73 77 80 79 78 77 73 69 66 65 65 68 75
60 60 61 61 61 61 61 62 62 62 62 63 63 63 63 64 64 64 64 65 65 65 66 66 66 67 67 67 68 68 68 69 69 69 70 70 71 71 71 72 72 72 73 73 73 74 74 75 75 75 76 76 76 77 77 77 78 78 78 78 78 78 79 79 79 79 79 79 79 79 79 79 79 79 79 79 79 78 78 77 76 76 75 74 76 79 81 80 77 73 69 67 68 70 75 77
61 61 62 62 62 62 62 63 63 63 63 64 64 64 64 65 65 65 66 66 66 66 67 67 67 68 68 68 69 69 69 70 70 71 71 71 72 72 72 73 73 74 74 74 75 75 75 76 76 77 77 77 78 78 78 78 79 79 79 79 80 80 80 80 80 80 80 81 81 81 81 81 81 81 81 81 81 81 80 79 79 78 77 76 76 78 79 80 77 73 70 69 69 72 74 76
62 63 63 63 63 63 64 64 64 64 64 65 65 65 65 66 66 66 67 67 67 68 68 68 68 69 69 70 70 70 71 71 71 72 72 72 73 73 74 74 74 75 75 75 76 76 77 77 77 78 78 78 79 79 79 80 80 80 80 81 81 81 81 81 82 82 82 82 82 82 82 82 82 82 82 82 83 83 82 82 81 81 80 79 78 77 78 78 77 74 70 71 71 72 74 75
63 64 64 64 64 64 65 65 65 65 65 66 66 66 67 67 67 67 68 68 68 69 69 69 70 70 70 71 71 71 72 72 72 73 73 74 74 74 75 75 75 76 76 77 77 77 78 78 78 79 79 80 80 80 81 81 81 81 82 82 82 82 83 83 83 83 83 83 84 84 84 84 84 84 84 84 84 84 84 84 84 83 82 82 81 80 79 79 77 77 75 74 74 74 73 76
65 65 65 65 65 65 66 66 66 66 67 67 67 67 68 68 68 68 69 69 69 70 70 70 71 71 71 72 72 72 73 73 73 74 74 75 75 75 76 76 77 77 77 78 78 78 79 79 80 80 80 81 81 81 82 82 82 83 83 83 83 84 84 84 84 84 85 85 85 85 85 85 85 86 86 86 86 86 86 86 86 85 85 84 83 82 81 81 80 79 79 79 78 78 77 78
66 66 66 66 66 66 67 67 67 67 68 68 68 68 69 69 69 69 70 70 70 71 71 71 72 72 72 73 73 73 74 74 75 75 75 76 76 76 77 77 78 78 78 79 79 80 80 80 81 81 81 82 82 83 83 83 83 84 84 84 85 85 85 85 86 86 86 86 86 86 87 87 87 87 87 87 87 87 87 87 87 87 87 87 86 85 84 83 83 82 82 84 84 84 83 83
67 67 67 67 67 68 68 68 68 68 69 69 69 69 70 70 70 71 71 71 71 72 72 72 73 73 73 74 74 75 75 75 76 76 76 77 77 78 78 78 79 79 79 80 80 81 81 81 82 82 83 83 83 84 84 84 85 85 85 86 86 86 86 87 87 87 87 87 88 88 88 88 88 88 89 89 89 89 89 89 89 89 89 89 88 88 87 86 85 85 86 87 88 88 87 86
68 68 68 68 68 69 69 69 69 69 70 70 70 70 71 71 71 72 72 72 73 73 73 73 74 74 75 75 75 76 76 76 77 77 77 78 78 79 79 79 80 80 81 81 81 82 82 83 83 83 84 84 84 85 85 85 86 86 86 87 87 87 87 88 88 88 88 89 89 89 89 89 90 90 90 90 90 90 91 91 91 91 91 90 90 90 90 89 88 87 87 87 90 92 91 91
69 69 69 69 69 70 70 70 70 70 71 71 71 71 72 72 72 73 73 73 74 74 74 75 75 75 76 76 76 77 77 77 78 78 78 79 79 80 80 80 81 81 82 82 82 83 83 84 84 84 85 85 85 86 86 86 87 87 87 88 88 88 89 89 89 89 90 90 90 90 91 91 91 91 91 92 92 92 92 92 92 92 92 92 92 92 92 92 91 90 90 89 90 91 93 94
70 70 70 70 70 71 71 71 71 72 72 72 72 73 73 73 73 74 74 74 75 75 75 76 76 76 77 77 77 78 78 78 79 79 79 80 80 81 81 81 82 82 83 83 83 84 84 85 85 85 86 86 86 87 87 88 88 88 89 89 89 89 90 90 90 91 91 91 91 92 92 92 92 93 93 93 93 93 93 94 94 94 94 94 94 94 94 94 94 93 93 93 93 94 96 97
71 71 71 71 71 72 72 72 72 73 73 73 73 74 74 74 74 75 75 75 76 76 76 77 77 77 78 78 78 79 79 79 80 80 81 81 81 82 82 82 83 83 84 84 84 85 85 86 86 86 87 87 88 88 88 89 89 89 90 90 90 91 91 91 91 92 92 92 93 93 93 93 94 94 94 94 94 95 95 95 95 95 95 96 96 96 96 96 97 97 96 96 97 98 98 99
72 72 72 72 72 73 73 73 73 74 74 74 74 75 75 75 75 76 76 76 77 77 77 78 78 78 79 79 79 80 80 80 81 81 82 82 82 83 83 83 84 84 85 85 85 86 86 87 87 87 88 88 89 89 89 90 90 90 91 91 91 92 92 92 93 93 93 93 94 94 94 95 95 95 95 96 96 96 96 96 97 97 97 97 97 98 98 98 99 99 100 100 100 101 101 101
73 73 73 73 73 74 74 74 74 75 75 75 75 76 76 76 76 77 77 77 78 78 78 79 79 79 80 80 80 81 81 81 82 82 83 83 83 84 84 84 85 85 86 86 86 87 87 88 88 88 89 89 90 90 90 91 91 91 92 92 92 93 93 93 94 94 94 95 95 95 95 96 96 96 97 97 97 97 98 98 98 98 98 99 99 99 100 100 100 101 101 102 102 102 102 102
74 74 74 74 74 75 75 75 75 76 76 76 76 77 77 77 77 78 78 78 79 79 79 80 80 80 81 81 81 82 82 82 83 83 83 84 84 85 85 85 86 86 87 87 87 88 88 89 89 89 90 90 91 91 91 92 92 92 93 93 93 94 94 94 95 95 95 96 96 96 97 97 97 97 98 98 98 99 99 99 99 100 100 100 100 101 101 101 102 102 103 103 103 104 104 104
75 75 75 75 75 76 76 76 76 77 77 77 77 78 78 78 78 79 79 79 80 80 80 81 81 81 82 82 82 83 83 83 84 84 84 85 85 86 86 86 87 87 88 88 88 89 89 90 90 90 91 91 92 92 92 93 93 93 94 94 94 95 95 95 96 96 96 97 97 97 98 98 98 99 99 99 99 100 100 100 101 101 101 101 102 102 102 103 103 104 104 104 105 105 105 105
76 76 76 76 76 77 77 77 77 77 78 78 78 78 79 79 79 80 80 80 81 81 81 81 82 82 82 83 83 84 84 84 85 85 85 86 86 87 87 87 88 88 89 89 89 90 90 91 91 91 92 92 92 93 93 94 94 94 95 95 95 96 96 96 97 97 97 98 98 98 99 99 99 100 100 100 101 101 101 101 102 102 102 103 103 103 104 104 104 105 105 105 106 106 106 106
77 77 77 77 77 78 78 78 78 78 79 79 79 79 80 80 80 81 81 81 81 82 82 82 83 83 83 84 84 84 85 85 86 86 86 87 87 87 88 88 89 89 89 90 90 91 91 91 92 92 93 93 93 94 94 95 95 95 96 96 96 97 97 97 98 98 98 99 99 99 100 100 100 101 101 101 102 102 102 103 103 103 104 104 104 105 105 105 106 106 106 107 107 107 107 107
78 78 78 78 78 79 79 79 79 79 80 80 80 80 81 81 81 82 82 82 82 83 83 83 84 84 84 85 85 85 86 86 87 87 87 88 88 88 89 89 90 90 90 91 91 92 92 92 93 93 94 94 94 95 95 95 96 96 97 97 97 98 98 98 99 99 99 100 100 100 101 101 101 102 102 102 103 103 103 104 104 104 105 105 105 106 106 106 107 107 107 108 108 108 108 108
79 79 79 79 79 79 80 80 80 80 81 81 81 81 82 82 82 82 83 83 83 84 84 84 85 85 85 86 86 86 87 87 87 88 88 89 89 89 90 90 91 91 91 92 92 92 93 93 94 94 94 95 95 96 96 96 97 97 98 98 98 99 99 99 100 100 100 101 101 101 102 102 102 103 103 103 104 104 104 105 105 105 106 106 106 107 107 107 108 108 108 109 109 109 109 109
80 80 80 80 80 80 81 81 81 81 82 82 82 82 83 83 83 83 84 84 84 85 85 85 86 86 86 87 87 87 88 88 88 89 89 89 90 90 91 91 91 92 92 93 93 93 94 94 95 95 95 96 96 97 97 97 98 98 98 99 99 100 100 100 101 101 101 102 102 102 103 103 103 104 104 104 105 105 105 106 106 106 107 107 107 108 108 108 109 109 109 110 110 110 110 110
80 81 81 81 81 81 82 82 82 82 82 83 83 83 83 84 84 84 85 85 85 86 86 86 86 87 87 87 88 88 89 89 89 90 90 90 91 91 92 92 92 93 93 93 94 94 95 95 95 96 96 97 97 97 98 98 99 99 99 100 100 100 101 101 102 102 102 103 103 103 104 104 104 105 105 105 106 106 106 107 107 107 108 108 108 109 109 109 110 110 110 110 111 111 111 111
81 82 82 82 82 82 83 83 83 83 83 84 84 84 84 85 85 85 86 86 86 86 87 87 87 88 88 88 89 89 89 90 90 91 91 91 92 92 92 93 93 94 94 94 95 95 96 96 96 97 97 97 98 98 99 99 99 100 100 101 101 101 102 102 102 103 103 104 104 104 105 105 105 106 106 106 107 107 107 108 108 108 109 109 109 110 110 110 111 111 111 111 111 112 112 112
82 82 83 83 83 83 83 84 84 84 84 85 85 85 85 86 86 86 86 87 87 87 88 88 88 89 89 89 90 90 90 91 91 91 92 92 93 93 93 94 94 94 95 95 96 96 96 97 97 98 98 98 99 99 100 100 100 101 101 101 102 102 103 103 103 104 104 104 105 105 105 106 106 107 107 107 108 108 108 109 109 109 110 110 110 111 111 111 111 112 112 112 112 112 113 113
83 83 84 84 84 84 84 85 85 85 85 85 86 86 86 86 87 87 87 88 88 88 89 89 89 89 90 90 90 91 91 92 92 92 93 93 93 94 94 95 95 95 96 96 96 97 97 98 98 98 99 99 100 100 100 101 101 102 102 102 103 103 103 104 104 105 105 105 106 106 106 107 107 107 108 108 108 109 109 109 110 110 110 111 111 111 112 112 112 112 113 113 113 113 113 113
84 84 85 85 85 85 85 85 86 86 86 86 87 87 87 87 88 88 88 89 89 89 89 90 90 90 91 91 91 92 92 92 93 93 93 94 94 95 95 95 96 96 96 97 97 98 98 98 99 99 100 100 100 101 101 102 102 102 103 103 103 104 104 105 105 105 106 106 106 107 107 108 108 108 109 109 109 110 110 110 111 111 111 112 112 112 112 113 113 113 113 114 114 114 114 114
85 85 85 86 86 86 86 86 87 87 87 87 88 88 88 88 89 89 89 89 90 90 90 91 91 91 92 92 92 93 93 93 94 94 94 95 95 95 96 96 97 97 97 98 98 98 99 99 100 100 100 101 101 102 102 102 103 103 104 104 104 105 105 105 106 106 107 107 107 108 108 108 109 109 109 110 110 110 111 111 111 112 112 112 113 113 113 114 114 114 114 114 115 115 115 115
86 86 86 86 87 87 87 87 87 88 88 88 88 89 89 89 89 90 90 90 91 91 91 91 92 92 92 93 93 93 94 94 94 95 95 96 96 96 97 97 97 98 98 99 99 99 100 100 100 101 101 102 102 102 103 103 104 104 104 105 105 105 106 106 107 107 107 108 108 108 109 109 109 110 110 111 111 111 112 112 112 113 113 113 113 114 114 114 114 115 115 115 115 115 115 116
87 87 87 87 88 88 88 88 88 89 89 89 89 90 90 90 90 91 91 91 91 92 92 92 93 93 93 94 94 94 95 95 95 96 96 96 97 97 97 98 98 99 99 99 100 100 100 101 101 102 102 102 103 103 104 104 104 105 105 105 106 106 107 107 107 108 108 108 109 109 110 110 110 111 111 111 112 112 112 113 113 113 114 114 114 114 115 115 115 115 116 116 116 116 116 116
88 88 88 88 88 89 89 89 89 89 90 90 90 90 91 91 91 91 92 92 92 93 93 93 93 94 94 94 95 95 95 96 96 96 97 97 98 98 98 99 99 99 100 100 100 101 101 102 102 102 103 103 104 104 104 105 105 105 106 106 107 107 107 108 108 108 109 109 110 110 110 111 111 111 112 112 112 113 113 113 114 114 114 115 115 115 115 116 116 116 116 116 117 117 117 117
89 89 89 89 89 89 90 90 90 90 91 91 91 91 91 92 92 92 93 93 93 93 94 94 94 95 95 95 96 96 96 97 97 97 98 98 98 99 99 99 100 100 101 101 101 102 102 102 103 103 104 104 104 105 105 105 106 106 107 107 107 108 108 108 109 109 110 110 110 111 111 111 112 112 112 113 113 113 114 114 114 115 115 115 116 116 116 116 116 117 117 117 117 117 117 117
89 90 90 90 90 90 91 91 91 91 91 92 92 92 92 93 93 93 93 94 94 94 95 95 95 95 96 96 96 97 97 97 98 98 98 99 99 99 100 100 101 101 101 102 102 102 103 103 104 104 104 105 105 105 106 106 107 107 107 108 108 108 109 109 110 110 110 111 111 111 112 112 112 113 113 113 114 114 114 115 115 115 116 116 116 116 117 117 117 117 117 118 118 118 118 118
90 91 91 91 91 91 91 92 92 92 92 92 93 93 93 93 94 94 94 94 95 95 95 96 96 96 97 97 97 97 98 98 98 99 99 100 100 100 101 101 101 102 102 102 103 103 104 104 104 105 105 105 106 106 107 107 107 108 108 108 109 109 110 110 110 111 111 111 112 112 112 113 113 113 114 114 114 115 115 115 116 116 116 117 117 117 117 118 118 118 118 118 118 118 119 119
91 91 92 92 92 92 92 92 93 93 93 93 94 94 94 94 94 95 95 95 96 96 96 96 97 97 97 98 98 98 99 99 99 100 100 100 101 101 101 102 102 102 103 103 104 104 104 105 105 105 106 106 107 107 107 108 108 108 109 109 109 110 110 111 111 111 112 112 112 113 113 113 114 114 114 115 115 115 116 116 116 117 117 117 117 118 118 118 118 118 119 119 119 119 119 119
92 92 92 93 93 93 93 93 93 94 94 94 94 95 95 95 95 96 96 96 96 97 97 97 98 98 98 98 99 99 99 100 100 100 101 101 101 102 102 102 103 103 104 104 104 105 105 105 106 106 106 107 107 108 108 108 109 109 109 110 110 111 111 111 112 112 112 113 113 113 114 114 114 115 115 115 116 116 116 117 117 117 117 118 118 118 118 119 119 119 119 119 120 120 120 120
93 93 93 93 94 94 94 94 94 94 95 95 95 95 96 96 96 96 97 97 97 97 98 98 98 99 99 99 100 100 100 100 101 101 101 102 102 103 103 103 104 104 104 105 105 105 106 106 106 107 107 108 108 108 109 109 109 110 110 110 111 111 112 112 112 113 113 113 114 114 114 115 115 115 116 116 116 117 117 117 118 118 118 118 119 119 119 119 119 120 120 120 120 120 120 120
94 94 94 94 94 95 95 95 95 95 96 96 96 96 96 97 97 97 97 98 98 98 98 99 99 99 100 100 100 101 101 101 102 102 102 103 103 103 104 104 104 105 105 105 106 106 106 107 107 108 108 108 109 109 109 110 110 110 111 111 112 112 112 113 113 113 114 114 114 115 115 115 116 116 116 117 117 117 118 118 118 118 119 119 119 119 120 120 120 120 120 120 121 121 121 121
95 95 95 95 95 95 96 96 96 96 96 97 97 97 97 97 98 98 98 98 99 99 99 100 100 100 100 101 101 101 102 102 102 103 103 103 104 104 104 105 105 105 106 106 106 107 107 107 108 108 109 109 109 110 110 110 111 111 111 112 112 113 113 113 114 114 114 115 115 115 116 116 116 117 117 117 118 118 118 118 119 119 119 119 120 120 120 120 121 121 121 121 121 121 121 121
95 95 96 96 96 96 96 97 97 97 97 97 98 98 98 98 98 99 99 99 99 100 100 100 101 101 101 101 102 102 102 103 103 103 104 104 104 105 105 105 106 106 106 107 107 107 108 108 109 109 109 110 110 110 111 111 111 112 112 112 113 113 113 114 114 115 115 115 116 116 116 117 117 117 117 118 118 118 119 119 119 119 120 120 120 120 121 121 121 121 121 121 122 122 122 122
96 96 96 97 97 97 97 97 97 98 98 98 98 99 99 99 99 99 100 100 100 101 101 101 101 102 102 102 103 103 103 103 104 104 104 105 105 105 106 106 106 107 107 107 108 108 108 109 109 110 110 110 111 111 111 112 112 112 113 113 113 114 114 114 115 115 115 116 116 116 117 117 117 118 118 118 119 119 119 119 120 120 120 121 121 121 121 121 122 122 122 122 122 122 122 122
97 97 97 97 98 98 98 98 98 98 99 99 99 99 100 100 100 100 100 101 101 101 102 102 102 102 103 103 103 104 104 104 104 105 105 105 106 106 106 107 107 107 108 108 108 109 109 109 110 110 111 111 111 112 112 112 113 113 113 114 114 114 115 115 115 116 116 116 117 117 117 118 118 118 119 119 119 119 120 120 120 121 121 121 121 121 122 122 122 122 122 122 123 123 123 123
98 98 98 98 98 99 99 99 99 99 99 100 100 100 100 101 101 101 101 102 102 102 102 103 103 103 103 104 104 104 105 105 105 106 106 106 106 107 107 107 108 108 108 109 109 109 110 110 110 111 111 112 112 112 113 113 113 114 114 114 115 115 115 116 116 116 117 117 117 118 118 118 119 119 119 119 120 120 120 121 121 121 121 122 122 122 122 122 123 123 123 123 123 123 123 123
99 99 99 99 99 99 99 100 100 100 100 100 101 101 101 101 102 102 102 102 102 103 103 103 104 104 104 104 105 105 105 106 106 106 107 107 107 107 108 108 108 109 109 109 110 110 110 111 111 111 112 112 112 113 113 114 114 114 115 115 115 116 116 116 117 117 117 118 118 118 118 119 119 119 120 120 120 121 121 121 121 122 122 122 122 122 123 123 123 123 123 123 124 124 124 124
99 99 100 100 100 100 100 100 101 101 101 101 101 102 102 102 102 102 103 103 103 103 104 104 104 105 105 105 105 106 106 106 107 107 107 108 108 108 108 109 109 109 110 110 110 111 111 111 112 112 112 113 113 113 114 114 114 115 115 115 116 116 116 117 117 117 118 118 118 119 119 119 120 120 120 120 121 121 121 122 122 122 122 122 123 123 123 123 123 124 124 124 124 124 124 124
100 100 100 100 101 101 101 101 101 102 102 102 102 102 103 103 103 103 103 104 104 104 104 105 105 105 106 106 106 106 107 107 107 108 108 108 108 109 109 109 110 110 110 111 111 111 112 112 112 113 113 113 114 114 114 115 115 115 116 116 116 117 117 117 118 118 118 119 119 119 120 120 120 120 121 121 121 122 122 122 122 123 123 123 123 123 124 124 124 124 124 124 124 125 125 125
101 101 101 101 101 102 102 102 102 102 102 103 103 103 103 103 104 104 104 104 105 105 105 105 106 106 106 106 107 107 107 108 108 108 109 109 109 109 110 110 110 111 111 111 112 112 112 113 113 113 114 114 114 115 115 115 116 116 116 117 117 117 118 118 118 119 119 119 119 120 120 120 121 121 121 121 122 122 122 123 123 123 123 123 124 124 124 124 124 124 125 125 125 125 125 125
102 102 102 102 102 102 102 103 103 103 103 103 104 104 104 104 104 105 105 105 105 106 106 106 106 107 107 107 107 108 108 108 109 109 109 109 110 110 110 111 111 111 112 112 112 113 113 113 114 114 114 115 115 115 116 116 116 117 117 117 117 118 118 118 119 119 119 120 120 120 121 121 121 121 122 122 122 122 123 123 123 123 124 124 124 124 124 125 125 125 125 125 125 125 125 126
102 102 103 103 103 103 103 103 104 104 104 104 104 104 105 105 105 105 106 106 106 106 107 107 107 107 108 108 108 108 109 109 109 110 110 110 110 111 111 111 112 112 112 113 113 113 114 114 114 115 115 115 115 116 116 116 117 117 117 118 118 118 119 119 119 120 120 120 120 121 121 121 122 122 122 122 123 123 123 123 124 124 124 124 124 125 125 125 125 125 125 126 126 126 126 126
103 103 103 103 104 104 104 104 104 104 105 105 105 105 105 106 106 106 106 107 107 107 107 107 108 108 108 109 109 109 109 110 110 110 110 111 111 111 112 112 112 113 113 113 114 114 114 114 115 115 115 116 116 116 117 117 117 118 118 118 119 119 119 119 120 120 120 121 121 121 122 122 122 122 123 123 123 123 124 124 124 124 125 125 125 125 125 125 126 126 126 126 126 126 126 126
104 104 104 104 104 104 105 105 105 105 105 106 106 106 106 106 107 107 107 107 107 108 108 108 108 109 109 109 109 110 110 110 111 111 111 111 112 112 112 113 113 113 114 114 114 114 115 115 115 116 116 116 117 117 117 118 118 118 118 119 119 119 120 120 120 121 121 121 121 122 122 122 123 123 123 123 124 124 124 124 125 125 125 125 125 126 126 126 126 126 126 126 127 127 127 127
105 105 105 105 105 105 105 106 106 106 106 106 106 107 107 107 107 107 108 108 108 108 109 109 109 109 110 110 110 110 111 111 111 111 112 112 112 113 113 113 113 114 114 114 115 115 115 116 116 116 117 117 117 117 118 118 118 119 119 119 120 120 120 121 121 121 121 122 122 122 122 123 123 123 124 124 124 124 125 125 125 125 125 126 126 126 126 126 126 127 127 127 127 127 127 127
105 105 105 106 106 106 106 106 106 107 107 107 107 107 107 108 108 108 108 109 109 109 109 109 110 110 110 110 111 111 111 112 112 112 112 113 113 113 114 114 114 114 115 115 115 116 116 116 116 117 117 117 118 118 118 119 119 119 120 120 120 120 121 121 121 122 122 122 122 123 123 123 123 124 124 124 124 125 125 125 125 126 126 126 126 126 126 127 127 127 127 127 127 127 127 128
106 106 106 106 106 107 107 107 107 107 107 108 108 108 108 108 109 109 109 109 109 110 110 110 110 111 111 111 111 112 112 112 112 113 113 113 114 114 114 114 115 115 115 116 116 116 116 117 117 117 118 118 118 119 119 119 119 120 120 120 121 121 121 121 122 122 122 123 123 123 123 124 124 124 124 125 125 125 125 126 126 126 126 126 127 127 127 127 127 127 127 128 128 128 128 128
