tests/output/Data/bom_data/etaajan.txt
ncols         417
nrows         337
xllcorner     112.15
yllcorner     -43.8
cellsize      0.1
NODATA_value  -9999
[rows 270 to 323 of 337, columns 96 to 191 of 417]
87 86 85 84 83 82 81 80 80 79 78 77 77 76 75 74 74 73 72 72 71 71 70 70 69 68 68 67 67 67 66 66 65 65 64 64 64 63 63 63 62 62 62 61 61 61 61 60 60 60 60 59 59 59 59 59 58 58 58 58 58 58 58 57 57 57 57 57 57 57 57 57 57 57 57 57 57 57 57 57 57 57 57 57 57 57 57 57 57 57 57 57 58 58 58 58
88 87 86 85 84 83 82 82 81 80 79 78 78 77 76 76 75 74 74 73 72 72 71 71 70 70 69 69 68 68 67 67 66 66 66 65 65 64 64 64 63 63 63 62 62 62 62 61 61 61 61 60 60 60 60 60 59 59 59 59 59 59 59 58 58 58 58 58 58 58 58 58 58 58 58 58 58 58 58 58 58 58 58 58 58 58 58 58 58 58 58 58 59 59 59 59
89 88 87 86 85 85 84 83 82 81 80 80 79 78 77 77 76 75 75 74 74 73 72 72 71 71 70 70 69 69 68 68 68 67 67 66 66 66 65 65 65 64 64 64 63 63 63 62 62 62 62 62 61 61 61 61 61 60 60 60 60 60 60 60 59 59 59 59 59 59 59 59 59 59 59 59 59 59 59 59 59 59 59 59 59 59 59 59 59 59 59 60 60 60 60 60
90 89 88 87 87 86 85 84 83 82 82 81 80 79 79 78 77 77 76 75 75 74 74 73 72 72 71 71 70 70 70 69 69 68 68 67 67 67 66 66 66 65 65 65 64 64 64 64 63 63 63 63 62 62 62 62 62 61 61 61 61 61 61 61 60 60 60 60 60 60 60 60 60 60 60 60 60 60 60 60 60 60 60 60 60 60 60 60 60 60 61 61 61 61 61 61
91 90 90 89 88 87 86 85 84 84 83 82 81 81 80 79 78 78 77 77 76 75 75 74 74 73 73 72 72 71 71 70 70 69 69 69 68 68 67 67 67 66 66 66 65 65 65 65 64 64 64 64 63 63 63 63 63 62 62 62 62 62 62 62 62 61 61 61 61 61 61 61 61 61 61 61 61 61 61 61 61 61 61 61 61 61 61 61 61 61 62 62 62 62 62 62
93 92 91 90 89 88 87 86 85 85 84 83 82 82 81 80 80 79 78 78 77 76 76 75 75 74 74 73 73 72 72 71 71 70 70 70 69 69 68 68 68 67 67 67 67 66 66 66 65 65 65 65 64 64 64 64 64 64 63 63 63 63 63 63 63 62 62 62 62 62 62 62 62 62 62 62 62 62 62 62 62 62 62 62 62 62 62 62 62 63 63 63 63 63 63 63
94 93 92 91 90 89 88 87 87 86 85 84 84 83 82 81 81 80 79 79 78 78 77 76 76 75 75 74 74 73 73 72 72 72 71 71 70 70 70 69 69 69 68 68 68 67 67 67 66 66 66 66 66 65 65 65 65 65 64 64 64 64 64 64 64 64 63 63 63 63 63 63 63 63 63 63 63 63 63 63 63 63 63 63 63 63 63 63 63 64 64 64 64 64 64 64
95 94 93 92 91 90 89 88 88 87 86 85 85 84 83 82 82 81 80 80 79 79 78 78 77 76 76 75 75 74 74 73 73 73 72 72 71 71 71 70 70 70 69 69 69 68 68 68 68 67 67 67 67 66 66 66 66 66 65 65 65 65 65 65 65 65 64 64 64 64 64 64 64 64 64 64 64 64 64 64 64 64 64 64 64 64 64 64 65 65 65 65 65 65 65 65
96 95 94 93 92 91 90 90 89 88 87 86 86 85 84 84 83 82 82 81 80 80 79 79 78 78 77 76 76 75 75 75 74 74 73 73 72 72 72 71 71 71 70 70 70 69 69 69 69 68 68 68 68 67 67 67 67 67 66 66 66 66 66 66 66 66 65 65 65 65 65 65 65 65 65 65 65 65 65 65 65 65 65 65 65 65 65 65 66 66 66 66 66 66 66 66
97 96 95 94 93 92 91 91 90 89 88 87 87 86 85 85 84 83 83 82 81 81 80 80 79 79 78 78 77 77 76 76 75 75 74 74 74 73 73 72 72 72 71 71 71 70 70 70 70 69 69 69 69 68 68 68 68 68 68 67 67 67 67 67 67 67 67 66 66 66 66 66 66 66 66 66 66 66 66 66 66 66 66 66 66 66 66 66 67 67 67 67 67 67 67 67
98 97 96 95 94 93 92 92 91 90 89 89 88 87 86 86 85 84 84 83 82 82 81 81 80 80 79 79 78 78 77 77 76 76 75 75 75 74 74 73 73 73 72 72 72 72 71 71 71 70 70 70 70 70 69 69 69 69 69 68 68 68 68 68 68 68 68 67 67 67 67 67 67 67 67 67 67 67 67 67 67 67 67 67 67 67 67 68 68 68 68 68 68 68 68 68
99 98 97 96 95 94 93 93 92 91 90 90 89 88 87 87 86 85 85 84 84 83 82 82 81 81 80 80 79 79 78 78 77 77 76 76 76 75 75 74 74 74 73 73 73 73 72 72 72 71 71 71 71 71 70 70 70 70 70 69 69 69 69 69 69 69 69 68 68 68 68 68 68 68 68 68 68 68 68 68 68 68 68 68 68 68 68 69 69 69 69 69 69 69 69 70
100 99 98 97 96 95 94 94 93 92 91 91 90 89 88 88 87 86 86 85 85 84 83 83 82 82 81 81 80 80 79 79 78 78 77 77 77 76 76 76 75 75 75 74 74 74 73 73 73 72 72 72 72 72 71 71 71 71 71 70 70 70 70 70 70 70 70 69 69 69 69 69 69 69 69 69 69 69 69 69 69 69 69 69 69 69 69 70 70 70 70 70 70 70 70 71
100 100 99 98 97 96 95 95 94 93 92 92 91 90 89 89 88 87 87 86 86 85 84 84 83 83 82 82 81 81 80 80 79 79 78 78 78 77 77 77 76 76 76 75 75 75 74 74 74 73 73 73 73 73 72 72 72 72 72 71 71 71 71 71 71 71 71 70 70 70 70 70 70 70 70 70 70 70 70 70 70 70 70 70 70 70 70 71 71 71 71 71 71 71 71 72
101 100 100 99 98 97 96 96 95 94 93 93 92 91 90 90 89 88 88 87 87 86 85 85 84 84 83 83 82 82 81 81 80 80 80 79 79 78 78 78 77 77 77 76 76 76 75 75 75 75 74 74 74 74 73 73 73 73 73 72 72 72 72 72 72 72 72 71 71 71 71 71 71 71 71 71 71 71 71 71 71 71 71 71 71 71 71 72 72 72 72 72 72 72 72 73
102 101 101 100 99 98 97 96 96 95 94 93 93 92 91 91 90 89 89 88 88 87 86 86 85 85 84 84 83 83 82 82 81 81 81 80 80 79 79 79 78 78 78 77 77 77 76 76 76 76 75 75 75 75 74 74 74 74 74 73 73 73 73 73 73 73 73 72 72 72 72 72 72 72 72 72 72 72 72 72 72 72 72 72 72 72 72 73 73 73 73 73 73 73 73 74
103 102 101 101 100 99 98 97 97 96 95 94 94 93 92 92 91 90 90 89 89 88 87 87 86 86 85 85 84 84 83 83 82 82 82 81 81 80 80 80 79 79 79 78 78 78 77 77 77 77 76 76 76 76 75 75 75 75 75 74 74 74 74 74 74 74 74 73 73 73 73 73 73 73 73 73 73 73 73 73 73 73 73 73 73 73 73 74 74 74 74 74 74 74 74 75
104 103 102 101 101 100 99 98 98 97 96 95 95 94 93 93 92 91 91 90 90 89 88 88 87 87 86 86 85 85 84 84 83 83 83 82 82 81 81 81 80 80 80 79 79 79 78 78 78 77 77 77 77 77 76 76 76 76 76 75 75 75 75 75 75 75 75 74 74 74 74 74 74 74 74 74 74 74 74 74 74 74 74 74 74 74 74 75 75 75 75 75 75 75 75 76
105 104 103 102 101 101 100 99 98 98 97 96 96 95 94 94 93 92 92 91 90 90 89 89 88 88 87 87 86 86 85 85 84 84 83 83 83 82 82 82 81 81 81 80 80 80 79 79 79 78 78 78 78 78 77 77 77 77 77 76 76 76 76 76 76 76 76 75 75 75 75 75 75 75 75 75 75 75 75 75 75 75 75 75 75 75 75 75 76 76 76 76 76 76 76 76
105 105 104 103 102 102 101 100 99 99 98 97 96 96 95 94 94 93 93 92 91 91 90 90 89 89 88 88 87 87 86 86 85 85 84 84 84 83 83 83 82 82 81 81 81 81 80 80 80 79 79 79 79 79 78 78 78 78 78 77 77 77 77 77 77 77 76 76 76 76 76 76 76 76 76 76 76 76 76 76 76 76 76 76 76 76 76 76 77 77 77 77 77 77 77 77
106 105 105 104 103 102 102 101 100 99 99 98 97 97 96 95 95 94 94 93 92 92 91 91 90 90 89 89 88 88 87 87 86 86 85 85 85 84 84 83 83 83 82 82 82 82 81 81 81 80 80 80 80 79 79 79 79 79 79 78 78 78 78 78 78 78 77 77 77 77 77 77 77 77 77 77 77 77 77 77 77 77 77 77 77 77 77 77 78 78 78 78 78 78 78 78
107 106 105 105 104 103 102 102 101 100 100 99 98 98 97 96 96 95 94 94 93 93 92 92 91 91 90 90 89 89 88 88 87 87 86 86 86 85 85 84 84 84 83 83 83 82 82 82 82 81 81 81 81 80 80 80 80 80 79 79 79 79 79 79 79 79 78 78 78 78 78 78 78 78 78 78 78 78 78 78 78 78 78 78 78 78 78 78 78 79 79 79 79 79 79 79
108 107 106 105 105 104 103 103 102 101 100 100 99 98 98 97 97 96 95 95 94 94 93 92 92 91 91 90 90 89 89 89 88 88 87 87 86 86 86 85 85 85 84 84 84 83 83 83 83 82 82 82 82 81 81 81 81 81 80 80 80 80 80 80 80 79 79 79 79 79 79 79 79 79 79 79 79 79 79 79 79 79 79 79 79 79 79 79 79 80 80 80 80 80 80 80
108 108 107 106 105 105 104 103 103 102 101 101 100 99 99 98 97 97 96 96 95 94 94 93 93 92 92 91 91 90 90 89 89 89 88 88 87 87 87 86 86 86 85 85 85 84 84 84 84 83 83 83 83 82 82 82 82 82 81 81 81 81 81 81 81 80 80 80 80 80 80 80 80 80 80 80 80 80 80 80 80 80 80 80 80 80 80 80 80 80 81 81 81 81 81 81
109 108 108 107 106 106 105 104 103 103 102 101 101 100 99 99 98 98 97 96 96 95 95 94 94 93 93 92 92 91 91 90 90 90 89 89 88 88 88 87 87 87 86 86 86 85 85 85 84 84 84 84 83 83 83 83 83 82 82 82 82 82 82 82 81 81 81 81 81 81 81 81 81 81 81 81 81 81 81 81 81 81 81 81 81 81 81 81 81 81 82 82 82 82 82 82
110 109 108 108 107 106 106 105 104 103 103 102 102 101 100 100 99 98 98 97 97 96 96 95 95 94 94 93 93 92 92 91 91 90 90 90 89 89 88 88 88 87 87 87 87 86 86 86 85 85 85 85 84 84 84 84 84 83 83 83 83 83 83 83 82 82 82 82 82 82 82 82 82 82 82 82 82 82 82 82 82 82 82 82 82 82 82 82 82 82 82 83 83 83 83 83
111 110 109 108 108 107 106 106 105 104 104 103 102 102 101 100 100 99 99 98 98 97 97 96 95 95 94 94 94 93 93 92 92 91 91 91 90 90 89 89 89 88 88 88 87 87 87 87 86 86 86 86 85 85 85 85 85 84 84 84 84 84 84 83 83 83 83 83 83 83 83 83 83 83 83 83 83 83 83 83 83 83 83 83 83 83 83 83 83 83 83 83 84 84 84 84
111 111 110 109 108 108 107 106 106 105 104 104 103 102 102 101 101 100 100 99 98 98 97 97 96 96 95 95 94 94 93 93 93 92 92 91 91 91 90 90 90 89 89 89 88 88 88 87 87 87 87 86 86 86 86 86 85 85 85 85 85 85 84 84 84 84 84 84 84 84 84 84 84 84 84 84 84 84 84 84 84 84 84 84 84 84 84 84 84 84 84 84 85 85 85 85
112 111 110 110 109 108 108 107 106 106 105 105 104 103 103 102 101 101 100 100 99 99 98 98 97 97 96 96 95 95 94 94 94 93 93 92 92 92 91 91 90 90 90 90 89 89 89 88 88 88 88 87 87 87 87 87 86 86 86 86 86 86 85 85 85 85 85 85 85 85 85 85 85 85 84 84 84 84 84 84 84 85 85 85 85 85 85 85 85 85 85 85 85 86 86 86
113 112 111 110 110 109 108 108 107 107 106 105 105 104 103 103 102 102 101 101 100 100 99 99 98 98 97 97 96 96 95 95 94 94 94 93 93 92 92 92 91 91 91 90 90 90 90 89 89 89 88 88 88 88 88 87 87 87 87 87 87 86 86 86 86 86 86 86 86 86 86 85 85 85 85 85 85 85 85 85 85 85 85 86 86 86 86 86 86 86 86 86 86 86 87 87
113 112 112 111 110 110 109 109 108 107 107 106 105 105 104 104 103 102 102 101 101 100 100 99 99 98 98 97 97 96 96 96 95 95 94 94 94 93 93 93 92 92 92 91 91 91 90 90 90 90 89 89 89 89 89 88 88 88 88 88 87 87 87 87 87 87 87 87 87 87 86 86 86 86 86 86 86 86 86 86 86 86 86 86 86 87 87 87 87 87 87 87 87 87 87 88
114 113 112 112 111 110 110 109 109 108 107 107 106 106 105 104 104 103 103 102 102 101 101 100 100 99 99 98 98 97 97 96 96 96 95 95 94 94 94 93 93 93 92 92 92 92 91 91 91 91 90 90 90 90 89 89 89 89 89 89 88 88 88 88 88 88 88 88 87 87 87 87 87 87 87 87 87 87 87 87 87 87 87 87 87 87 87 88 88 88 88 88 88 88 88 88
114 114 113 112 112 111 111 110 109 109 108 107 107 106 106 105 105 104 103 103 102 102 101 101 100 100 99 99 99 98 98 97 97 96 96 96 95 95 95 94 94 94 93 93 93 92 92 92 92 91 91 91 91 90 90 90 90 90 90 89 89 89 89 89 89 89 89 88 88 88 88 88 88 88 88 88 88 88 88 88 88 88 88 88 88 88 88 88 89 89 89 89 89 89 89 89
115 114 114 113 112 112 111 111 110 109 109 108 108 107 106 106 105 105 104 104 103 103 102 102 101 101 100 100 99 99 99 98 98 97 97 97 96 96 95 95 95 94 94 94 94 93 93 93 92 92 92 92 92 91 91 91 91 91 90 90 90 90 90 90 90 89 89 89 89 89 89 89 89 89 89 89 89 89 89 89 89 89 89 89 89 89 89 89 89 89 90 90 90 90 90 90
116 115 114 114 113 112 112 111 111 110 109 109 108 108 107 107 106 105 105 104 104 103 103 102 102 102 101 101 100 100 99 99 99 98 98 97 97 97 96 96 96 95 95 95 94 94 94 94 93 93 93 93 92 92 92 92 92 91 91 91 91 91 91 91 90 90 90 90 90 90 90 90 90 90 90 90 90 90 90 90 90 90 90 90 90 90 90 90 90 90 90 91 91 91 91 91
116 116 115 114 114 113 112 112 111 111 110 110 109 108 108 107 107 106 106 105 105 104 104 103 103 102 102 101 101 101 100 100 99 99 99 98 98 97 97 97 96 96 96 96 95 95 95 94 94 94 94 93 93 93 93 93 92 92 92 92 92 92 92 91 91 91 91 91 91 91 91 91 91 91 91 91 91 91 91 91 91 91 91 91 91 91 91 91 91 91 91 91 92 92 92 92
117 116 115 115 114 114 113 112 112 111 111 110 110 109 109 108 107 107 106 106 105 105 104 104 104 103 103 102 102 101 101 100 100 100 99 99 99 98 98 98 97 97 97 96 96 96 96 95 95 95 95 94 94 94 94 93 93 93 93 93 93 93 92 92 92 92 92 92 92 92 92 92 92 92 92 91 91 91 91 91 92 92 92 92 92 92 92 92 92 92 92 92 92 92 93 93
117 117 116 115 115 114 114 113 113 112 111 111 110 110 109 109 108 108 107 107 106 106 105 105 104 104 103 103 102 102 102 101 101 100 100 100 99 99 99 98 98 98 97 97 97 97 96 96 96 96 95 95 95 95 95 94 94 94 94 94 94 93 93 93 93 93 93 93 93 93 93 92 92 92 92 92 92 92 92 92 92 92 92 92 93 93 93 93 93 93 93 93 93 93 93 94
118 117 117 116 115 115 114 114 113 113 112 111 111 110 110 109 109 108 108 107 107 106 106 105 105 105 104 104 103 103 102 102 102 101 101 101 100 100 100 99 99 99 98 98 98 97 97 97 97 96 96 96 96 96 95 95 95 95 95 94 94 94 94 94 94 94 94 94 93 93 93 93 93 93 93 93 93 93 93 93 93 93 93 93 93 93 93 94 94 94 94 94 94 94 94 94
118 118 117 117 116 115 115 114 114 113 113 112 112 111 111 110 110 109 109 108 108 107 107 106 106 105 105 104 104 104 103 103 102 102 102 101 101 101 100 100 100 99 99 99 98 98 98 98 97 97 97 97 97 96 96 96 96 96 95 95 95 95 95 95 95 95 94 94 94 94 94 94 94 94 94 94 94 94 94 94 94 94 94 94 94 94 94 94 94 95 95 95 95 95 95 95
119 118 118 117 117 116 115 115 114 114 113 113 112 112 111 111 110 110 109 109 108 108 107 107 106 106 106 105 105 104 104 104 103 103 102 102 102 101 101 101 100 100 100 100 99 99 99 98 98 98 98 98 97 97 97 97 97 96 96 96 96 96 96 96 95 95 95 95 95 95 95 95 95 95 95 95 95 95 95 95 95 95 95 95 95 95 95 95 95 95 95 96 96 96 96 96
119 119 118 118 117 117 116 116 115 114 114 113 113 112 112 111 111 110 110 109 109 108 108 108 107 107 106 106 105 105 105 104 104 104 103 103 102 102 102 102 101 101 101 100 100 100 100 99 99 99 99 98 98 98 98 98 97 97 97 97 97 97 97 96 96 96 96 96 96 96 96 96 96 96 96 96 96 96 96 96 96 96 96 96 96 96 96 96 96 96 96 96 96 97 97 97
120 119 119 118 118 117 117 116 116 115 114 114 113 113 112 112 111 111 111 110 110 109 109 108 108 107 107 107 106 106 105 105 105 104 104 104 103 103 103 102 102 102 101 101 101 101 100 100 100 100 99 99 99 99 99 98 98 98 98 98 98 97 97 97 97 97 97 97 97 97 97 97 97 96 96 96 96 96 96 96 96 96 97 97 97 97 97 97 97 97 97 97 97 97 97 98
120 120 119 119 118 118 117 117 116 116 115 115 114 114 113 113 112 112 111 111 110 110 109 109 109 108 108 107 107 106 106 106 105 105 105 104 104 104 103 103 103 102 102 102 102 101 101 101 101 100 100 100 100 100 99 99 99 99 99 99 98 98 98 98 98 98 98 98 98 97 97 97 97 97 97 97 97 97 97 97 97 97 97 97 97 97 98 98 98 98 98 98 98 98 98 98
121 120 120 119 119 118 118 117 117 116 116 115 115 114 114 113 113 112 112 111 111 110 110 110 109 109 108 108 108 107 107 106 106 106 105 105 105 104 104 104 103 103 103 103 102 102 102 102 101 101 101 101 101 100 100 100 100 100 99 99 99 99 99 99 99 99 99 98 98 98 98 98 98 98 98 98 98 98 98 98 98 98 98 98 98 98 98 98 98 99 99 99 99 99 99 99
121 121 120 120 119 119 118 118 117 117 116 116 115 115 114 114 113 113 112 112 112 111 111 110 110 109 109 109 108 108 108 107 107 106 106 106 105 105 105 105 104 104 104 103 103 103 103 102 102 102 102 101 101 101 101 101 101 100 100 100 100 100 100 100 99 99 99 99 99 99 99 99 99 99 99 99 99 99 99 99 99 99 99 99 99 99 99 99 99 99 99 99 100 100 100 100
122 121 121 120 120 119 119 118 118 117 117 116 116 115 115 114 114 114 113 113 112 112 111 111 111 110 110 109 109 109 108 108 107 107 107 106 106 106 106 105 105 105 104 104 104 104 103 103 103 103 102 102 102 102 102 101 101 101 101 101 101 101 100 100 100 100 100 100 100 100 100 100 100 100 100 100 100 100 100 100 100 100 100 100 100 100 100 100 100 100 100 100 100 100 101 101
122 122 121 121 120 120 119 119 118 118 117 117 116 116 115 115 115 114 114 113 113 112 112 112 111 111 110 110 110 109 109 109 108 108 108 107 107 107 106 106 106 105 105 105 105 104 104 104 104 103 103 103 103 103 102 102 102 102 102 102 101 101 101 101 101 101 101 101 101 101 101 100 100 100 100 100 100 100 100 100 100 100 100 100 100 101 101 101 101 101 101 101 101 101 101 101
123 122 122 121 121 120 120 119 119 118 118 117 117 117 116 116 115 115 114 114 113 113 113 112 112 111 111 111 110 110 110 109 109 109 108 108 108 107 107 107 106 106 106 106 105 105 105 105 104 104 104 104 104 103 103 103 103 103 103 102 102 102 102 102 102 102 102 102 101 101 101 101 101 101 101 101 101 101 101 101 101 101 101 101 101 101 101 101 102 102 102 102 102 102 102 102
123 123 122 122 121 121 120 120 119 119 118 118 118 117 117 116 116 115 115 114 114 114 113 113 112 112 112 111 111 111 110 110 110 109 109 109 108 108 108 107 107 107 107 106 106 106 106 105 105 105 105 104 104 104 104 104 104 103 103 103 103 103 103 103 103 102 102 102 102 102 102 102 102 102 102 102 102 102 102 102 102 102 102 102 102 102 102 102 102 102 102 103 103 103 103 103
124 123 123 122 122 121 121 120 120 119 119 119 118 118 117 117 116 116 115 115 115 114 114 113 113 113 112 112 112 111 111 111 110 110 110 109 109 109 108 108 108 107 107 107 107 106 106 106 106 106 105 105 105 105 105 104 104 104 104 104 104 104 103 103 103 103 103 103 103 103 103 103 103 103 103 103 103 103 103 103 103 103 103 103 103 103 103 103 103 103 103 103 103 103 104 104
124 124 123 123 122 122 121 121 120 120 120 119 119 118 118 117 117 116 116 116 115 115 114 114 114 113 113 113 112 112 112 111 111 111 110 110 110 109 109 109 108 108 108 108 107 107 107 107 107 106 106 106 106 106 105 105 105 105 105 105 104 104 104 104 104 104 104 104 104 104 104 103 103 103 103 103 103 103 103 103 103 103 103 103 103 104 104 104 104 104 104 104 104 104 104 104
125 124 124 123 123 122 122 121 121 120 120 120 119 119 118 118 117 117 117 116 116 115 115 115 114 114 114 113 113 113 112 112 112 111 111 111 110 110 110 109 109 109 109 108 108 108 108 107 107 107 107 107 106 106 106 106 106 106 105 105 105 105 105 105 105 105 105 104 104 104 104 104 104 104 104 104 104 104 104 104 104 104 104 104 104 104 104 104 104 105 105 105 105 105 105 105
125 125 124 124 123 123 122 122 121 121 121 120 120 119 119 118 118 118 117 117 116 116 116 115 115 115 114 114 113 113 113 112 112 112 112 111 111 111 110 110 110 110 109 109 109 109 108 108 108 108 107 107 107 107 107 107 106 106 106 106 106 106 106 106 105 105 105 105 105 105 105 105 105 105 105 105 105 105 105 105 105 105 105 105 105 105 105 105 105 105 105 105 105 106 106 106
