tests/output/Data/bom_data/etaaaug.txt
ncols         417
nrows         337
xllcorner     112.15
yllcorner     -43.8
cellsize      0.1
NODATA_value  -9999
[rows 118 to 176 of 337, columns 288 to 383 of 417]
7 6 7 7 6 6 7 7 7 7 7 7 7 7 7 7 7 7 7 7 7 8 8 8 8 8 9 9 9 10 10 10 10 11 11 11 12 12 12 13 13 13 13 14 15 15 16 17 16 17 17 17 18 18 18 19 19 20 20 21 21 22 22 23 23 23 23 24 24 25 25 26 28 29 30 32 32 33 34 37 41 42 43 44 45 45 45 46 46 48 47 48 48 49 49 50
6 6 6 7 6 6 7 6 7 7 7 7 7 7 7 7 7 7 7 8 8 8 8 8 8 8 9 9 10 10 10 11 11 11 11 12 12 12 13 13 13 13 13 14 15 15 16 16 16 17 17 17 18 18 18 19 19 20 20 20 21 22 22 22 22 23 23 24 24 25 25 26 27 29 30 30 31 31 32 33 36 41 42 43 43 43 44 44 45 45 46 47 47 48 48 49
6 6 6 6 6 6 6 6 6 6 7 7 7 7 7 7 7 7 8 8 8 8 8 8 8 9 9 10 10 10 11 11 11 11 12 12 12 12 13 13 13 13 14 14 15 16 16 16 16 17 17 17 18 18 18 19 19 19 20 20 21 21 21 22 22 23 23 23 24 24 25 26 27 28 29 30 30 30 30 31 34 39 40 42 42 42 42 43 44 44 45 46 46 47 48 49
7 7 6 6 6 6 6 6 6 6 7 7 7 7 7 7 7 7 8 8 8 8 8 9 9 9 9 10 11 11 11 11 11 12 12 12 12 13 13 13 13 14 14 14 15 16 16 16 16 17 17 17 18 18 18 18 19 19 20 20 20 21 21 22 22 23 23 23 24 24 25 26 26 28 29 29 29 29 30 31 33 38 39 40 40 41 41 42 43 43 44 45 46 46 47 48
7 7 6 6 6 6 6 6 6 6 7 7 7 7 7 7 7 8 8 8 9 9 9 9 9 10 10 10 11 11 11 12 12 12 12 12 13 13 13 13 14 14 14 15 15 16 16 16 16 17 17 17 18 18 18 18 19 19 20 20 20 21 21 22 22 22 23 23 24 25 25 26 27 27 28 29 29 29 29 30 32 36 38 40 39 40 40 41 43 42 43 44 45 46 46 46
7 7 6 6 6 6 6 6 6 6 6 7 7 7 7 7 8 8 8 9 9 9 9 9 10 10 10 11 11 11 12 12 12 12 12 13 13 13 14 14 14 14 15 15 15 15 16 16 16 17 17 17 18 18 18 18 19 19 20 20 20 21 21 22 22 22 23 23 24 25 25 26 26 27 28 28 29 29 29 30 31 34 37 39 39 39 39 40 41 42 42 43 44 46 45 46
7 7 6 6 6 6 6 6 6 6 6 6 7 7 7 8 8 9 9 9 9 9 10 10 10 10 11 11 11 12 12 12 12 13 13 13 13 14 14 14 14 15 15 15 15 16 16 16 17 17 17 17 18 18 18 18 19 19 20 20 20 20 21 22 22 22 23 23 24 25 26 26 26 27 27 28 29 29 29 29 30 32 35 37 38 38 38 39 40 41 41 42 43 45 45 46
7 7 6 6 6 6 6 6 6 6 6 6 7 7 7 8 9 9 9 10 9 10 10 11 11 11 11 11 11 12 12 13 13 13 13 13 14 14 14 14 14 15 15 15 15 16 17 17 17 17 17 18 18 18 18 18 19 19 20 20 20 21 21 22 22 22 23 23 24 24 25 26 26 27 27 28 29 30 29 29 30 31 33 35 37 37 38 38 40 41 41 41 42 43 45 45
7 7 6 6 6 6 6 6 6 6 6 6 7 7 8 8 9 9 9 10 10 10 10 10 11 11 11 11 12 12 12 13 13 13 13 14 14 14 14 15 15 15 15 15 16 16 17 17 17 17 18 18 18 18 18 18 19 19 20 21 20 20 21 22 22 22 23 23 24 24 25 26 26 27 27 28 28 29 29 30 30 30 31 34 35 36 37 37 38 39 40 40 41 42 43 44
7 7 7 6 6 6 6 6 6 6 6 7 7 7 8 9 9 9 10 10 10 10 10 11 11 11 11 12 12 12 13 13 13 14 14 14 14 14 15 15 15 15 15 15 16 16 17 17 17 17 18 18 18 18 18 18 19 19 19 20 20 20 21 22 22 22 22 23 23 24 24 25 25 26 27 27 28 28 29 29 30 30 31 32 34 36 36 37 37 38 39 40 40 41 42 43
7 7 7 7 6 6 6 6 6 6 6 7 7 8 8 9 9 9 10 10 11 11 10 11 11 11 11 12 12 13 13 13 14 14 14 14 15 15 15 15 15 15 15 16 16 16 17 17 17 17 18 18 18 18 18 18 19 19 19 20 21 21 21 22 22 22 22 23 23 23 24 24 25 26 26 27 27 27 28 28 28 29 30 30 33 34 35 36 36 37 38 39 40 40 41 42
7 7 7 7 6 6 6 6 6 6 7 7 8 8 9 9 9 9 10 10 10 11 11 11 11 11 12 12 13 13 13 14 14 14 15 15 15 15 15 15 15 16 16 16 16 16 17 17 17 17 18 18 18 18 18 18 19 19 19 20 20 21 21 22 21 22 22 22 23 23 24 24 24 25 26 26 26 26 27 27 27 28 29 30 31 33 35 35 36 36 37 38 39 39 41 41
7 7 7 7 7 6 6 6 7 7 7 7 8 8 9 9 9 9 9 10 10 11 12 12 11 11 12 12 13 13 14 14 15 15 15 15 15 15 15 15 16 16 16 16 16 17 17 17 17 17 18 18 18 18 18 19 19 19 19 20 20 21 21 22 22 22 22 22 23 23 23 24 24 25 25 26 26 26 26 26 27 27 28 30 30 31 33 34 34 35 36 38 38 39 40 41
7 7 7 7 7 7 7 7 7 7 8 8 8 9 9 9 9 10 9 10 10 11 12 11 11 12 12 12 13 13 14 14 15 15 15 15 15 15 16 16 16 16 16 16 16 17 17 18 17 17 18 18 18 18 18 19 19 19 19 20 20 21 22 22 22 22 22 22 22 23 23 23 24 24 25 25 25 25 25 26 26 27 28 29 30 30 32 34 34 34 36 37 37 38 39 40
7 7 7 7 7 7 7 7 7 8 8 8 9 9 9 9 9 10 10 10 10 11 11 12 11 12 12 12 13 13 14 14 16 16 16 15 15 16 16 16 16 16 16 16 17 17 17 18 17 17 18 18 18 18 19 19 19 19 19 20 20 21 22 22 22 22 22 22 22 22 23 23 23 24 24 25 25 24 25 25 26 26 27 28 29 30 31 33 33 33 35 36 37 38 38 39
7 7 7 7 7 7 7 7 8 8 8 9 9 9 9 9 9 10 10 9 10 10 11 12 12 13 12 12 13 15 15 16 16 16 15 15 15 16 16 16 16 16 16 17 17 17 17 17 17 18 18 18 18 19 19 19 19 19 19 20 20 21 23 23 22 21 22 22 22 22 22 22 23 23 23 24 24 24 24 25 25 26 27 27 28 29 30 32 33 33 33 35 36 37 38 39
7 7 7 7 7 7 8 8 8 8 8 9 9 9 9 9 10 10 10 10 10 10 11 11 12 13 13 13 14 14 14 15 16 16 15 15 15 15 16 16 16 16 16 17 17 17 17 17 18 18 18 18 19 19 19 19 19 19 20 20 20 21 21 21 21 21 21 21 22 22 22 22 22 23 23 23 23 24 24 24 25 25 26 27 28 29 30 31 32 32 33 35 35 37 38 38
7 7 7 7 7 8 8 8 8 8 9 9 9 9 10 10 10 10 10 10 10 10 11 11 11 12 12 13 13 14 14 14 15 15 15 15 15 15 15 16 16 16 16 16 17 17 17 17 18 18 18 18 19 19 19 19 19 19 20 20 20 21 21 21 21 21 21 21 22 22 22 22 22 22 23 23 23 23 23 24 25 25 25 26 28 29 30 30 31 32 33 34 35 36 38 39
7 7 7 7 8 8 8 8 9 9 9 10 10 10 10 10 11 11 10 10 10 10 10 11 11 11 12 12 13 13 14 14 14 14 14 14 15 15 15 15 15 16 16 16 17 17 17 17 18 18 19 18 19 19 19 19 19 20 20 20 20 21 21 21 21 21 21 21 22 21 21 22 22 22 22 23 23 23 23 24 27 27 25 26 27 28 29 30 31 32 32 33 34 36 37 38
7 7 7 7 8 8 9 9 9 9 10 10 11 11 11 11 11 11 10 10 10 10 10 10 10 11 11 12 13 13 14 14 13 14 14 14 14 14 15 15 15 16 16 16 17 17 17 17 18 18 19 19 19 19 19 19 20 20 20 20 20 21 21 21 21 21 21 21 22 22 22 22 22 23 23 23 22 22 23 23 27 27 26 27 27 28 29 29 30 31 32 33 34 35 36 37
7 7 7 7 8 8 9 9 10 10 10 11 11 11 11 11 11 11 11 10 10 10 10 10 10 11 12 12 13 13 13 13 13 13 13 13 14 14 14 15 15 15 16 16 17 17 17 17 18 18 19 19 19 19 19 19 20 20 20 20 21 21 21 21 21 21 22 22 22 22 23 22 22 23 23 23 22 22 22 22 25 26 26 27 28 28 28 29 29 30 32 33 33 34 36 37
7 7 7 8 8 8 9 9 10 10 10 11 11 11 11 11 11 11 11 10 10 10 10 10 11 12 13 13 13 12 12 12 12 13 13 13 13 14 14 15 15 15 16 16 16 17 17 17 18 18 19 19 19 19 19 20 20 20 20 21 21 21 21 21 21 21 21 21 21 22 23 23 23 23 23 23 22 22 22 22 24 25 26 27 28 28 29 28 28 29 30 31 32 34 36 37
7 7 7 8 8 8 9 9 10 10 10 10 11 11 11 11 11 11 11 10 10 10 10 11 11 12 11 12 13 12 12 12 12 12 12 12 13 13 14 14 15 15 16 16 16 17 17 17 18 18 19 19 19 20 20 20 20 20 20 21 21 21 21 21 21 21 21 22 22 22 22 23 23 23 23 23 22 22 22 23 24 25 26 27 28 28 29 28 28 29 30 31 32 33 34 36
7 7 7 8 8 9 9 9 10 10 10 10 10 11 11 11 11 11 10 10 10 10 10 11 12 13 13 13 13 12 12 12 12 12 12 12 13 13 14 14 15 15 16 16 16 17 17 17 18 18 19 19 20 20 20 20 20 20 20 21 21 21 21 21 21 21 21 22 22 22 22 23 23 23 23 23 23 23 23 23 24 25 26 27 28 28 29 29 29 29 30 31 32 32 33 36
7 7 7 8 8 9 9 9 10 10 10 10 10 10 11 11 11 11 10 10 10 10 10 11 11 12 13 12 13 13 13 12 12 12 12 12 13 13 14 14 15 15 16 16 16 17 17 17 18 18 19 19 20 20 20 20 21 20 20 20 21 21 21 21 21 21 22 22 22 22 22 23 24 23 23 23 23 23 23 24 25 25 26 27 28 28 29 29 29 29 30 31 32 31 32 34
7 7 8 8 8 8 9 9 9 9 9 10 10 10 10 10 10 10 10 10 10 10 10 11 11 12 12 12 12 12 12 12 12 12 12 13 13 14 14 14 15 15 15 16 16 17 17 17 18 18 19 19 19 20 20 20 21 21 21 20 20 21 21 21 21 22 22 22 23 23 23 24 24 23 23 23 23 23 24 24 25 26 27 28 28 29 29 29 30 30 30 31 32 33 33 33
7 8 8 8 8 8 8 9 9 9 9 10 10 10 10 10 10 10 10 10 9 9 10 11 11 12 12 12 12 12 12 12 12 12 13 13 14 14 14 15 15 15 16 16 16 17 17 17 18 18 18 19 19 20 20 20 21 21 21 21 21 21 21 21 21 22 22 24 24 24 25 24 24 24 24 24 24 24 24 25 26 27 27 28 29 29 30 30 30 31 31 32 33 34 33 34
8 8 8 8 8 8 8 8 9 9 10 10 10 10 10 10 10 10 9 9 9 9 10 10 11 12 12 12 12 12 12 13 13 13 13 13 14 14 15 15 15 15 16 16 16 17 17 18 18 18 19 19 20 20 20 20 21 21 21 21 21 21 22 22 22 22 23 25 26 26 25 25 24 24 24 24 24 25 25 26 27 27 28 28 29 30 30 31 32 32 33 33 34 35 34 34
8 8 8 8 8 8 8 9 9 9 10 10 10 9 9 10 10 10 9 9 9 9 10 11 12 12 12 12 12 12 13 12 13 13 13 14 14 15 15 15 15 16 16 16 17 17 17 18 18 19 19 19 19 20 20 21 21 21 21 22 22 22 22 23 23 23 24 25 25 26 26 26 25 25 24 25 25 25 26 27 28 28 28 29 30 30 31 31 32 33 35 35 34 35 35 35
8 8 8 8 8 8 8 9 9 9 10 10 10 9 9 10 10 10 10 9 9 10 10 11 11 12 12 11 12 12 13 13 13 13 14 14 14 15 15 15 16 16 16 16 17 17 18 18 18 19 19 19 20 20 20 21 21 21 22 22 22 22 22 23 23 24 24 24 25 25 27 27 26 24 24 25 25 26 26 27 28 28 29 30 31 31 32 32 34 35 37 37 35 35 35 35
8 8 8 8 8 8 8 9 9 10 10 10 10 9 10 10 10 10 10 9 10 10 10 11 11 11 11 11 12 12 13 14 13 13 14 14 14 15 15 15 16 16 16 17 17 17 18 18 18 19 19 19 20 20 20 21 21 21 22 22 22 22 22 23 23 24 24 25 25 25 26 27 25 24 25 25 25 26 27 27 28 29 30 30 31 32 33 34 35 36 39 39 38 37 36 36
8 8 8 8 8 8 8 9 9 10 10 10 9 9 10 10 10 10 10 10 10 10 10 10 11 11 11 11 12 12 13 13 13 14 14 14 15 15 15 15 16 16 16 17 17 17 18 18 19 19 19 19 20 20 20 21 21 21 22 22 22 22 22 23 24 24 24 24 24 24 25 25 26 26 25 25 26 26 27 27 28 29 30 30 31 32 33 34 35 36 38 38 38 37 36 36
8 8 8 8 8 9 9 9 10 10 10 9 9 9 10 10 10 10 10 10 10 10 10 10 11 11 11 11 12 12 13 13 14 14 14 14 15 15 15 16 16 16 17 17 17 18 18 18 19 19 19 19 20 20 20 21 21 21 22 22 22 22 22 23 23 23 24 24 24 25 24 25 25 26 26 26 26 26 27 28 28 29 30 30 31 31 33 34 35 36 36 37 36 36 36 36
8 8 8 8 8 9 9 9 10 10 9 9 9 9 10 10 10 10 10 10 10 10 11 11 11 11 12 12 12 12 13 14 14 14 14 15 15 15 15 16 16 16 17 17 17 18 18 18 19 19 19 20 20 20 21 21 21 21 22 22 22 22 23 23 23 24 24 24 24 25 24 24 25 25 26 26 26 26 27 28 28 29 29 30 30 31 31 32 34 35 36 36 36 36 36 36
8 8 8 8 9 9 9 9 10 10 9 9 9 9 10 10 10 10 10 10 11 11 11 11 11 12 12 12 12 12 13 14 15 14 14 15 15 15 15 16 16 16 17 17 18 18 18 18 19 19 19 20 20 20 21 21 21 21 21 22 22 22 22 23 23 23 24 24 24 24 24 24 25 25 26 26 26 27 27 28 29 29 29 29 30 31 31 31 32 34 36 36 35 35 36 35
8 8 8 9 9 9 9 10 10 10 10 9 9 10 10 10 10 10 11 11 11 11 11 11 11 12 12 13 13 13 13 14 14 15 14 15 15 15 16 16 16 17 17 18 18 18 18 19 19 19 19 20 20 20 21 21 21 21 22 22 22 22 23 23 23 23 23 24 24 24 24 24 25 25 26 26 26 26 27 27 28 29 29 29 29 30 30 30 32 33 35 35 35 35 35 35
8 8 9 9 9 9 9 9 10 10 10 10 10 10 10 10 10 10 11 11 11 11 11 11 11 12 12 13 13 13 13 14 14 15 15 16 15 15 16 16 17 17 17 18 18 18 18 19 19 20 20 20 20 20 21 21 21 21 22 22 22 23 23 23 23 23 23 24 24 24 24 24 25 25 25 26 26 26 26 27 28 28 28 29 29 29 30 30 31 33 34 34 34 34 35 34
9 9 9 9 9 9 10 9 9 10 10 10 10 10 10 10 10 11 11 11 11 12 12 11 11 11 12 12 13 13 14 14 14 15 15 16 15 16 16 16 17 17 17 18 18 18 18 19 19 20 20 20 20 21 21 21 21 21 22 22 22 23 23 23 23 23 24 24 24 24 24 25 26 25 25 25 26 26 26 26 27 27 28 29 29 30 30 30 31 32 33 33 33 34 34 34
9 9 9 9 9 9 9 9 9 9 9 10 10 10 10 10 10 11 11 11 11 12 12 12 11 11 12 12 13 13 14 14 15 15 15 16 16 16 16 16 17 17 18 18 18 18 19 19 19 20 20 20 20 21 21 21 21 22 22 22 23 23 23 23 23 24 24 24 24 24 24 25 26 26 26 25 25 25 26 26 27 27 28 28 29 29 30 30 31 32 32 32 32 33 33 34
9 9 9 10 10 9 10 9 9 9 9 10 10 10 10 10 10 11 11 11 11 11 12 12 11 11 12 12 13 13 14 14 14 15 15 15 16 16 16 17 17 17 18 18 18 18 19 19 19 20 20 20 21 21 21 21 22 22 22 22 23 23 24 24 24 24 24 24 24 24 25 25 26 25 25 25 25 25 26 26 27 27 28 28 29 29 30 30 30 31 31 32 32 32 33 33
9 9 9 9 9 9 9 9 9 9 9 9 10 10 11 10 11 11 11 11 11 11 12 12 12 12 12 12 13 13 14 14 14 14 15 16 16 17 17 17 17 18 18 18 18 19 19 19 20 20 20 20 21 21 21 21 22 22 22 22 23 23 23 24 24 24 24 24 24 24 25 25 26 25 25 25 25 26 26 27 27 27 27 28 28 29 29 30 30 31 31 31 32 32 33 33
9 9 10 9 9 9 9 9 9 9 9 9 10 10 11 11 11 11 11 11 11 11 12 12 12 12 12 12 13 13 14 14 14 14 15 16 16 17 17 17 17 18 18 18 18 19 19 19 20 20 20 20 21 21 21 22 22 22 22 22 23 23 23 24 24 24 24 24 24 24 25 25 25 26 25 26 26 26 26 26 26 27 27 28 28 29 29 30 30 30 31 31 32 32 32 32
9 9 10 9 9 9 9 9 9 9 9 9 9 10 11 12 12 12 12 12 11 11 12 12 12 12 12 12 13 14 14 14 14 14 15 16 16 17 17 17 17 18 18 18 18 19 19 19 20 20 20 21 21 21 21 22 22 22 22 23 23 23 23 24 24 24 24 24 24 24 25 25 25 26 26 26 26 26 26 26 27 27 27 27 28 29 29 29 30 30 30 31 31 32 32 32
9 10 9 9 9 9 9 9 9 9 9 9 9 10 11 11 12 12 12 12 12 11 12 12 12 12 12 13 13 14 14 14 14 14 15 16 16 17 17 17 17 18 18 18 19 19 19 19 20 20 20 21 21 21 22 22 22 22 22 23 23 23 23 24 24 24 24 24 24 24 25 25 25 25 26 26 26 26 26 27 27 27 27 28 28 28 29 29 29 30 30 31 31 32 32 33
10 9 9 9 9 9 9 9 9 9 9 9 9 10 11 11 12 13 13 12 12 12 12 12 12 12 12 13 13 14 14 14 14 14 15 16 16 17 18 17 17 18 18 18 19 19 19 19 20 20 20 21 21 21 22 22 22 22 22 23 23 23 24 24 24 24 24 24 24 24 25 25 25 26 26 26 26 26 26 27 27 27 28 28 28 29 29 29 30 30 30 31 31 32 32 32
10 9 9 9 9 9 9 9 9 9 9 9 9 10 10 11 12 13 13 12 12 12 12 12 12 12 12 13 13 14 15 15 14 14 15 15 16 17 18 18 17 18 18 18 19 19 19 20 20 20 21 21 21 21 22 22 22 22 22 23 23 23 24 24 24 24 24 24 24 25 25 25 25 25 26 26 26 26 26 27 27 27 28 28 28 28 29 29 30 30 31 31 31 31 32 32
9 9 9 9 9 9 9 9 9 9 9 9 9 10 10 11 12 12 13 12 12 12 12 12 12 13 13 13 14 14 15 15 14 14 15 15 16 17 18 18 18 18 18 18 19 19 19 20 20 20 20 21 21 21 22 22 22 22 23 23 23 23 23 23 24 24 24 24 24 25 25 25 25 25 26 26 26 26 26 26 27 27 27 27 27 28 28 29 29 30 30 30 31 31 31 31
9 9 9 10 10 9 9 9 9 9 9 9 9 10 10 11 11 12 13 13 12 12 12 12 13 13 13 14 14 15 15 15 14 14 15 15 16 17 18 18 18 18 18 18 19 19 19 20 20 20 20 21 21 21 22 22 22 22 23 23 23 23 23 23 24 24 24 24 24 24 25 25 25 25 25 26 26 26 26 26 27 27 27 27 27 27 28 28 29 29 30 30 31 31 31 31
9 10 10 10 10 10 10 9 9 8 8 9 9 9 10 10 11 11 12 13 12 12 12 13 13 13 14 14 15 15 15 15 14 14 15 15 16 17 18 18 18 19 19 19 19 19 19 20 20 20 20 21 21 21 22 22 22 22 23 23 23 23 23 23 24 24 24 24 24 24 24 25 25 25 25 26 26 26 26 26 26 27 27 27 27 27 28 28 28 29 29 30 30 30 30 30
9 10 9 9 9 10 9 9 8 8 8 9 10 9 10 10 11 11 12 12 12 13 13 13 13 13 14 15 15 15 16 15 15 15 15 16 17 17 18 18 18 18 18 19 19 19 19 20 20 20 20 21 21 21 22 22 22 22 23 23 23 23 23 23 23 24 24 24 24 24 24 25 25 25 25 25 26 26 26 26 26 26 27 27 27 27 27 28 28 28 29 29 29 29 29 29
9 9 9 9 9 9 9 9 8 8 8 9 10 10 10 10 11 12 12 12 12 13 12 13 13 14 14 15 15 15 15 15 15 15 16 16 17 17 17 18 18 18 19 20 20 19 19 20 20 20 20 21 21 21 22 22 22 22 22 23 23 23 23 23 24 24 24 24 24 24 24 25 25 25 25 25 25 25 26 26 26 26 26 27 27 27 27 27 28 28 28 28 29 29 29 29
9 9 9 9 9 9 10 9 8 8 8 9 9 10 10 10 11 12 12 12 12 12 13 13 13 14 14 15 16 15 15 15 15 15 16 16 17 18 18 18 18 18 19 19 19 19 19 21 20 20 20 21 21 21 22 22 22 22 22 22 23 23 23 23 23 24 24 24 24 24 24 24 25 25 25 25 25 25 25 25 25 26 26 26 27 27 27 27 28 28 28 28 28 29 29 29
10 10 10 9 9 9 9 9 8 8 8 8 9 10 11 11 11 11 12 12 12 12 13 13 14 14 14 15 16 16 15 15 15 15 16 17 17 17 18 18 18 19 19 19 20 20 20 20 21 21 20 21 21 21 21 22 22 22 22 22 23 23 23 23 23 23 24 24 24 24 24 24 24 24 25 25 25 25 25 25 25 26 26 26 27 27 27 27 28 28 28 28 28 29 29 29
10 10 10 10 10 9 9 9 9 8 8 9 9 10 11 11 11 11 11 12 12 12 13 13 14 14 14 15 15 15 15 15 15 16 16 17 17 17 18 18 18 18 19 19 20 20 20 20 20 21 21 21 21 21 21 22 22 22 22 22 23 23 23 23 23 23 24 24 24 24 24 24 24 24 24 24 25 25 25 25 26 26 26 26 26 27 27 27 28 28 28 28 28 28 29 29
11 11 10 10 9 9 9 9 9 9 8 9 9 10 11 11 11 11 11 11 12 12 13 14 14 15 15 15 15 15 15 15 16 16 17 17 18 18 18 18 18 18 19 19 20 20 20 20 20 21 21 21 21 21 21 22 22 22 22 22 23 23 23 23 23 24 24 24 24 24 24 24 24 24 24 24 24 25 25 25 25 26 26 26 26 27 27 27 28 28 28 28 28 29 29 29
10 10 9 9 9 9 9 9 9 8 9 9 10 10 11 11 11 11 11 11 12 12 13 14 14 15 15 15 15 15 15 15 16 16 17 18 18 18 18 19 19 19 19 19 20 20 20 20 20 20 21 21 22 21 21 22 22 22 22 22 23 23 23 23 23 24 24 24 24 24 24 24 24 24 24 24 24 24 25 25 25 25 26 26 26 27 27 27 27 28 28 28 28 29 29 29
10 9 9 9 9 9 9 9 9 9 9 9 10 11 10 11 11 10 11 11 12 12 13 14 14 15 15 14 15 15 15 15 16 16 17 18 18 19 19 19 19 19 19 20 20 20 21 20 20 20 21 21 22 22 21 22 22 22 22 23 23 23 23 23 23 23 24 24 24 24 24 24 24 24 24 24 24 24 25 25 25 25 26 26 26 26 27 27 27 27 28 28 28 28 29 29
9 9 9 9 9 9 9 9 9 9 9 9 9 10 10 11 11 10 11 11 12 13 13 13 13 14 14 14 15 15 15 15 16 16 17 18 18 19 19 19 19 19 19 20 20 20 20 20 20 20 21 21 22 22 22 22 22 22 22 23 23 23 23 23 23 23 24 24 24 24 24 24 24 24 24 24 24 24 25 25 25 25 25 26 26 26 26 27 27 27 27 28 28 28 28 29
10 10 10 10 9 9 9 9 9 9 9 9 9 9 10 11 10 11 11 11 12 13 13 13 13 13 14 14 14 15 15 15 16 16 17 18 18 18 19 19 19 19 19 20 20 20 20 20 20 20 21 21 22 22 22 23 22 22 22 23 23 23 23 23 23 24 24 24 24 24 24 24 24 24 24 24 24 24 24 25 25 25 25 25 26 26 26 26 27 27 27 27 28 28 28 28
