tests/output/Data/bom_data/etaaapr.txt
ncols         417
nrows         337
xllcorner     112.15
yllcorner     -43.8
cellsize      0.1
NODATA_value  -9999
[rows 0 to 57 of 337, columns 96 to 191 of 417]
72 73 73 73 73 73 74 74 74 74 75 75 75 75 76 76 76 76 77 77 77 78 78 78 78 79 79 79 80 80 80 81 81 81 82 82 82 83 83 83 84 84 85 85 85 86 86 87 87 88 88 89 89 90 90 91 91 92 92 93 93 94 94 95 96 96 97 98 98 99 99 100 101 101 102 103 103 104 105 105 106 106 107 108 108 109 109 109 110 110 110 110 111 111 111 111
72 72 72 72 73 73 73 73 74 74 74 74 75 75 75 75 76 76 76 76 77 77 77 77 78 78 78 79 79 79 80 80 80 81 81 81 82 82 82 83 83 83 84 84 85 85 86 86 86 87 87 88 88 89 89 90 90 91 91 92 93 93 94 94 95 96 96 97 97 98 99 99 100 101 101 102 103 104 104 105 105 106 107 107 108 108 109 109 109 110 110 110 110 110 111 111
71 71 72 72 72 72 72 73 73 73 73 74 74 74 74 75 75 75 75 76 76 76 77 77 77 77 78 78 78 79 79 79 80 80 80 81 81 81 82 82 82 83 83 83 84 84 85 85 86 86 87 87 87 88 88 89 90 90 91 91 92 92 93 94 94 95 95 96 97 97 98 99 99 100 101 102 102 103 104 104 105 106 106 107 107 108 108 109 109 109 109 110 110 110 110 110
71 71 71 71 71 72 72 72 72 73 73 73 73 74 74 74 74 75 75 75 75 76 76 76 76 77 77 77 78 78 78 78 79 79 79 80 80 80 81 81 82 82 82 83 83 84 84 84 85 85 86 86 87 87 88 88 89 89 90 90 91 92 92 93 93 94 95 95 96 97 97 98 99 99 100 101 102 102 103 104 104 105 106 106 107 107 108 108 109 109 109 109 109 109 110 110
70 70 70 71 71 71 71 71 72 72 72 72 73 73 73 73 74 74 74 74 75 75 75 75 76 76 76 77 77 77 77 78 78 78 79 79 79 80 80 80 81 81 82 82 82 83 83 84 84 84 85 85 86 86 87 87 88 88 89 90 90 91 91 92 93 93 94 95 95 96 97 97 98 99 100 100 101 102 102 103 104 105 105 106 106 107 107 108 108 108 109 109 109 109 109 109
69 70 70 70 70 70 71 71 71 71 72 72 72 72 72 73 73 73 73 74 74 74 75 75 75 75 76 76 76 76 77 77 77 78 78 78 79 79 79 80 80 80 81 81 82 82 82 83 83 84 84 85 85 86 86 87 87 88 88 89 89 90 90 91 92 92 93 94 94 95 96 97 97 98 99 100 100 101 102 103 103 104 105 105 106 107 107 107 108 108 108 108 108 108 109 109
69 69 69 69 70 70 70 70 70 71 71 71 71 72 72 72 72 73 73 73 73 74 74 74 74 75 75 75 75 76 76 76 77 77 77 78 78 78 79 79 79 80 80 80 81 81 82 82 82 83 83 84 84 85 85 86 86 87 87 88 88 89 90 90 91 92 92 93 94 94 95 96 97 97 98 99 100 100 101 102 103 104 104 105 106 106 107 107 107 107 108 108 108 108 108 108
68 68 69 69 69 69 69 70 70 70 70 71 71 71 71 71 72 72 72 72 73 73 73 73 74 74 74 74 75 75 75 76 76 76 77 77 77 77 78 78 78 79 79 80 80 80 81 81 82 82 82 83 83 84 84 85 85 86 86 87 88 88 89 89 90 91 91 92 93 93 94 95 96 96 97 98 99 100 100 101 102 103 104 104 105 106 106 107 107 107 107 107 107 107 107 107
68 68 68 68 68 69 69 69 69 69 70 70 70 70 71 71 71 71 71 72 72 72 72 73 73 73 73 74 74 74 75 75 75 75 76 76 76 77 77 77 78 78 78 79 79 80 80 80 81 81 82 82 82 83 83 84 84 85 86 86 87 87 88 88 89 90 90 91 92 93 93 94 95 96 96 97 98 99 100 101 101 102 103 104 105 105 106 106 106 107 107 107 107 107 107 107
67 67 67 68 68 68 68 68 69 69 69 69 69 70 70 70 70 71 71 71 71 72 72 72 72 73 73 73 73 74 74 74 74 75 75 75 76 76 76 77 77 77 78 78 78 79 79 79 80 80 81 81 82 82 83 83 84 84 85 85 86 86 87 88 88 89 89 90 91 92 92 93 94 95 95 96 97 98 99 100 101 102 102 103 104 105 105 106 106 106 106 106 106 106 106 106
66 67 67 67 67 67 68 68 68 68 68 69 69 69 69 69 70 70 70 70 71 71 71 71 72 72 72 72 73 73 73 73 74 74 74 75 75 75 75 76 76 76 77 77 77 78 78 79 79 79 80 80 81 81 82 82 83 83 84 84 85 85 86 87 87 88 89 89 90 91 91 92 93 94 95 95 96 97 98 99 100 101 102 103 104 104 106 105 105 105 105 105 105 106 106 106
66 66 66 66 67 67 67 67 67 68 68 68 68 68 69 69 69 69 69 70 70 70 70 71 71 71 71 72 72 72 72 73 73 73 73 74 74 74 75 75 75 76 76 76 77 77 77 78 78 78 79 79 80 80 81 81 82 82 83 83 84 84 85 86 86 87 87 88 89 90 90 91 92 93 94 94 95 96 97 98 99 100 101 102 103 105 106 106 105 105 106 106 105 105 105 105
65 65 66 66 66 66 66 66 67 67 67 67 68 68 68 68 68 69 69 69 69 69 70 70 70 70 71 71 71 71 72 72 72 72 73 73 73 73 74 74 74 75 75 75 76 76 76 77 77 78 78 78 79 79 80 80 81 81 82 82 83 83 84 85 85 86 86 87 88 89 89 90 91 92 92 93 94 95 96 97 98 99 100 101 103 104 105 106 105 104 105 105 103 105 104 105
65 65 65 65 65 65 66 66 66 66 66 67 67 67 67 67 68 68 68 68 69 69 69 69 69 70 70 70 70 71 71 71 71 72 72 72 72 73 73 73 74 74 74 74 75 75 76 76 76 77 77 77 78 78 79 79 80 80 81 81 82 82 83 83 84 85 85 86 87 87 88 89 90 91 91 92 93 94 95 96 97 98 99 100 102 103 102 104 104 104 104 104 104 104 103 103
64 64 64 64 65 65 65 65 65 66 66 66 66 66 67 67 67 67 67 68 68 68 68 68 69 69 69 69 70 70 70 70 71 71 71 71 72 72 72 72 73 73 73 74 74 74 75 75 75 76 76 76 77 77 78 78 79 79 80 80 81 81 82 82 83 84 84 85 86 86 87 88 89 89 90 91 92 93 94 95 95 96 97 98 100 101 102 102 103 103 103 103 103 103 103 102
63 64 64 64 64 64 64 65 65 65 65 65 66 66 66 66 66 67 67 67 67 67 68 68 68 68 68 69 69 69 69 70 70 70 70 71 71 71 71 72 72 72 72 73 73 73 74 74 74 75 75 75 76 76 77 77 78 78 79 79 80 80 81 81 82 82 83 84 84 85 86 87 87 88 89 90 91 91 92 93 94 95 97 98 99 100 100 101 101 101 102 102 102 101 101 100
63 63 63 63 63 64 64 64 64 64 65 65 65 65 65 65 66 66 66 66 66 67 67 67 67 67 68 68 68 68 69 69 69 69 69 70 70 70 70 71 71 71 72 72 72 72 73 73 73 74 74 74 75 75 76 76 77 77 77 78 78 79 80 80 81 81 82 83 83 84 85 85 86 87 88 88 89 90 91 92 93 94 94 95 96 97 97 98 98 98 100 100 100 99 99 99
62 62 62 63 63 63 63 63 64 64 64 64 64 64 65 65 65 65 65 66 66 66 66 66 67 67 67 67 67 68 68 68 68 68 69 69 69 69 70 70 70 70 71 71 71 71 72 72 72 73 73 73 74 74 75 75 75 76 76 77 77 78 78 79 80 80 81 81 82 83 83 84 85 86 86 87 88 89 90 90 91 92 93 94 94 95 96 96 96 97 97 97 97 97 97 98
62 62 62 62 62 62 63 63 63 63 63 63 64 64 64 64 64 64 65 65 65 65 65 66 66 66 66 66 67 67 67 67 67 68 68 68 68 69 69 69 69 69 70 70 70 71 71 71 71 72 72 72 73 73 74 74 74 75 75 76 76 77 77 78 78 79 80 80 81 81 82 83 84 84 85 86 87 87 88 89 90 90 91 92 93 93 94 94 95 95 95 96 96 96 96 96
61 61 61 61 62 62 62 62 62 62 63 63 63 63 63 63 64 64 64 64 64 65 65 65 65 65 65 66 66 66 66 66 67 67 67 67 67 68 68 68 68 69 69 69 69 70 70 70 70 71 71 71 72 72 72 73 73 74 74 75 75 76 76 77 77 78 78 79 79 80 81 81 82 83 84 84 85 86 87 87 88 89 90 90 91 92 92 93 93 93 94 94 95 96 95 96
60 60 61 61 61 61 61 61 62 62 62 62 62 62 63 63 63 63 63 63 64 64 64 64 64 65 65 65 65 65 65 66 66 66 66 66 67 67 67 67 67 68 68 68 68 69 69 69 69 70 70 70 71 71 71 72 72 73 73 73 74 74 75 75 76 76 77 78 78 79 79 80 81 81 82 83 84 84 85 86 87 87 88 89 89 90 90 91 91 92 92 92 94 94 94 95
60 60 60 60 60 60 61 61 61 61 61 61 62 62 62 62 62 62 63 63 63 63 63 63 64 64 64 64 64 64 65 65 65 65 65 66 66 66 66 66 67 67 67 67 67 68 68 68 68 69 69 69 70 70 70 71 71 71 72 72 73 73 74 74 75 75 76 76 77 77 78 79 79 80 81 81 82 83 83 84 85 86 86 87 87 88 89 89 90 90 90 92 92 93 93 93
59 59 59 60 60 60 60 60 60 60 61 61 61 61 61 61 62 62 62 62 62 62 63 63 63 63 63 63 64 64 64 64 64 64 65 65 65 65 65 65 66 66 66 66 66 67 67 67 67 68 68 68 69 69 69 69 70 70 71 71 71 72 72 73 73 74 74 75 75 76 77 77 78 78 79 80 80 81 82 83 83 84 85 85 86 86 87 87 89 89 90 90 91 91 92 92
58 59 59 59 59 59 59 59 60 60 60 60 60 60 61 61 61 61 61 61 62 62 62 62 62 62 62 63 63 63 63 63 63 64 64 64 64 64 64 65 65 65 65 65 66 66 66 66 66 67 67 67 67 68 68 68 69 69 69 70 70 71 71 71 72 72 73 73 74 75 75 76 76 77 78 78 79 80 80 81 82 82 83 83 84 85 85 87 87 88 88 89 89 90 90 90
58 58 58 58 58 59 59 59 59 59 59 59 60 60 60 60 60 60 61 61 61 61 61 61 61 62 62 62 62 62 62 62 63 63 63 63 63 63 64 64 64 64 64 64 65 65 65 65 65 66 66 66 66 67 67 67 67 68 68 68 69 69 70 70 71 71 72 72 73 73 74 74 75 75 76 77 77 78 79 79 80 80 81 82 82 83 84 85 86 86 87 87 88 88 89 89
57 57 57 58 58 58 58 58 58 59 59 59 59 59 59 59 60 60 60 60 60 60 60 61 61 61 61 61 61 61 62 62 62 62 62 62 62 63 63 63 63 63 63 63 64 64 64 64 64 64 65 65 65 65 66 66 66 67 67 67 68 68 68 69 69 70 70 71 71 72 72 73 73 74 74 75 76 76 77 78 78 79 79 80 80 81 83 83 84 84 85 86 86 87 87 87
57 57 57 57 57 57 57 58 58 58 58 58 58 58 59 59 59 59 59 59 59 60 60 60 60 60 60 60 61 61 61 61 61 61 61 61 62 62 62 62 62 62 62 62 63 63 63 63 63 63 64 64 64 64 64 65 65 65 66 66 66 67 67 67 68 68 69 69 70 70 71 71 72 72 73 73 74 75 75 76 76 77 78 78 79 79 81 81 82 83 84 84 85 85 86 86
56 56 56 56 57 57 57 57 57 57 57 58 58 58 58 58 58 58 58 59 59 59 59 59 59 59 60 60 60 60 60 60 60 60 60 61 61 61 61 61 61 61 61 62 62 62 62 62 62 62 62 63 63 63 63 64 64 64 64 65 65 65 66 66 66 67 67 68 68 69 69 70 70 71 71 72 72 73 74 74 75 75 76 77 78 79 79 80 80 81 82 82 83 84 84 85
55 56 56 56 56 56 56 56 56 57 57 57 57 57 57 57 58 58 58 58 58 58 58 58 59 59 59 59 59 59 59 59 59 60 60 60 60 60 60 60 60 60 60 61 61 61 61 61 61 61 61 62 62 62 62 62 63 63 63 63 64 64 64 65 65 65 66 66 67 67 68 68 69 69 70 70 71 71 72 72 73 74 74 76 76 77 78 78 79 80 80 81 82 82 82 83
55 55 55 55 55 55 56 56 56 56 56 56 56 56 57 57 57 57 57 57 57 57 58 58 58 58 58 58 58 58 58 59 59 59 59 59 59 59 59 59 59 59 60 60 60 60 60 60 60 60 60 60 61 61 61 61 61 61 62 62 62 63 63 63 64 64 64 65 65 66 66 67 67 68 68 69 69 70 70 71 71 72 73 74 74 75 76 76 77 79 79 79 80 80 81 82
54 54 54 55 55 55 55 55 55 55 55 56 56 56 56 56 56 56 56 57 57 57 57 57 57 57 57 57 58 58 58 58 58 58 58 58 58 58 58 58 58 58 59 59 59 59 59 59 59 59 59 59 59 60 60 60 60 60 60 61 61 61 61 62 62 62 63 63 64 64 65 65 66 66 66 67 68 68 69 69 70 70 71 71 73 73 74 74 75 76 78 78 78 79 80 81
54 54 54 54 54 54 54 54 55 55 55 55 55 55 55 55 56 56 56 56 56 56 56 56 56 56 57 57 57 57 57 57 57 57 57 57 57 57 57 57 58 58 58 58 58 58 58 58 58 58 58 58 58 58 58 59 59 59 59 59 60 60 60 60 61 61 61 62 62 63 63 63 64 64 65 65 66 66 67 67 68 68 69 69 71 71 72 73 74 74 76 77 77 78 78 79
53 53 53 53 53 54 54 54 54 54 54 54 54 55 55 55 55 55 55 55 55 55 55 56 56 56 56 56 56 56 56 56 56 56 56 56 57 57 57 57 57 57 57 57 57 57 57 57 57 57 57 57 57 57 57 57 57 58 58 58 58 58 59 59 59 60 60 60 61 61 61 62 62 63 63 64 64 65 65 66 66 67 67 69 69 70 70 71 72 72 74 75 76 77 78 78
52 52 53 53 53 53 53 53 53 53 54 54 54 54 54 54 54 54 54 55 55 55 55 55 55 55 55 55 55 55 55 55 56 56 56 56 56 56 56 56 56 56 56 56 56 56 56 56 56 56 56 56 56 56 56 56 56 56 56 57 57 57 57 57 58 58 58 59 59 59 60 60 61 61 62 62 63 63 64 64 66 66 66 67 68 68 68 69 69 70 72 73 74 75 76 77
52 52 52 52 52 52 52 53 53 53 53 53 53 53 53 53 54 54 54 54 54 54 54 54 54 54 54 54 55 55 55 55 55 55 55 55 55 55 55 55 55 55 55 55 55 55 55 55 55 55 55 55 55 55 55 55 55 55 55 55 55 56 56 56 56 57 57 57 58 58 58 59 59 60 60 61 61 62 62 62 64 65 65 65 66 66 67 67 68 69 70 71 72 73 74 75
51 51 51 51 52 52 52 52 52 52 52 52 52 53 53 53 53 53 53 53 53 53 53 54 54 54 54 54 54 54 54 54 54 54 54 54 54 54 54 54 54 54 54 54 54 54 54 54 54 54 54 55 53 53 53 53 54 54 54 54 54 54 54 54 55 55 55 56 56 56 57 57 58 58 59 59 59 60 60 61 62 63 64 64 65 65 65 65 66 67 68 69 70 71 72 73
50 51 51 51 51 51 51 51 51 52 52 52 52 52 52 52 52 52 52 53 53 53 53 53 53 53 53 53 53 53 53 53 53 53 53 53 53 53 53 53 53 53 53 53 53 53 53 53 54 53 54 54 54 52 52 52 52 52 52 52 52 53 53 53 53 54 54 54 54 55 55 56 56 57 57 57 58 58 59 60 61 62 62 63 63 64 64 64 65 65 66 68 68 70 71 72
50 50 50 50 50 50 51 51 51 51 51 51 51 51 51 51 52 52 52 52 52 52 52 52 52 52 52 52 52 52 52 52 53 53 53 52 52 52 52 52 52 52 52 54 52 53 52 53 52 53 51 53 53 52 52 52 52 51 51 51 51 51 51 52 52 52 52 53 53 53 54 54 55 55 55 56 56 57 57 58 60 60 60 61 62 62 62 63 64 66 65 66 67 69 70 71
49 49 50 50 50 50 50 50 50 50 50 50 51 51 51 51 51 51 51 51 51 51 51 51 52 52 52 52 52 52 52 52 52 52 52 52 52 52 52 52 51 51 52 52 53 51 52 52 50 50 51 51 52 52 52 52 52 50 50 50 50 50 50 50 50 50 51 51 51 52 52 53 53 53 54 54 55 56 57 57 58 58 59 60 60 60 61 62 63 64 64 65 66 68 68 70
49 49 49 49 49 49 49 49 50 50 50 50 50 50 50 50 50 50 50 51 51 51 51 51 51 51 51 51 51 51 51 51 51 51 51 51 51 51 51 52 52 51 50 50 51 51 52 51 49 51 51 50 51 51 51 51 51 50 49 48 48 48 48 48 49 49 49 49 50 50 51 51 51 52 52 53 53 55 56 56 56 57 57 58 59 60 61 62 63 63 64 64 65 66 67 68
48 48 48 48 49 49 49 49 49 49 49 49 49 49 49 50 50 50 50 50 50 50 50 50 50 50 50 50 50 50 50 50 50 50 50 50 50 50 51 50 50 50 51 51 51 50 51 51 50 50 50 49 50 50 50 50 49 49 49 48 47 47 47 47 47 47 48 48 48 49 49 49 50 50 51 51 53 54 54 55 55 55 56 57 58 59 61 61 62 62 63 63 65 65 66 67
47 48 48 48 48 48 48 48 48 48 48 49 49 49 49 49 49 49 49 49 49 49 49 50 50 50 50 50 50 50 50 50 50 50 50 49 49 49 50 50 49 49 50 50 50 50 51 50 49 50 49 48 49 49 49 49 49 48 48 47 46 45 45 45 46 46 46 46 47 47 48 48 48 49 49 50 52 52 53 54 54 54 56 56 58 59 60 60 61 62 62 63 65 65 66 66
47 47 47 47 47 47 47 48 48 48 48 48 48 48 48 48 48 48 49 49 49 49 49 49 49 49 49 49 49 49 49 49 50 49 49 49 49 50 50 48 49 48 49 50 50 50 50 49 48 48 48 48 48 48 48 47 47 47 46 46 45 44 44 44 44 44 45 45 45 46 46 46 47 47 48 48 50 51 51 52 52 53 55 56 57 58 59 59 60 60 61 62 64 64 65 65
46 46 46 47 47 47 47 47 47 47 47 47 47 48 48 48 48 48 48 48 48 48 48 48 48 48 48 48 48 48 48 48 48 49 48 49 49 49 49 50 49 47 49 50 49 49 48 48 49 47 47 47 47 47 47 46 47 46 44 45 45 44 42 42 43 43 43 43 44 44 45 45 45 46 46 47 48 49 50 50 51 52 53 54 55 56 57 57 58 59 60 61 62 63 63 64
46 46 46 46 46 46 46 46 46 47 47 47 47 47 47 47 47 47 47 47 47 47 48 48 48 48 48 48 48 48 48 48 48 49 49 49 49 49 49 49 50 48 49 49 49 48 48 48 48 46 47 46 46 47 46 46 46 44 43 43 43 43 42 42 41 41 41 42 42 43 43 44 44 45 45 46 46 47 47 50 50 50 51 52 54 54 55 56 56 58 59 60 61 61 62 63
45 45 45 45 45 46 46 46 46 46 46 46 46 46 46 46 47 47 47 47 47 47 47 47 47 47 47 47 47 47 47 47 47 47 48 49 50 49 48 49 50 48 48 49 49 49 48 47 47 46 46 45 45 46 45 44 44 43 42 42 42 42 41 41 41 42 40 40 41 41 42 42 43 43 44 44 45 45 46 48 48 49 49 50 51 53 54 54 55 56 57 58 59 60 61 62
45 45 45 45 45 45 45 45 45 45 45 46 46 46 46 46 46 46 46 46 46 46 46 46 46 46 46 46 46 46 46 46 46 46 47 49 50 49 49 48 49 49 49 49 48 48 48 47 46 45 45 45 45 45 45 43 42 42 41 41 41 40 39 39 39 38 38 40 40 41 41 41 41 42 43 43 43 45 45 46 47 48 50 49 50 51 51 53 54 55 55 56 58 59 60 60
44 44 44 44 44 44 44 45 45 45 45 45 45 45 45 45 45 45 45 46 46 46 46 46 46 46 46 46 46 46 46 47 46 46 47 47 49 49 48 48 49 49 49 48 48 47 47 47 46 45 44 44 45 44 44 42 41 41 41 41 40 40 39 37 36 37 38 38 39 40 40 40 41 41 42 43 43 43 44 46 46 47 48 49 49 49 51 53 53 53 54 55 57 58 58 59
43 43 44 44 44 44 44 44 44 44 44 44 44 44 45 45 45 45 45 45 45 45 45 45 45 45 45 45 45 45 45 45 45 46 46 45 47 48 48 48 49 49 48 48 47 47 47 46 45 44 44 43 44 43 42 41 41 40 39 39 37 37 37 35 36 36 37 37 38 39 39 39 40 40 40 41 42 42 42 45 45 47 46 48 49 49 51 51 51 51 52 55 56 57 57 58
43 43 43 43 43 43 43 43 43 44 44 44 44 44 44 44 44 44 44 44 44 44 44 45 45 45 45 45 45 45 46 46 46 46 46 45 46 46 48 47 47 48 48 47 47 47 46 46 44 43 44 43 43 43 41 40 40 38 37 36 35 35 35 34 34 34 35 36 36 37 38 38 38 39 39 40 41 41 42 43 44 44 45 46 47 49 49 49 49 50 52 53 55 56 56 57
42 42 42 42 43 43 43 43 43 43 43 43 43 43 43 43 44 44 44 44 44 44 44 44 44 44 46 44 44 45 45 45 46 45 46 47 47 46 46 47 47 47 47 47 47 47 46 45 44 44 43 42 42 42 41 40 39 37 35 35 35 33 33 32 32 33 34 35 35 36 37 37 37 38 38 39 40 41 42 42 42 43 44 44 46 46 48 47 48 49 50 52 53 54 55 55
42 42 42 42 42 42 42 42 42 42 42 43 43 43 43 43 43 43 43 43 43 43 43 43 43 45 43 45 45 45 45 44 44 45 45 47 47 46 46 46 46 47 47 47 46 46 45 44 43 43 42 42 41 40 41 39 38 37 35 35 35 32 30 30 31 31 33 34 34 35 35 36 36 37 37 38 39 40 41 41 40 42 42 43 44 44 45 45 47 48 50 50 52 52 54 54
41 41 41 41 41 41 42 42 42 42 42 42 42 42 42 42 42 42 42 43 43 43 43 43 43 43 43 44 44 45 46 45 45 44 45 47 47 47 46 47 46 46 46 46 46 45 44 44 42 42 41 41 41 40 40 38 36 35 34 33 32 31 28 29 30 30 31 32 33 34 35 35 35 36 36 38 38 39 38 39 39 40 41 41 42 43 43 45 46 47 48 49 49 50 51 53
40 40 41 41 41 41 41 41 41 41 41 41 41 42 42 42 42 42 42 42 42 42 42 42 42 42 44 44 44 44 45 44 44 44 45 45 46 47 46 47 46 46 46 46 45 45 44 43 42 42 41 41 40 39 39 38 36 34 32 31 29 29 28 28 28 29 30 31 32 33 34 34 34 36 36 37 38 37 37 38 39 40 40 40 41 41 43 44 45 46 46 47 48 48 50 51
40 40 40 40 40 40 40 40 41 41 41 41 41 41 41 41 41 41 41 41 41 41 42 42 42 42 43 44 44 43 44 43 44 45 45 44 45 46 46 46 46 46 46 45 44 44 43 42 42 41 41 40 39 38 38 37 35 34 33 32 29 31 29 28 28 30 30 31 32 32 33 33 33 34 36 37 38 37 37 38 39 38 38 39 40 41 42 43 44 44 46 46 48 47 48 49
39 39 39 39 40 40 40 40 40 40 40 40 40 40 40 40 41 41 41 41 41 41 41 41 41 41 43 43 42 43 44 45 44 45 46 45 44 44 46 47 47 47 45 44 44 43 43 42 41 41 41 40 39 37 36 35 34 33 33 31 29 31 30 27 28 28 30 30 30 31 32 33 33 33 35 35 36 36 36 37 37 37 37 38 39 41 41 42 43 43 45 46 46 46 47 48
39 39 39 39 39 39 39 39 39 39 40 40 40 40 40 40 40 40 40 40 40 40 40 40 40 41 42 43 42 42 44 45 45 45 46 45 46 44 44 46 47 45 45 44 43 43 43 42 41 40 40 38 37 36 35 35 33 33 33 31 29 28 31 29 29 28 29 28 29 29 30 31 32 32 32 33 34 35 36 36 36 36 36 37 39 39 41 41 41 43 45 45 45 45 46 47
38 38 38 38 38 38 39 39 39 39 39 39 39 39 39 39 39 39 40 41 40 40 40 40 41 40 40 42 42 42 43 44 43 44 44 45 46 46 46 46 46 45 45 44 44 43 42 41 41 40 39 38 37 36 35 35 33 33 32 31 30 29 29 28 28 29 28 28 30 29 30 31 30 31 31 32 33 33 33 35 35 35 36 37 38 39 40 40 41 42 43 43 44 45 45 46
