tests/output/Data/bom_data/etaasep.txt
ncols         417
nrows         337
xllcorner     112.15
yllcorner     -43.8
cellsize      0.1
NODATA_value  -9999
[rows 198 to 263 of 337, columns 288 to 383 of 417]
13 13 13 13 13 15 14 13 13 13 12 12 12 12 12 13 12 13 13 13 14 14 14 14 15 15 14 14 14 14 14 14 14 15 15 15 16 16 16 17 17 18 18 18 19 20 20 20 21 22 21 21 21 21 22 22 22 22 23 23 23 23 23 23 23 23 23 23 23 23 23 23 24 26 27 28 30 31 32 34 35 36 37 38 39 41 42 43 44 46 48 49 50 51 52 53
14 14 13 13 13 14 15 13 13 12 12 12 12 13 12 13 13 13 13 14 14 14 15 15 15 15 15 14 14 14 14 14 14 15 15 15 16 16 17 17 17 18 18 19 19 20 20 21 21 22 21 21 22 22 22 22 22 23 23 23 23 23 23 23 23 23 23 23 23 24 24 24 25 26 28 29 30 32 33 34 36 37 38 39 40 41 42 44 45 47 49 50 51 52 53 54
15 14 14 13 13 14 15 13 13 12 12 12 12 13 13 13 13 13 14 15 14 14 14 14 14 15 15 14 13 13 13 14 14 15 15 15 16 16 17 17 18 18 18 19 19 19 20 21 21 22 23 21 22 22 22 22 23 23 23 23 23 23 24 24 24 24 24 24 24 24 25 25 26 27 28 30 31 33 34 35 36 38 39 40 41 42 43 44 46 47 49 50 51 52 53 54
15 14 14 13 13 13 13 13 13 13 13 13 13 13 13 13 13 13 14 14 14 14 14 14 15 14 14 13 13 13 13 14 14 15 15 16 16 16 17 17 18 18 18 18 19 19 20 20 21 22 22 21 22 22 22 23 23 23 23 23 24 24 24 24 24 24 24 25 25 25 25 26 27 28 29 31 32 33 35 36 37 39 40 41 42 43 44 45 46 47 49 51 51 52 54 55
14 14 14 13 13 13 13 13 13 13 13 14 14 14 14 14 14 14 14 14 15 15 15 15 15 14 13 13 13 13 14 14 15 15 15 16 16 17 17 18 18 18 18 18 19 19 20 20 21 22 22 23 22 22 23 23 23 24 24 24 24 24 24 25 25 25 25 25 26 26 26 27 28 29 30 31 33 34 36 37 38 39 40 41 42 43 44 46 47 47 48 50 52 52 53 54
14 14 14 13 13 13 13 13 14 14 14 14 16 15 14 14 14 14 14 14 15 15 15 15 14 13 13 12 13 13 14 14 15 15 16 16 17 17 18 18 18 18 18 19 19 19 20 21 21 22 22 23 22 23 23 24 24 24 24 24 24 25 25 25 25 26 26 26 26 27 27 28 29 30 31 32 34 35 37 38 39 40 41 42 43 44 45 46 47 47 48 50 51 52 52 52
14 14 14 13 13 13 14 14 14 14 15 15 16 17 15 15 15 15 15 15 15 15 16 15 14 13 13 13 13 13 14 15 15 15 16 17 17 17 17 17 18 18 18 19 19 20 21 22 22 22 22 23 23 23 23 24 24 24 24 24 25 25 25 26 26 26 27 27 27 28 28 29 30 31 32 33 35 36 38 39 40 41 42 43 44 44 45 46 47 46 47 49 50 51 52 53
14 14 14 14 14 14 14 14 14 14 15 15 16 16 16 16 16 16 16 15 15 17 17 16 15 14 13 13 13 14 14 15 15 16 16 17 17 17 17 18 18 19 19 19 20 21 21 21 22 22 22 23 23 23 23 24 24 24 25 25 25 26 26 26 27 27 27 28 28 29 29 30 31 31 33 34 35 37 39 40 41 42 43 43 44 44 45 46 46 46 46 46 48 50 51 51
14 14 14 14 14 15 16 15 14 14 15 15 16 17 17 17 17 17 16 16 16 17 16 15 15 15 14 14 14 14 15 15 16 16 17 17 17 17 18 18 19 20 19 20 20 21 22 22 22 23 23 23 23 23 24 24 25 25 25 25 26 26 26 27 27 28 28 29 29 30 30 31 31 32 33 35 36 38 39 41 42 43 44 44 44 44 45 45 46 46 46 45 46 49 47 46
14 14 14 14 15 15 17 17 15 14 15 16 18 17 17 18 18 17 17 16 16 16 15 15 14 15 14 15 15 15 15 16 16 17 17 17 17 18 18 18 20 20 20 20 21 22 22 22 22 23 23 23 24 24 24 24 25 25 25 26 26 26 27 27 28 28 29 29 30 30 31 32 32 33 34 35 37 38 40 42 43 44 44 43 44 44 44 45 45 46 46 45 45 47 47 46
14 14 14 14 16 16 18 17 15 15 15 16 17 17 17 19 20 18 17 16 16 16 15 15 14 14 15 16 16 16 17 16 16 17 17 18 18 18 18 19 20 21 21 21 21 22 23 22 23 23 23 24 24 24 24 25 25 26 26 26 26 27 27 28 29 29 30 30 31 31 32 33 33 34 34 36 37 39 41 42 42 44 43 42 43 43 44 45 45 45 46 47 46 46 47 48
14 14 14 15 17 17 17 17 15 15 15 16 17 17 19 19 19 17 17 16 16 15 15 15 15 14 15 15 16 16 17 17 17 17 18 18 18 18 19 19 20 22 21 23 22 23 23 23 23 24 24 24 24 24 25 25 26 26 26 27 27 27 28 29 29 30 31 31 32 33 33 34 34 35 35 37 38 39 41 41 42 41 41 41 42 43 43 44 45 45 46 46 46 46 46 47
14 14 14 14 16 17 17 16 15 15 15 15 18 19 19 19 19 19 18 16 16 15 15 15 15 15 15 16 16 16 17 17 17 18 18 18 18 19 19 20 21 23 21 22 23 23 23 23 24 24 24 24 24 25 25 26 26 26 27 27 27 28 29 29 30 31 32 32 33 34 34 35 35 36 36 37 38 40 41 41 42 41 40 40 41 43 44 45 45 45 45 45 46 46 46 47
14 14 14 14 16 18 17 17 16 15 15 15 17 20 19 18 18 20 18 16 16 15 15 15 15 15 16 16 16 16 17 17 17 18 18 18 19 19 20 20 21 23 22 22 23 23 23 24 23 24 24 25 25 25 25 26 26 27 27 27 28 28 29 30 31 32 33 34 34 35 35 36 36 37 37 38 39 40 41 42 43 41 39 39 41 42 44 44 45 45 45 46 45 46 46 46
14 14 14 14 17 20 18 17 17 16 15 15 16 19 20 19 17 18 18 16 16 16 15 16 16 16 16 16 16 17 17 17 18 18 19 19 19 19 20 21 23 23 22 24 23 23 23 24 24 24 24 25 25 25 26 26 27 27 28 28 28 29 30 31 32 33 34 35 35 36 37 37 37 38 38 39 40 40 41 41 42 42 40 41 42 43 44 45 45 45 46 46 46 46 46 46
14 14 14 15 18 20 19 18 17 17 16 15 16 17 18 19 18 17 17 16 16 16 16 17 16 16 16 17 17 17 18 18 18 18 19 19 20 20 20 22 23 24 24 23 22 23 23 24 24 24 25 25 26 26 26 27 27 27 28 28 29 29 30 31 33 34 35 36 37 37 38 38 38 39 39 40 40 41 41 42 42 42 42 42 43 44 45 46 46 46 46 46 46 46 46 46
14 14 14 16 19 20 19 18 17 17 16 16 15 16 17 19 17 17 17 16 16 16 16 16 16 16 17 17 18 18 18 19 19 18 19 20 21 22 22 21 22 23 23 22 22 23 23 23 25 25 25 25 26 27 27 27 27 28 28 29 29 30 31 32 33 35 36 37 38 39 39 39 39 40 40 41 41 42 42 43 43 43 43 43 44 45 46 47 48 48 48 47 46 46 46 46
15 15 16 20 20 21 19 18 17 17 17 16 16 16 17 18 18 18 17 17 17 17 17 17 17 17 18 19 20 19 18 18 19 19 19 20 22 23 22 22 22 22 23 22 22 22 23 23 24 25 25 26 26 27 27 28 28 28 29 29 30 31 32 33 34 36 37 39 40 40 40 40 40 40 41 41 42 42 43 43 44 44 44 45 46 47 47 48 48 49 49 48 47 47 47 47
15 16 19 22 21 20 20 18 17 17 17 16 16 18 19 18 19 19 18 17 17 17 17 17 18 18 19 20 21 20 19 19 19 20 20 21 23 23 22 22 22 22 22 22 23 23 23 24 24 25 26 26 27 28 28 28 28 29 29 30 31 31 33 34 35 37 38 40 41 40 40 40 41 41 42 42 43 43 44 44 45 45 46 47 47 48 49 49 49 48 48 48 48 48 46 48
16 17 20 22 22 19 20 19 18 17 17 17 18 19 19 18 18 18 18 17 17 18 18 18 18 19 20 20 21 19 19 19 21 21 21 23 23 23 22 22 22 22 22 23 24 25 25 25 25 25 26 27 27 28 28 29 29 29 30 31 31 32 33 34 36 37 38 40 40 41 41 41 41 42 42 43 43 44 44 45 46 46 47 48 48 49 49 49 49 48 47 47 46 46 46 46
17 19 21 22 22 22 20 19 18 18 18 18 19 20 18 18 18 18 18 18 18 18 18 19 19 20 20 20 20 20 20 20 21 22 22 23 22 22 22 23 23 23 22 23 24 24 26 25 26 26 26 27 28 28 29 29 29 30 30 31 32 33 34 35 36 37 39 40 40 40 41 42 42 43 43 43 44 45 45 46 47 47 48 49 49 49 50 49 48 47 46 45 45 45 45 45
18 21 22 21 21 21 20 20 19 19 18 19 20 19 18 18 18 18 18 18 19 19 19 20 20 20 21 21 20 20 20 20 21 22 22 22 22 22 22 23 23 23 22 23 24 25 26 26 25 25 27 28 28 29 29 29 30 30 31 32 32 33 34 35 37 38 39 40 41 41 42 42 43 43 44 44 44 45 46 47 47 48 49 49 50 49 50 49 47 46 45 44 45 44 44 44
20 22 21 20 20 20 19 19 19 19 19 19 19 19 19 19 19 19 19 19 19 20 20 20 20 21 21 21 21 21 21 21 21 22 23 22 22 22 24 23 23 22 23 23 24 25 26 26 26 26 27 27 28 29 30 30 30 31 31 32 33 34 35 36 37 38 39 40 41 42 42 43 44 44 45 45 45 46 47 48 49 50 50 51 52 52 51 50 47 47 43 42 42 43 44 43
21 21 21 20 20 20 20 19 19 20 20 20 20 20 20 20 20 20 20 20 20 20 20 21 21 21 21 21 21 21 21 21 21 22 22 22 22 22 23 23 23 23 23 24 24 25 27 26 27 27 28 28 28 29 30 30 31 31 32 32 33 34 35 36 37 38 39 40 42 42 43 44 45 46 46 46 46 47 48 48 49 50 51 52 53 53 53 50 48 46 44 42 42 42 43 43
21 21 21 21 20 20 20 20 20 20 20 20 21 21 22 21 21 21 21 21 21 21 21 21 21 21 21 21 21 21 21 21 21 21 22 22 22 23 23 23 24 23 24 24 24 25 26 27 27 28 28 28 29 30 30 30 31 31 33 33 34 34 35 36 38 39 40 41 42 43 44 45 46 47 47 47 47 47 48 49 50 51 52 53 54 53 53 52 50 48 45 43 41 41 43 43
20 21 21 20 20 20 20 20 20 20 21 21 22 22 22 22 22 22 22 21 21 21 22 22 22 21 21 21 22 22 21 21 21 22 22 23 23 23 23 24 24 24 24 24 25 26 27 27 28 28 28 28 29 30 31 30 31 32 32 33 34 35 36 37 38 39 40 42 43 44 45 46 47 48 48 48 48 48 49 49 50 52 52 53 53 54 54 53 51 50 48 47 46 45 43 43
20 20 20 20 20 20 20 20 20 21 21 22 22 22 23 23 23 22 22 22 22 22 22 22 22 22 22 21 22 22 22 22 22 22 22 23 23 23 23 24 24 25 25 25 25 27 27 27 28 28 28 29 30 30 31 31 31 31 32 33 34 35 36 37 38 39 41 42 44 45 46 47 48 49 49 49 49 49 49 49 50 51 52 53 53 53 54 53 51 50 49 47 47 45 44 43
19 20 20 20 20 20 20 20 21 22 22 22 22 23 23 23 23 23 23 23 23 23 22 22 23 22 22 22 23 23 22 22 22 23 23 23 24 24 24 24 25 25 25 26 26 27 27 28 28 28 28 29 30 30 31 31 31 31 32 33 34 35 36 37 38 40 41 43 44 45 47 48 50 49 50 50 49 49 50 50 51 51 52 53 53 53 53 52 51 50 48 47 46 45 44 43
20 20 20 20 21 21 20 21 22 22 22 22 23 23 23 24 24 23 23 23 23 23 23 23 23 24 23 23 24 23 23 23 23 23 24 24 24 24 25 26 25 26 27 27 27 28 28 28 29 29 28 29 30 30 30 31 31 31 32 33 33 34 36 37 38 40 41 43 44 46 47 49 50 50 50 50 50 50 50 50 51 52 52 53 53 52 52 51 50 49 48 47 45 44 43 42
20 20 20 21 21 21 21 22 23 23 23 23 23 23 23 24 24 24 23 23 23 24 24 24 25 24 24 23 23 23 23 24 24 24 24 24 25 25 25 26 26 27 28 28 28 28 29 29 29 29 29 30 30 30 30 31 31 31 32 33 33 34 35 37 38 39 41 43 44 46 48 49 50 50 51 51 50 50 50 50 51 52 52 52 52 52 52 51 50 49 47 46 45 43 42 41
20 21 21 21 21 21 21 22 23 23 23 23 23 24 24 24 24 24 24 24 25 25 24 25 25 24 24 24 24 24 24 24 24 24 25 25 25 26 26 26 27 27 28 30 30 28 29 28 29 30 30 30 30 30 31 31 31 32 32 33 33 34 35 36 38 40 42 43 45 46 48 49 50 51 51 51 51 50 49 50 51 52 52 52 52 52 51 50 49 48 47 46 44 43 41 40
21 21 22 22 22 23 22 23 23 24 23 24 24 24 25 25 24 24 25 25 25 25 25 25 25 24 24 25 25 24 25 25 25 25 25 26 26 26 27 27 27 28 28 29 30 28 28 28 29 30 30 30 31 31 31 31 32 32 32 33 33 34 35 36 38 40 41 43 45 46 48 49 50 51 51 51 51 50 50 50 51 52 52 52 52 52 51 50 49 47 46 45 43 42 41 40
22 22 22 22 23 23 23 23 23 24 24 24 25 24 25 24 25 25 25 26 25 25 26 25 25 25 26 26 25 25 25 25 25 25 26 26 26 27 27 28 28 28 28 28 29 29 29 29 30 30 30 31 31 31 32 32 32 33 33 34 34 34 36 37 39 40 42 43 45 46 48 49 51 52 52 52 52 51 51 52 53 53 53 53 52 52 51 50 48 47 45 44 42 41 40 39
23 22 22 23 24 23 24 24 24 24 24 25 25 25 25 25 25 25 26 26 25 26 26 26 26 26 26 26 26 26 26 26 26 26 27 27 27 28 28 28 28 28 28 29 29 29 30 30 31 30 31 31 32 32 32 33 33 34 34 35 35 36 37 38 39 41 42 44 45 47 48 49 51 52 53 53 53 53 52 54 54 54 54 53 52 52 51 49 48 46 45 43 42 40 39 38
23 23 23 24 25 24 24 24 24 25 25 26 26 26 25 25 25 26 26 27 27 26 26 26 27 27 26 26 26 26 27 27 27 27 27 28 28 28 29 29 29 29 30 30 29 29 30 31 31 31 31 32 32 33 33 33 34 35 35 35 36 37 38 39 40 41 43 45 46 47 48 50 51 52 54 54 54 54 53 54 54 54 54 54 53 52 50 49 48 46 44 42 41 39 37 37
24 24 24 24 24 25 25 25 25 25 26 26 26 26 26 25 26 26 27 28 27 27 27 27 28 27 27 27 27 27 27 28 28 28 28 28 29 29 29 30 30 30 30 31 31 31 32 31 32 32 32 33 32 33 33 34 35 36 36 36 37 38 39 40 41 42 44 46 47 48 49 51 52 53 55 55 56 56 55 54 54 54 55 54 53 52 51 49 47 46 44 42 40 38 36 37
25 25 24 24 25 25 26 25 26 26 26 26 26 26 26 26 26 27 28 27 27 27 27 27 28 28 28 28 28 28 28 28 28 29 29 29 29 30 30 30 30 30 31 31 31 32 32 31 32 33 32 33 34 34 34 34 35 36 36 37 38 39 40 41 42 42 45 47 48 49 50 52 53 53 55 56 56 56 55 54 54 54 54 54 53 52 50 49 47 45 44 41 39 36 36 37
25 25 25 25 25 26 26 26 27 27 27 27 26 26 26 27 27 28 28 27 27 28 28 29 29 28 28 28 28 29 28 29 29 29 29 30 30 30 31 31 31 31 31 31 32 33 33 32 32 32 34 34 34 35 35 35 36 37 37 38 39 40 40 42 42 43 45 47 49 51 52 52 54 56 56 56 56 56 55 54 54 54 54 53 53 52 50 49 47 46 44 41 39 36 36 37
26 25 26 26 26 27 26 26 27 27 27 27 26 27 28 28 28 29 28 28 28 28 29 30 30 29 29 29 29 29 29 29 29 30 30 30 30 31 31 31 31 31 32 32 33 33 34 32 33 33 34 34 35 35 35 36 37 38 38 39 40 40 41 42 43 43 46 48 49 51 53 55 56 56 56 56 55 55 54 54 54 53 53 53 53 52 50 49 48 46 44 42 43 41 38 37
26 26 27 27 27 27 27 27 28 27 27 27 28 28 28 30 31 30 29 29 29 29 29 30 30 29 29 29 29 29 30 30 30 30 30 31 31 31 32 31 32 32 32 32 33 33 34 33 33 34 34 34 35 35 35 36 37 38 38 40 40 41 42 43 44 45 47 48 50 52 54 56 57 56 56 55 54 54 53 53 52 53 52 52 52 52 51 49 48 46 45 42 43 41 40 38
27 27 27 27 27 27 27 27 27 27 28 29 29 29 30 31 31 30 30 30 30 30 30 30 30 30 30 30 30 30 30 30 31 31 31 31 31 31 31 32 32 32 32 33 33 34 35 34 34 34 34 35 36 36 36 37 37 38 39 40 41 41 42 43 44 45 47 49 50 52 54 55 56 56 55 54 53 52 52 52 51 52 52 52 52 52 51 50 48 47 45 45 42 41 40 38
27 27 27 27 27 27 27 27 28 28 28 29 29 29 31 30 30 30 30 30 31 30 30 31 30 30 30 30 30 31 31 31 31 31 32 32 31 31 32 32 32 32 32 33 34 35 34 34 34 35 35 35 36 36 37 37 38 39 39 40 41 42 43 44 45 46 47 49 50 52 54 54 55 55 54 53 52 50 50 50 50 51 52 52 52 52 51 50 49 47 46 44 44 43 41 39
29 27 27 27 27 27 27 28 28 29 29 29 29 31 31 30 31 31 30 30 31 31 31 31 31 31 31 31 31 31 32 32 32 32 32 32 32 32 32 32 32 32 33 34 35 36 35 35 35 35 35 35 36 37 37 38 38 40 40 41 42 42 43 44 45 47 47 48 50 52 54 55 55 55 54 52 50 48 48 49 48 49 51 52 52 52 52 51 50 48 47 46 44 43 40 39
28 29 29 28 28 28 28 29 29 30 30 30 30 31 31 30 31 31 31 31 30 31 31 31 31 31 31 31 32 32 32 32 32 32 32 32 32 32 32 32 33 33 34 35 36 35 35 35 36 36 36 36 37 37 38 39 39 40 41 41 42 43 43 44 45 46 47 48 50 51 53 54 55 54 53 50 48 45 45 47 47 48 49 51 52 52 52 51 50 49 47 46 44 42 41 39
28 28 29 30 29 29 30 30 30 30 30 30 30 30 31 31 31 31 32 31 31 31 31 31 31 32 32 32 32 32 33 33 33 33 33 33 33 33 33 33 34 34 35 36 36 36 36 36 36 36 37 37 37 38 39 40 40 41 41 42 43 43 44 45 45 46 47 48 49 51 53 54 54 54 52 49 46 42 43 45 45 46 49 51 52 52 52 51 51 49 47 46 45 43 41 40
28 28 29 30 31 31 31 31 30 31 31 31 31 31 31 32 31 32 32 32 32 32 32 32 32 32 32 33 33 33 33 33 34 34 34 34 34 34 34 34 35 35 36 37 37 37 37 37 37 37 37 38 38 39 39 40 41 41 42 42 43 44 45 45 46 46 47 49 50 50 51 53 54 54 53 49 45 41 44 45 44 45 47 50 51 52 51 51 50 48 47 46 45 43 41 40
29 29 29 30 31 32 32 31 31 31 31 31 31 31 31 32 32 32 32 32 32 32 32 32 33 33 33 33 33 34 34 34 34 34 34 34 34 34 34 35 35 36 37 37 37 37 38 38 38 38 38 39 39 40 40 41 42 42 42 43 44 44 45 46 46 47 47 49 50 50 50 52 53 53 52 49 45 43 42 43 44 44 46 49 50 49 50 49 49 48 47 46 45 44 42 41
30 30 29 30 31 32 33 31 31 31 31 32 32 32 32 32 32 33 33 33 32 32 33 33 33 33 33 34 34 34 34 34 35 35 35 35 35 35 35 36 36 37 38 38 38 38 38 39 39 39 39 40 40 41 41 42 42 43 43 44 44 45 45 46 47 47 48 48 49 51 50 51 52 52 51 48 46 44 42 43 44 43 44 46 47 48 48 48 48 47 46 46 45 43 43 42
31 30 30 31 32 33 32 31 32 32 32 32 33 33 33 33 33 34 34 34 34 33 33 34 34 34 34 34 34 34 35 35 35 35 35 35 35 35 36 37 37 38 38 39 39 39 39 39 40 40 40 41 41 42 42 43 43 44 44 44 45 46 46 47 47 47 49 49 50 52 51 51 51 50 50 48 46 44 42 42 42 43 44 45 46 46 47 47 47 46 46 46 45 43 42 41
31 31 32 33 34 33 33 32 33 33 33 33 34 34 34 34 35 35 34 34 34 34 34 34 34 34 34 35 35 35 35 35 35 35 35 35 36 36 36 37 38 38 39 39 39 40 40 40 40 40 41 42 42 42 43 44 44 44 45 45 46 46 47 47 47 48 49 50 50 52 52 51 51 50 49 47 45 44 42 42 41 42 42 44 44 45 45 46 46 46 45 46 45 43 42 39
32 32 33 33 33 33 33 33 34 34 35 34 35 35 35 35 35 35 34 35 35 34 35 35 34 35 35 35 35 35 36 36 36 36 36 36 36 36 37 38 39 39 39 39 39 40 40 40 40 40 41 42 42 43 44 44 45 46 46 46 46 47 47 47 48 49 49 50 51 51 52 52 51 50 48 47 45 43 42 41 40 41 41 42 43 44 44 45 45 45 46 46 46 44 41 37
34 33 33 33 34 33 33 34 35 36 36 36 35 35 35 35 35 35 35 35 35 35 35 35 35 35 35 35 36 36 36 36 36 36 36 36 37 37 38 38 39 40 40 40 40 39 39 39 40 40 41 42 42 43 45 45 46 46 47 47 47 48 48 48 48 49 50 51 52 52 52 52 51 50 48 46 45 43 42 40 39 39 40 41 41 43 43 44 44 45 46 46 45 44 39 37
36 34 33 33 34 33 34 34 35 36 37 37 36 36 36 36 36 36 36 36 36 35 36 36 36 35 35 36 36 36 37 37 37 37 37 37 37 38 38 39 39 40 40 40 40 40 39 39 40 40 41 42 43 43 45 46 47 47 48 48 49 49 49 50 50 50 51 51 53 53 53 52 52 50 48 46 44 42 42 39 38 38 38 40 40 41 42 43 44 44 45 45 45 44 39 37
37 35 34 34 34 35 36 36 37 37 37 38 38 38 37 37 37 37 36 37 36 36 37 37 36 36 36 36 37 37 37 37 37 38 38 38 38 38 39 39 40 40 40 40 40 40 40 40 40 41 41 42 43 44 45 46 48 48 49 49 50 50 50 51 51 51 52 52 53 54 53 53 52 50 48 45 45 42 41 38 37 36 37 38 39 41 41 42 43 44 44 44 42 42 39 37
38 37 36 35 35 35 36 37 37 37 38 38 39 39 38 38 38 37 37 38 37 37 37 38 38 37 37 37 37 38 38 38 38 38 38 39 39 39 39 40 40 40 41 41 41 40 40 40 41 41 42 43 44 45 46 47 48 49 50 50 50 51 51 52 53 53 53 53 54 54 53 52 52 48 47 45 44 42 41 38 37 37 37 38 38 40 41 41 42 43 44 43 40 40 38 38
40 40 38 37 37 36 37 38 38 38 37 38 39 39 39 39 39 38 37 37 37 37 38 38 39 38 38 38 38 39 39 39 39 39 39 39 39 40 40 40 41 41 41 41 41 41 41 41 42 42 43 44 45 46 47 49 50 51 51 51 51 52 52 53 53 53 54 54 55 55 53 51 51 48 46 45 44 43 41 39 36 36 36 37 39 40 40 40 41 42 41 41 40 40 39 38
40 39 38 38 37 37 38 39 39 39 38 38 39 39 40 39 39 39 38 38 38 38 39 39 40 40 39 39 40 40 40 40 40 40 40 40 40 40 41 41 41 42 42 42 42 42 42 42 43 43 44 45 46 46 48 49 50 51 51 52 52 52 52 53 53 54 54 55 55 55 52 49 49 48 45 44 43 42 42 40 35 35 38 37 38 39 39 40 40 42 41 40 40 40 39 39
39 38 38 38 38 38 38 40 40 39 40 40 39 40 39 40 39 40 39 39 39 39 39 40 41 40 40 40 41 41 40 40 40 40 40 40 41 41 42 42 42 42 43 43 43 43 43 43 43 44 44 45 46 48 50 50 51 52 52 52 53 53 53 53 54 54 54 55 55 55 53 49 48 48 45 44 42 42 42 40 37 35 36 38 39 40 39 40 40 40 41 41 41 40 40 40
41 40 40 39 38 39 39 41 40 40 40 40 40 40 40 40 39 40 40 40 40 40 40 40 41 41 41 41 41 41 41 41 41 41 41 41 41 42 42 42 43 43 43 44 44 44 44 45 45 45 45 46 47 49 50 51 52 52 53 53 53 53 53 53 53 53 54 54 54 54 54 52 48 46 44 44 42 41 39 38 37 35 36 38 38 39 39 39 40 41 41 41 41 41 41 40
41 41 40 40 40 40 40 41 41 40 41 41 40 39 39 39 39 40 40 40 41 40 41 41 41 41 42 43 42 42 42 41 41 41 41 41 42 42 43 43 43 43 44 44 44 44 45 45 45 46 45 46 47 49 50 51 53 54 54 53 53 53 53 53 53 53 53 53 53 53 52 51 48 45 44 44 41 39 38 37 38 35 36 36 38 40 39 39 40 41 41 41 41 41 41 41
41 41 41 41 41 41 42 43 41 42 42 41 40 39 39 39 39 40 40 41 41 41 41 41 41 42 44 44 43 43 42 42 43 41 41 41 42 43 43 43 43 44 44 44 44 45 45 45 45 45 45 47 48 50 51 52 53 54 54 53 53 53 53 53 52 52 52 52 51 51 50 48 45 45 44 43 40 39 38 37 36 32 34 37 38 39 39 40 40 41 42 42 42 42 42 42
42 43 43 42 42 44 43 42 41 42 42 41 41 39 38 39 39 40 40 41 41 41 42 42 42 42 43 44 43 43 42 42 43 42 41 42 42 43 43 43 44 44 44 44 44 45 45 45 45 46 47 47 48 50 52 53 55 54 53 53 52 52 52 51 50 50 50 49 49 49 48 46 45 45 45 42 40 39 38 37 35 31 33 37 38 38 39 40 41 42 42 43 43 43 43 43
44 44 45 44 43 44 45 44 43 42 42 42 41 40 39 39 39 40 40 41 41 42 42 42 43 42 43 43 43 42 42 41 42 41 41 42 43 43 43 44 44 45 45 45 45 45 45 45 46 46 47 48 49 50 52 53 53 53 53 52 51 51 50 50 49 48 48 47 47 46 45 44 43 44 46 41 39 38 37 36 31 29 31 34 38 38 39 41 42 42 43 44 44 44 44 44
45 44 45 47 46 45 47 47 45 43 43 43 42 41 39 38 39 40 40 40 41 42 42 43 43 44 44 43 42 41 41 40 41 41 42 43 43 44 44 45 45 45 45 45 45 44 45 46 46 46 47 48 49 48 50 51 52 52 52 51 50 50 49 48 47 46 46 45 44 43 42 41 41 45 43 40 38 37 36 33 30 29 30 34 39 39 39 41 42 43 43 44 44 45 45 44
46 46 46 47 49 48 48 48 47 45 44 45 44 42 40 39 39 40 40 40 41 42 42 43 44 44 44 43 42 40 40 39 40 40 41 43 44 45 45 46 46 46 45 45 45 45 45 45 46 46 46 47 47 47 48 49 50 51 51 50 49 48 47 46 44 44 45 44 42 42 41 39 45 44 41 39 37 36 31 30 31 31 31 38 39 39 40 41 42 43 44 44 45 45 45 45
48 48 48 49 49 49 48 48 48 46 46 46 45 44 42 41 40 40 41 41 41 42 42 43 43 43 44 44 42 40 39 38 39 40 41 43 44 45 46 47 47 46 45 45 45 45 45 45 46 46 46 47 47 46 48 49 49 48 49 49 48 47 46 44 41 41 41 43 42 42 40 36 41 43 41 38 35 32 30 30 30 32 35 38 38 39 40 41 42 43 44 44 45 45 45 46
