tests/output/Data/bom_data/etaaaug.txt
ncols         417
nrows         337
xllcorner     112.15
yllcorner     -43.8
cellsize      0.1
NODATA_value  -9999
[rows 0 to 58 of 337, columns 192 to 287 of 417]
86 86 86 86 86 86 87 87 87 87 87 87 87 87 88 88 88 88 88 87 87 87 87 87 87 87 86 86 86 86 86 85 85 85 85 84 84 84 84 84 84 83 83 83 83 83 83 83 83 83 83 83 83 82 82 82 82 82 82 82 82 82 82 82 82 82 82 82 82 82 83 83 83 83 83 83 83 83 83 83 83 83 83 83 83 83 83 83 83 83 83 83 83 83 83 83
85 85 85 85 86 86 86 86 86 86 87 87 87 87 87 87 87 87 87 87 87 87 87 86 86 86 86 86 85 85 85 85 84 84 84 84 84 83 83 83 83 83 83 82 82 82 82 82 82 82 82 82 82 82 82 82 82 82 82 82 82 82 82 82 82 82 82 82 82 82 82 82 82 82 82 82 82 82 82 82 82 82 82 82 82 82 82 82 82 82 83 83 83 83 83 83
84 85 85 85 85 85 85 85 86 86 86 86 86 86 87 87 87 87 87 86 86 86 86 86 86 85 85 85 85 84 84 84 84 84 83 83 83 83 83 82 82 82 82 82 82 82 81 81 81 81 81 81 81 81 81 81 81 81 81 81 81 81 81 81 81 81 81 81 81 81 81 81 81 81 81 81 81 82 82 82 82 82 82 82 82 82 82 82 82 82 82 82 82 82 82 82
84 84 84 84 84 84 85 85 85 85 85 85 86 86 86 86 86 86 86 86 86 86 85 85 85 85 85 84 84 84 84 83 83 83 83 82 82 82 82 82 81 81 81 81 81 81 81 81 81 81 80 80 80 80 80 80 80 80 80 80 80 80 80 80 81 81 81 81 81 81 81 81 81 81 81 81 81 81 81 81 81 81 81 81 81 81 81 81 81 81 81 81 81 81 82 82
83 83 83 83 83 84 84 84 84 84 84 84 85 85 86 86 86 86 86 85 85 85 85 85 84 84 84 84 83 83 83 83 82 82 82 82 81 81 81 81 81 81 80 80 80 80 80 80 80 80 80 80 80 80 80 80 80 80 80 80 80 80 80 80 80 80 80 80 80 80 80 80 80 80 80 80 80 80 80 80 80 80 81 81 81 81 81 81 81 81 81 81 81 81 81 81
82 82 82 82 83 83 83 82 82 82 83 83 84 84 85 85 85 85 85 85 85 85 84 84 84 84 83 83 83 82 82 82 82 81 81 81 81 80 80 80 80 80 80 79 79 79 79 79 79 79 79 79 79 79 79 79 79 79 79 79 79 79 79 79 79 79 79 79 79 79 79 80 80 80 80 80 80 80 80 80 80 80 80 80 80 80 80 80 80 80 80 80 80 80 80 80
82 81 82 82 82 82 81 81 81 81 82 82 83 84 84 85 85 85 85 84 84 84 84 83 83 83 83 82 82 82 81 81 81 81 80 80 80 80 79 79 79 79 79 79 79 78 78 78 78 78 78 78 78 78 78 78 78 78 78 78 78 78 79 79 79 79 79 79 79 79 79 79 79 79 79 79 79 79 79 79 79 79 79 79 79 79 80 80 80 80 80 80 80 80 80 80
81 81 81 81 81 80 80 79 80 80 81 82 83 83 84 84 84 84 84 84 84 83 83 83 82 82 82 81 81 81 81 80 80 80 79 79 79 79 79 78 78 78 78 78 78 78 78 78 78 78 77 77 77 78 78 78 78 78 78 78 78 78 78 78 78 78 78 78 78 78 78 78 78 78 78 79 79 79 79 79 79 79 79 79 79 79 79 79 79 79 79 79 79 79 79 79
80 80 80 80 80 79 78 78 78 79 80 82 82 83 83 84 84 84 83 83 83 83 82 82 82 81 81 81 80 80 80 79 79 79 79 78 78 78 78 78 77 77 77 77 77 77 77 77 77 77 77 77 77 77 77 77 77 77 77 77 77 77 77 77 77 77 77 77 78 78 78 78 78 78 78 78 78 78 78 78 78 78 78 78 78 78 78 78 78 78 78 78 79 79 79 79
79 79 78 78 78 78 77 77 77 78 80 82 82 82 83 83 83 83 83 83 82 82 82 81 81 81 80 80 80 79 79 79 78 78 78 77 77 77 77 77 76 76 76 76 76 76 76 76 76 76 76 76 76 77 76 76 76 76 76 76 76 76 77 77 77 77 77 77 77 77 77 77 77 77 77 77 77 77 77 77 78 78 78 78 78 78 78 78 78 78 78 78 78 78 78 78
78 77 77 77 78 78 78 77 78 79 80 81 82 82 82 82 83 82 82 82 82 81 81 80 80 80 79 79 79 78 78 78 77 77 77 77 76 76 76 76 76 75 75 75 75 75 75 75 75 75 75 75 76 75 75 75 75 75 76 76 76 76 76 76 76 76 76 76 76 76 76 76 77 77 77 77 77 77 77 77 77 77 77 77 77 77 77 77 77 77 77 77 77 77 77 77
77 76 76 76 76 77 77 78 79 79 80 81 81 81 82 82 82 82 82 81 81 80 80 80 79 79 78 78 78 77 77 77 76 76 76 76 75 75 75 75 75 75 74 74 74 74 74 74 74 74 74 74 74 74 75 75 75 75 75 75 75 75 75 75 75 75 75 76 76 76 76 76 76 76 76 76 76 76 76 76 76 76 76 76 77 77 77 77 77 77 77 77 77 77 77 77
76 76 75 75 75 75 76 77 78 78 79 80 80 80 82 82 82 81 81 80 80 79 79 79 78 78 77 77 77 76 76 76 75 75 75 75 74 74 74 74 74 74 73 73 73 73 73 73 73 73 73 74 74 74 74 74 74 74 74 74 74 74 74 75 75 75 75 75 75 75 75 75 75 75 75 76 76 76 76 76 76 76 76 76 76 76 76 76 76 76 76 76 76 76 76 76
75 74 74 74 74 74 75 76 76 77 77 78 79 80 81 82 82 80 80 79 79 78 78 78 77 77 76 76 76 75 75 75 74 74 74 74 73 73 73 73 73 73 73 72 72 72 72 73 73 73 74 73 73 73 73 73 73 73 73 73 74 74 74 74 74 74 74 74 74 74 75 75 75 75 75 75 75 75 75 75 75 75 75 75 75 75 75 75 75 75 76 76 76 76 76 76
73 73 72 73 73 73 73 74 75 75 76 77 77 79 80 80 80 80 79 78 78 77 77 76 76 76 75 75 75 74 74 74 73 73 73 73 72 72 72 72 72 72 72 71 71 71 72 72 72 72 72 72 72 72 73 72 72 73 73 73 73 73 73 73 73 73 74 74 74 74 74 74 74 74 74 74 74 74 74 75 75 75 75 75 75 75 75 75 75 75 75 75 75 75 75 75
71 71 71 71 71 72 72 73 73 74 75 75 77 77 78 78 79 78 78 77 77 76 76 75 75 75 74 74 74 73 73 73 72 72 72 72 71 71 71 71 71 71 71 71 71 71 71 71 71 71 71 72 72 71 71 72 72 72 72 72 72 72 72 73 73 73 73 73 73 73 73 73 73 74 74 74 74 74 74 74 74 74 74 74 74 74 74 74 74 74 74 74 74 74 74 74
70 70 70 70 70 70 71 71 72 72 73 74 74 75 76 77 77 77 77 76 76 75 75 75 74 73 73 73 72 72 72 72 71 71 71 71 70 70 70 70 70 70 70 70 70 70 70 70 70 70 71 70 70 71 71 71 71 71 71 71 71 72 72 72 72 72 72 72 72 73 73 73 73 73 73 73 73 73 73 73 73 73 74 74 74 74 74 74 74 74 74 74 74 74 74 74
68 68 68 68 69 69 69 70 70 71 71 72 73 74 74 75 75 75 75 74 74 74 74 73 73 73 72 72 71 71 71 70 70 70 70 70 69 69 69 69 69 69 69 69 69 69 69 69 69 69 70 70 70 70 70 70 70 70 70 71 71 71 71 71 71 71 72 72 72 72 72 72 72 72 72 72 73 73 73 73 73 73 73 73 73 73 73 73 73 73 73 73 73 73 73 73
66 66 67 67 67 67 68 68 69 69 70 70 71 72 73 73 73 73 73 73 73 72 72 72 72 71 71 71 71 70 70 69 70 69 69 69 68 68 68 68 68 68 67 68 68 68 68 69 69 69 69 69 69 69 69 69 69 70 70 70 70 70 70 70 71 71 71 71 71 71 71 72 72 72 72 72 72 72 72 72 72 72 72 72 72 72 72 72 72 72 72 72 72 72 72 72
65 65 65 65 65 66 66 66 67 67 68 69 70 70 71 71 71 71 71 71 71 71 71 71 70 70 70 69 69 69 69 69 68 68 68 68 67 67 67 67 67 67 67 67 67 67 68 67 68 68 68 69 68 68 69 69 69 69 69 69 69 69 70 70 70 70 70 70 71 71 71 71 71 71 71 71 71 71 72 72 72 72 72 72 72 72 72 72 72 72 72 72 72 72 72 72
63 63 63 63 64 64 64 65 66 66 67 67 68 68 68 69 69 69 70 70 70 70 69 69 69 69 68 68 68 68 68 68 67 67 67 67 67 67 66 66 66 66 66 66 67 67 67 66 66 67 67 68 68 67 68 68 68 68 68 68 69 69 69 69 69 69 70 70 70 70 70 70 70 71 71 71 71 71 71 71 71 71 71 71 71 71 71 71 71 71 71 71 71 71 71 71
61 61 62 62 62 63 63 63 64 64 65 65 66 66 67 67 67 68 68 68 68 68 68 68 68 67 67 67 67 67 66 67 66 66 66 66 66 66 66 66 65 66 65 65 66 66 65 65 66 66 67 67 67 67 68 68 67 67 68 68 68 68 68 68 69 69 69 69 69 69 70 70 70 70 70 70 70 70 70 70 70 71 71 71 71 71 71 71 71 71 71 71 71 71 71 71
59 60 60 60 60 61 61 62 62 62 63 64 64 64 65 65 66 66 66 66 67 66 67 67 66 66 66 66 65 65 65 65 65 65 65 65 65 65 65 65 65 65 65 65 65 65 64 65 65 66 66 66 66 66 67 66 66 67 67 67 67 67 68 68 68 68 68 68 69 69 69 69 69 69 69 70 70 70 70 70 70 70 70 70 70 70 70 70 70 70 70 70 70 70 70 70
57 58 58 58 59 59 59 60 60 61 61 61 62 62 63 64 64 64 65 65 65 65 65 65 65 64 65 64 64 64 64 64 64 64 64 64 64 64 64 64 64 64 64 64 64 64 64 64 65 65 65 65 66 66 65 65 66 66 66 66 66 67 67 67 67 67 68 68 68 68 68 68 69 69 69 69 69 69 69 69 69 69 69 69 70 70 70 70 70 70 69 69 69 69 69 69
55 56 56 56 57 57 57 58 58 59 59 59 60 60 61 61 62 63 62 63 64 64 64 64 63 64 63 63 63 63 63 63 63 63 63 63 63 63 63 63 63 63 63 63 63 63 64 64 64 64 64 64 65 64 64 65 65 65 65 66 66 66 66 66 67 67 67 67 67 68 68 68 68 68 68 68 68 69 69 69 69 69 69 69 69 69 69 69 69 69 69 69 69 69 69 69
53 53 54 54 55 55 55 56 56 57 57 57 58 58 59 60 60 61 61 61 62 62 62 62 62 62 62 62 62 62 62 62 62 62 62 62 61 62 62 62 62 62 62 62 62 63 63 63 63 63 63 63 64 63 64 64 64 64 65 65 65 65 66 66 66 66 66 67 67 67 67 67 67 68 68 68 68 68 68 68 68 68 68 68 68 68 68 68 68 68 68 68 68 68 68 68
51 52 52 52 53 53 53 54 54 55 55 56 56 56 57 58 59 59 60 60 60 60 61 60 61 61 61 61 61 61 61 61 60 61 61 61 61 61 61 61 61 61 61 61 61 62 62 62 62 62 62 62 62 63 63 63 63 64 64 64 64 65 65 65 65 66 66 66 66 66 66 67 67 67 67 67 67 67 68 68 68 68 68 68 68 68 68 68 68 68 68 68 68 68 67 67
49 50 50 50 51 51 51 52 53 53 53 54 54 55 55 57 57 58 58 58 58 58 59 59 59 59 59 60 60 60 60 59 59 59 59 60 59 60 60 60 60 61 60 60 60 61 61 61 61 61 62 62 62 62 62 62 63 63 63 63 64 64 64 64 65 65 65 65 65 66 66 66 66 66 67 67 67 67 67 67 67 67 67 67 67 67 67 67 67 67 67 67 67 67 67 67
47 47 48 48 49 49 49 50 50 51 51 52 52 53 53 54 55 56 56 56 57 57 58 58 58 58 58 58 58 58 58 58 58 58 58 58 58 59 59 59 60 59 59 59 59 60 60 60 60 60 61 61 61 61 61 62 62 62 62 63 63 63 63 64 64 64 64 65 65 65 65 65 66 66 66 66 66 66 66 67 67 67 67 67 67 67 67 67 67 67 67 66 66 66 66 66
45 46 46 46 47 47 48 48 48 49 49 50 50 51 52 53 53 54 54 54 55 56 56 56 56 57 57 57 57 57 57 57 57 57 57 57 57 58 58 58 59 59 58 58 58 59 59 59 59 60 60 60 60 60 60 61 61 61 62 62 62 62 63 63 63 64 64 64 64 64 65 65 65 65 65 66 66 66 66 66 66 66 66 66 66 66 66 66 66 66 66 66 66 66 66 65
43 43 44 44 45 45 45 46 46 47 48 49 49 49 50 51 52 53 53 53 54 54 54 54 55 55 55 55 55 56 56 56 56 56 56 56 56 57 57 58 58 58 57 57 58 58 58 58 58 59 58 59 59 59 60 60 60 61 61 61 61 62 62 62 63 63 63 63 64 64 64 64 64 65 65 65 65 65 65 65 66 66 66 66 66 66 66 66 66 65 65 65 65 65 65 65
41 41 42 42 43 43 44 44 45 45 46 47 48 48 49 49 50 51 51 52 52 52 53 53 53 53 53 54 54 54 54 54 55 55 55 55 55 56 56 57 56 56 56 56 57 56 57 57 57 57 58 58 58 59 59 59 59 60 60 60 61 61 61 62 62 62 63 63 63 63 64 64 64 64 64 64 65 65 65 65 65 65 65 65 65 65 65 65 65 65 65 65 65 65 64 64
39 39 40 40 41 41 41 42 43 44 44 45 46 46 47 48 49 49 49 50 50 51 51 51 52 52 52 52 53 53 53 53 53 54 54 54 54 55 55 55 55 55 55 55 56 56 56 56 57 56 57 57 57 58 58 58 59 59 59 60 60 60 61 61 61 62 62 62 62 63 63 63 63 64 64 64 64 64 64 64 64 65 65 65 65 65 65 65 64 64 64 64 64 64 64 64
37 38 38 38 39 40 40 40 41 42 42 43 43 44 45 46 47 47 48 48 49 49 50 50 50 50 51 51 51 51 52 52 52 53 53 53 53 54 54 54 54 54 54 54 55 54 55 55 55 56 56 56 57 57 57 58 58 58 59 59 59 60 60 60 61 61 61 62 62 62 62 63 63 63 63 63 64 64 64 64 64 64 64 64 64 64 64 64 64 64 64 64 64 63 63 63
35 36 36 37 37 37 38 38 39 40 41 42 41 42 43 43 45 45 46 46 47 48 48 48 49 49 49 50 50 50 50 51 51 51 52 52 52 53 53 53 53 53 53 53 54 53 54 54 54 55 55 55 56 57 56 58 57 57 58 58 59 59 59 60 60 60 61 61 61 62 62 62 62 62 63 63 63 63 63 63 64 64 64 64 64 64 64 64 63 63 63 63 63 63 63 62
33 34 34 35 35 35 36 37 37 38 38 40 40 41 41 42 43 44 44 45 46 46 46 47 47 48 48 48 49 49 49 49 50 50 50 51 51 51 51 52 52 52 52 52 53 53 53 53 54 54 54 55 55 55 56 56 56 57 57 57 58 58 59 59 59 60 60 60 61 61 61 61 62 62 62 62 63 63 63 63 63 63 63 63 63 63 63 63 63 63 63 63 62 62 62 62
31 32 32 33 33 34 34 34 35 36 37 38 38 39 39 40 41 42 43 43 44 44 45 45 46 46 46 47 47 47 48 48 49 49 49 50 50 50 50 50 51 51 51 51 52 52 52 53 53 53 54 54 55 55 55 55 55 56 56 57 57 57 58 58 59 59 59 60 60 60 61 61 61 61 62 62 62 62 62 62 63 63 63 63 63 63 63 63 62 62 62 62 62 62 62 61
30 30 30 32 31 32 32 33 33 34 35 36 36 37 37 39 39 41 41 42 42 43 43 44 44 45 45 46 46 46 47 47 48 48 48 49 49 49 49 49 50 50 50 50 51 51 51 51 51 52 53 54 54 54 54 54 55 55 56 56 56 57 57 58 58 58 59 59 59 60 60 60 61 61 61 61 62 62 62 62 62 62 62 62 62 62 62 62 62 62 62 62 61 61 61 61
28 28 29 30 30 30 30 31 31 32 33 34 35 35 36 37 38 39 40 40 41 41 42 42 43 43 44 44 45 45 45 46 46 47 47 47 47 48 48 48 48 49 49 49 50 49 50 50 50 51 52 53 53 53 53 53 54 54 55 55 56 56 56 57 57 58 58 58 59 59 60 60 60 60 61 61 61 61 61 62 62 62 62 62 62 62 62 62 62 61 61 61 61 61 61 60
26 27 27 27 28 28 28 29 30 30 31 32 33 33 34 35 36 37 38 38 39 40 40 41 41 42 42 43 44 44 44 45 45 46 46 46 46 47 46 46 46 46 47 48 48 48 49 49 49 50 51 51 52 52 52 53 53 53 54 54 55 55 56 56 57 57 57 58 58 59 59 59 60 60 60 60 61 61 61 61 61 61 61 61 61 61 61 61 61 61 61 61 60 60 60 60
25 25 25 26 26 26 27 27 28 28 29 30 31 32 33 34 35 35 36 37 38 38 39 39 40 41 41 42 43 43 43 44 44 45 45 45 45 45 44 44 44 44 44 45 47 47 48 48 48 49 49 50 51 51 52 52 52 53 53 54 54 55 55 56 56 56 57 57 58 58 58 59 59 59 60 60 60 60 61 61 61 61 61 61 61 61 61 61 61 60 60 60 60 60 59 59
23 24 24 24 24 25 25 25 26 26 27 28 30 30 31 32 33 34 35 35 36 37 37 38 39 39 40 40 41 42 42 42 43 43 44 43 43 43 42 42 42 42 42 42 43 45 46 47 47 48 48 49 49 50 50 51 51 52 52 53 53 54 54 55 55 56 56 57 57 57 58 58 59 59 59 59 60 60 60 60 60 60 60 61 61 60 60 60 60 60 60 60 59 59 59 59
22 22 22 23 23 23 24 23 23 24 25 27 28 29 30 31 31 32 33 34 35 35 36 37 37 38 39 39 40 40 41 41 42 42 42 42 41 41 40 40 41 41 40 40 41 43 45 46 46 47 47 48 48 49 49 50 50 51 52 52 53 53 54 54 55 55 56 56 56 57 57 58 58 58 59 59 59 60 60 60 60 60 60 60 60 60 60 60 60 60 59 59 59 59 59 58
21 21 21 22 22 22 22 22 22 23 24 25 26 27 28 29 30 31 32 33 33 34 35 35 36 37 37 38 38 39 40 40 41 41 41 41 40 39 39 39 39 39 39 39 40 42 44 45 45 46 46 47 47 48 48 49 50 50 51 51 52 52 53 53 54 54 55 55 56 56 57 57 58 58 58 59 59 59 59 59 60 60 60 60 60 60 60 59 59 59 59 59 59 58 58 58
20 21 20 20 21 21 21 21 22 22 23 24 25 26 27 28 29 30 31 31 32 33 34 34 35 35 36 37 37 38 39 39 39 39 39 38 38 38 38 38 38 38 37 38 39 41 43 44 44 45 45 46 46 47 47 48 49 49 50 50 51 52 52 53 53 54 54 55 55 56 56 57 57 57 58 58 58 59 59 59 59 59 59 59 59 59 59 59 59 59 59 58 58 58 58 57
19 19 19 20 20 20 20 20 21 22 22 23 24 25 26 27 28 29 29 30 31 32 32 33 34 34 35 36 36 37 38 38 38 38 38 38 38 37 37 37 37 36 36 37 38 40 42 42 43 43 44 45 45 46 47 47 48 48 49 50 50 51 51 52 52 53 54 54 55 55 56 56 57 57 57 58 58 58 59 59 59 59 59 59 59 59 59 59 59 58 58 58 58 57 57 57
18 18 19 19 19 19 20 20 20 21 21 22 23 24 25 26 27 28 28 29 30 30 31 32 32 33 34 34 35 36 36 37 36 36 36 36 36 35 35 35 35 34 35 36 37 39 40 41 42 42 43 44 44 45 46 46 47 47 48 49 49 50 51 51 52 52 53 54 54 55 55 56 56 57 57 57 58 58 58 58 59 59 59 59 59 59 58 58 58 58 58 57 57 57 57 56
18 17 18 18 18 19 19 20 20 20 21 22 22 23 24 25 25 26 27 28 29 29 30 31 32 32 33 33 34 34 35 35 35 35 35 34 35 34 34 34 33 33 34 36 36 38 39 40 41 41 42 43 43 44 45 45 46 47 47 48 48 49 50 50 51 52 52 53 53 54 55 55 56 56 57 57 57 58 58 58 58 58 58 58 58 58 58 58 58 58 57 57 57 56 56 56
17 17 17 17 18 18 19 19 19 20 20 21 22 23 23 24 25 26 26 27 28 28 29 30 30 31 32 32 32 33 33 34 34 34 34 34 33 33 33 33 33 32 33 34 35 36 38 39 39 40 41 41 42 43 44 44 45 46 46 47 48 48 49 50 50 51 52 52 53 53 54 55 55 56 56 57 57 57 58 58 58 58 58 58 58 58 58 58 57 57 57 57 56 56 56 55
16 16 17 17 17 18 18 18 19 19 20 20 21 22 23 23 24 25 25 26 27 28 28 29 30 30 30 31 31 32 32 33 33 32 33 32 32 31 32 32 32 33 33 33 34 35 36 37 38 39 39 40 41 42 43 43 44 45 45 46 47 47 48 49 49 50 51 52 52 53 53 54 55 55 56 56 57 57 57 57 58 58 58 58 58 58 57 57 57 57 56 56 56 55 55 55
16 16 16 16 17 17 17 18 18 19 19 20 21 21 22 23 23 24 25 25 26 27 27 28 29 29 29 30 30 31 31 32 31 31 31 31 30 30 30 31 31 32 32 33 33 34 35 36 37 37 38 39 40 41 42 42 43 44 44 45 46 47 47 48 49 49 50 51 52 52 53 54 54 55 55 56 56 57 57 57 57 57 57 57 57 57 57 57 57 56 56 56 55 55 55 54
15 15 16 16 16 16 17 17 18 18 19 19 20 21 21 22 23 23 24 25 25 26 26 27 27 28 28 28 29 29 30 30 30 30 30 29 29 29 29 29 30 30 31 33 33 34 34 35 35 36 37 38 39 40 40 41 42 43 43 44 45 46 46 47 48 49 49 50 51 52 52 53 54 54 55 55 56 56 57 57 57 57 57 57 57 57 57 56 56 56 56 55 55 54 54 54
14 15 15 15 16 16 16 17 17 18 18 19 19 20 21 21 22 23 23 24 24 25 25 26 27 27 27 27 28 28 29 29 29 28 28 28 27 28 28 28 29 29 30 32 32 32 33 34 34 35 36 37 38 39 39 40 41 42 42 43 44 45 45 46 47 48 49 49 50 51 52 53 53 54 55 55 56 56 56 57 57 57 57 57 57 57 56 56 56 55 55 55 54 54 54 53
14 14 15 15 15 16 16 16 17 17 18 18 19 19 20 21 21 22 23 23 24 24 25 25 26 26 26 26 27 27 27 28 27 27 27 27 26 26 27 27 27 28 29 30 30 31 31 32 33 33 34 36 37 37 39 39 40 41 41 42 43 44 44 45 46 47 48 49 49 50 51 52 53 53 54 55 55 56 56 56 57 57 57 57 56 56 56 56 55 55 55 54 54 53 53 53
13 13 14 15 15 15 15 16 16 17 17 18 18 19 19 20 21 21 22 22 23 23 24 24 25 25 25 25 26 26 26 26 26 26 26 25 25 25 25 25 26 26 27 28 29 29 30 30 31 32 33 34 35 37 38 38 39 39 40 41 42 42 43 44 45 46 47 48 49 50 51 51 52 53 54 54 55 56 56 56 56 56 56 56 56 56 56 55 55 55 54 54 53 53 52 52
12 13 13 14 14 15 15 15 16 16 17 17 18 18 19 19 20 21 21 22 22 23 23 23 24 24 24 24 25 25 25 25 25 25 24 24 23 24 24 24 24 26 26 26 27 27 28 29 30 31 32 33 34 36 37 37 38 38 39 40 40 41 42 43 44 45 46 47 48 49 50 51 52 53 53 54 55 55 56 56 56 56 56 56 56 56 55 55 55 54 54 53 53 52 52 51
12 12 13 13 14 14 15 15 15 16 16 17 17 18 18 19 19 20 20 21 21 22 22 23 23 23 23 23 24 24 24 24 24 24 23 22 22 22 22 22 23 24 24 25 25 26 26 27 28 29 30 31 32 33 34 35 36 37 38 38 39 40 41 42 43 44 45 46 47 48 49 50 51 52 53 54 55 55 56 56 56 56 56 56 56 55 55 55 54 54 53 53 52 52 51 51
12 12 12 13 13 14 14 15 15 15 16 16 17 17 18 18 19 19 20 20 21 21 21 22 22 22 22 22 23 23 23 23 23 22 21 21 21 21 21 20 21 22 23 24 24 24 24 25 26 27 28 29 31 32 33 34 35 36 36 37 38 39 40 41 42 43 44 45 46 47 48 50 51 52 53 54 54 55 55 56 56 56 56 56 55 55 55 54 54 53 53 52 52 51 51 50
12 12 12 12 13 13 14 14 15 15 15 16 16 17 17 18 18 19 19 20 20 20 21 21 21 21 21 21 22 22 22 21 21 21 20 20 20 20 20 19 19 20 22 22 22 22 22 23 24 25 26 27 29 30 31 32 33 34 35 35 36 37 38 39 40 42 43 44 45 46 48 49 50 51 52 53 54 55 55 56 56 56 56 55 55 55 54 54 53 53 52 52 51 50 50 49
