tests/output/Data/bom_data/etaaoct.txt
ncols         417
nrows         337
xllcorner     112.15
yllcorner     -43.8
cellsize      0.1
NODATA_value  -9999
[rows 236 to 294 of 337, columns 0 to 95 of 417]
88 88 88 88 89 89 89 89 89 89 90 90 90 90 90 90 90 90 90 90 90 90 89 89 89 88 88 87 91 90 89 88 88 86 84 83 83 81 80 78 74 69 64 61 60 60 58 55 53 52 51 49 49 48 46 45 42 41 39 39 38 38 37 36 36 36 36 37 37 38 39 41 42 43 42 42 41 41 45 46 47 48 48 49 49 49 46 46 45 44 43 42 41 40 39 38
88 89 89 89 89 89 89 90 90 90 90 90 90 90 91 91 91 91 91 90 90 90 90 90 89 89 88 88 90 90 89 89 88 87 85 84 85 85 82 80 77 70 62 61 61 60 59 57 55 54 53 51 50 50 47 45 43 41 40 39 38 39 39 39 40 40 39 39 41 43 43 43 44 45 45 44 44 45 45 46 47 47 47 48 48 48 47 47 46 45 44 43 42 41 40 40
89 89 89 89 90 90 90 90 90 91 91 91 91 91 91 91 91 91 91 91 91 91 90 90 90 89 89 88 91 90 89 88 88 87 86 86 87 86 85 83 79 70 63 62 62 62 60 58 56 56 55 54 51 49 46 45 42 40 39 39 39 40 41 42 44 44 44 44 44 45 46 46 46 46 47 46 46 47 47 48 48 48 49 49 49 49 48 48 47 46 46 45 44 43 42 41
89 90 90 90 90 90 91 91 91 91 91 91 91 92 92 92 92 92 92 92 91 91 91 91 90 90 90 89 89 91 90 89 89 88 88 87 88 87 86 84 82 76 68 65 66 63 60 59 58 57 55 53 52 49 46 45 43 40 39 39 39 41 43 45 47 47 47 48 48 48 48 49 49 49 48 48 48 49 49 49 50 50 50 50 50 50 50 49 48 48 47 46 45 44 43 42
90 90 90 91 91 91 91 91 91 92 92 92 92 92 92 92 92 92 92 92 92 92 92 91 91 91 90 90 89 91 90 90 89 89 89 88 88 88 88 85 83 79 70 68 68 64 62 60 58 57 55 53 52 49 46 44 42 40 40 41 41 44 47 48 48 48 50 51 51 51 51 51 51 51 50 50 50 51 51 51 51 51 51 51 51 51 51 50 50 49 48 47 46 46 45 44
90 91 91 91 91 92 92 92 92 92 92 92 93 93 93 93 93 93 93 93 93 92 92 92 92 91 91 91 90 90 89 89 88 90 90 89 89 90 88 87 84 81 73 70 70 67 64 61 61 60 57 55 54 52 50 48 44 42 43 44 45 48 48 48 48 51 54 54 54 54 54 53 53 53 52 52 52 52 53 53 53 53 53 53 52 52 52 51 51 50 49 48 48 47 46 45
91 91 91 92 92 92 92 92 93 93 93 93 93 93 93 93 93 93 93 93 93 93 93 93 92 92 92 92 91 91 90 90 89 89 88 91 90 90 89 88 87 85 81 77 75 72 70 65 63 62 60 59 59 58 56 57 58 59 60 57 63 61 51 51 52 55 57 57 56 57 56 55 55 54 54 54 54 54 54 54 54 54 54 54 54 53 53 52 52 51 50 50 49 48 47 46
92 92 92 92 92 93 93 93 93 93 93 93 94 94 94 94 94 94 94 94 94 94 94 93 93 93 93 92 92 92 91 91 91 90 90 89 92 91 91 90 89 88 87 85 84 80 77 73 70 66 63 62 62 62 61 58 57 55 55 57 59 56 56 57 58 59 60 60 59 58 58 57 57 57 57 56 56 56 56 56 56 56 55 55 55 55 54 54 53 52 52 51 50 49 49 48
92 92 92 93 93 93 93 93 94 94 94 94 94 94 94 94 94 94 94 94 94 94 94 94 94 94 93 93 93 93 92 92 92 91 91 91 90 93 92 91 91 90 89 88 87 87 86 83 78 74 70 69 69 69 67 65 62 58 59 60 61 61 61 62 63 62 61 62 62 61 60 60 59 59 59 58 58 58 58 58 57 57 57 56 56 56 55 55 54 53 53 52 51 50 50 49
93 93 93 93 93 94 94 94 94 94 94 95 95 95 95 95 95 95 95 95 95 95 95 95 95 94 94 94 94 94 93 93 93 93 92 92 92 91 93 92 92 91 91 90 90 90 90 90 87 83 81 81 79 77 77 76 76 72 66 66 65 65 66 65 64 64 64 64 65 64 63 62 62 61 61 60 60 60 59 59 59 59 58 58 57 57 56 56 55 55 54 53 52 52 51 50
93 93 93 94 94 94 94 94 95 95 95 95 95 95 95 95 96 96 96 96 96 96 95 95 95 95 95 95 95 95 94 94 94 94 94 93 93 93 92 92 93 93 92 93 92 92 93 93 93 94 94 93 89 85 83 81 82 81 76 75 72 70 68 65 65 66 67 69 68 67 66 65 64 64 63 62 62 62 61 61 60 60 60 59 59 58 58 57 56 56 55 54 54 53 52 51
93 94 94 94 94 95 95 95 95 95 95 96 96 96 96 96 96 96 96 96 96 96 96 96 96 96 96 96 96 96 95 95 95 95 95 95 94 94 94 94 93 93 93 95 95 95 95 96 96 97 99 99 98 93 90 88 88 87 85 82 79 75 73 70 70 71 72 71 70 69 68 67 66 66 65 64 64 63 63 62 62 61 61 60 60 59 59 58 57 57 56 55 55 54 53 52
94 94 94 95 95 95 95 95 96 96 96 96 96 96 96 97 97 97 97 97 97 97 97 97 97 97 97 97 96 96 96 96 96 96 96 96 96 95 95 95 95 95 95 95 95 95 96 96 97 98 99 100 100 100 97 94 94 91 91 86 82 78 78 76 75 76 75 74 73 71 70 69 68 68 67 66 66 65 64 64 63 63 62 62 61 60 60 59 59 58 57 57 56 55 54 54
94 95 95 95 95 95 96 96 96 96 96 97 97 97 97 97 97 97 97 97 97 97 97 97 97 97 97 97 97 97 97 97 97 97 97 97 97 97 97 97 96 96 97 97 97 97 98 98 99 100 101 101 101 101 100 98 97 95 92 87 85 83 81 81 80 79 78 76 75 74 72 71 70 70 69 68 67 67 66 65 65 64 64 63 62 62 61 60 60 59 58 58 57 56 55 55
95 95 95 95 96 96 96 96 96 97 97 97 97 97 97 98 98 98 98 98 98 98 98 98 98 98 98 98 98 98 98 98 98 98 98 98 98 98 98 98 98 98 98 98 99 99 100 100 101 101 102 102 102 102 101 100 99 97 94 91 89 88 86 85 83 81 80 78 77 76 74 73 72 71 70 70 69 68 67 67 66 65 65 64 64 63 62 62 61 60 59 59 58 57 57 56
95 95 96 96 96 96 97 97 97 97 97 97 98 98 98 98 98 98 98 98 99 99 99 99 99 99 99 99 99 99 99 99 99 99 99 99 99 99 99 99 99 99 100 100 100 101 101 102 102 103 103 103 103 103 102 101 100 98 96 94 92 91 89 87 85 83 82 80 79 78 76 75 74 73 72 71 70 70 69 68 67 67 66 65 65 64 63 63 62 61 61 60 59 58 58 57
96 96 96 96 97 97 97 97 97 98 98 98 98 98 98 99 99 99 99 99 99 99 99 99 99 99 100 100 100 100 100 100 100 100 100 100 100 100 100 100 100 101 101 101 101 102 102 103 103 104 104 104 104 103 103 102 101 99 97 96 94 92 90 88 87 85 84 82 81 79 78 77 76 75 74 73 72 71 70 70 69 68 67 67 66 65 64 64 63 62 62 61 60 59 59 58
96 96 97 97 97 97 97 98 98 98 98 98 99 99 99 99 99 99 99 100 100 100 100 100 100 100 100 100 100 100 100 101 101 101 101 101 101 101 101 101 102 102 102 102 103 103 103 104 104 104 105 105 104 104 103 102 101 100 98 97 95 93 92 90 88 87 85 84 82 81 80 78 77 76 75 74 73 72 72 71 70 69 69 68 67 66 66 65 64 63 63 62 61 60 60 59
96 97 97 97 97 98 98 98 98 98 99 99 99 99 99 99 100 100 100 100 100 100 100 101 101 101 101 101 101 101 101 101 101 101 102 102 102 102 102 102 102 103 103 103 103 104 104 104 105 105 105 105 105 104 104 103 102 100 99 98 96 94 93 91 90 88 87 85 84 82 81 80 79 78 77 76 75 74 73 72 71 70 70 69 68 67 67 66 65 64 64 63 62 61 61 60
97 97 97 98 98 98 98 98 99 99 99 99 99 100 100 100 100 100 100 101 101 101 101 101 101 101 101 102 102 102 102 102 102 102 102 102 103 103 103 103 103 104 104 104 104 105 105 105 105 105 105 105 105 105 104 103 102 101 100 98 97 95 94 92 91 89 88 86 85 84 82 81 80 79 78 77 76 75 74 73 72 72 71 70 69 68 68 67 66 65 65 64 63 62 62 61
97 97 98 98 98 98 99 99 99 99 99 100 100 100 100 100 101 101 101 101 101 101 101 102 102 102 102 102 102 102 102 103 103 103 103 103 103 103 104 104 104 104 105 105 105 105 105 106 106 106 106 106 105 105 104 103 103 101 100 99 98 96 95 93 92 90 89 88 86 85 84 83 81 80 79 78 77 76 75 74 74 73 72 71 70 70 69 68 67 66 66 65 64 63 63 62
98 98 98 98 99 99 99 99 99 100 100 100 100 100 101 101 101 101 101 101 102 102 102 102 102 102 103 103 103 103 103 103 103 104 104 104 104 104 104 105 105 105 105 105 106 106 106 106 106 106 106 106 105 105 104 104 103 102 101 99 98 97 96 94 93 91 90 89 87 86 85 84 83 81 80 79 78 77 77 76 75 74 73 72 71 71 70 69 68 67 67 66 65 64 64 63
98 98 98 99 99 99 99 100 100 100 100 100 101 101 101 101 101 102 102 102 102 102 102 103 103 103 103 103 103 103 104 104 104 104 104 104 105 105 105 105 105 106 106 106 106 106 106 106 106 106 106 106 106 105 105 104 103 102 101 100 99 98 96 95 94 92 91 90 88 87 86 85 84 83 82 80 79 79 78 77 76 75 74 73 72 72 71 70 69 68 68 67 66 65 65 64
98 99 99 99 99 100 100 100 100 100 101 101 101 101 101 102 102 102 102 102 103 103 103 103 103 103 104 104 104 104 104 104 104 105 105 105 105 105 105 106 106 106 106 106 106 107 107 107 107 107 106 106 106 105 105 104 103 102 101 100 99 98 97 96 94 93 92 91 89 88 87 86 85 84 83 82 81 80 79 78 77 76 75 74 73 73 72 71 70 69 69 68 67 66 66 65
99 99 99 99 100 100 100 100 101 101 101 101 101 102 102 102 102 102 103 103 103 103 103 103 104 104 104 104 104 104 105 105 105 105 105 105 106 106 106 106 106 106 107 107 107 107 107 107 107 107 107 106 106 105 105 104 104 103 102 101 100 99 97 96 95 94 93 91 90 89 88 87 86 85 84 83 82 81 80 79 78 77 76 75 74 73 73 72 71 70 70 69 68 67 67 66
99 99 99 100 100 100 100 101 101 101 101 102 102 102 102 102 103 103 103 103 103 104 104 104 104 104 104 105 105 105 105 105 105 106 106 106 106 106 106 107 107 107 107 107 107 107 107 107 107 107 107 106 106 106 105 104 104 103 102 101 100 99 98 97 96 94 93 92 91 90 89 88 87 85 84 83 82 81 81 80 79 78 77 76 75 74 74 73 72 71 70 70 69 68 67 67
99 100 100 100 100 101 101 101 101 101 102 102 102 102 103 103 103 103 103 104 104 104 104 104 104 105 105 105 105 105 105 106 106 106 106 106 106 107 107 107 107 107 107 107 107 107 107 107 107 107 107 107 106 106 105 105 104 103 102 101 100 99 98 97 96 95 94 93 92 91 89 88 87 86 85 84 83 82 81 80 80 79 78 77 76 75 74 74 73 72 71 71 70 69 68 68
100 100 100 100 101 101 101 101 102 102 102 102 102 103 103 103 103 103 104 104 104 104 104 105 105 105 105 105 106 106 106 106 106 106 107 107 107 107 107 107 107 107 108 108 108 108 108 108 107 107 107 107 106 106 105 105 104 103 102 102 101 100 99 98 97 96 95 93 92 91 90 89 88 87 86 85 84 83 82 81 80 80 79 78 77 76 75 74 74 73 72 71 71 70 69 68
100 100 100 101 101 101 101 102 102 102 102 103 103 103 103 103 104 104 104 104 104 105 105 105 105 105 106 106 106 106 106 106 107 107 107 107 107 107 107 108 108 108 108 108 108 108 108 108 107 107 107 107 106 106 105 105 104 103 103 102 101 100 99 98 97 96 95 94 93 92 91 90 89 88 87 86 85 84 83 82 81 80 79 79 78 77 76 75 75 74 73 72 71 71 70 69
100 100 101 101 101 101 102 102 102 102 103 103 103 103 103 104 104 104 104 105 105 105 105 105 105 106 106 106 106 106 107 107 107 107 107 107 107 108 108 108 108 108 108 108 108 108 108 108 108 107 107 107 106 106 105 105 104 104 103 102 101 100 99 98 97 97 96 95 94 92 91 90 89 89 88 87 86 85 84 83 82 81 80 79 79 78 77 76 75 75 74 73 72 72 71 70
101 101 101 101 101 102 102 102 102 103 103 103 103 104 104 104 104 104 105 105 105 105 105 106 106 106 106 106 106 107 107 107 107 107 107 108 108 108 108 108 108 108 108 108 108 108 108 108 108 107 107 107 106 106 106 105 104 104 103 102 101 101 100 99 98 97 96 95 94 93 92 91 90 89 88 87 86 85 85 84 83 82 81 80 79 78 78 77 76 75 75 74 73 72 72 71
101 101 101 102 102 102 102 102 103 103 103 103 104 104 104 104 104 105 105 105 105 105 106 106 106 106 106 107 107 107 107 107 107 108 108 108 108 108 108 108 108 108 108 108 108 108 108 108 108 107 107 107 106 106 106 105 104 104 103 102 102 101 100 99 98 97 96 95 94 94 93 92 91 90 89 88 87 86 85 84 83 83 82 81 80 79 78 78 77 76 75 75 74 73 72 72
101 101 102 102 102 102 103 103 103 103 103 104 104 104 104 105 105 105 105 105 106 106 106 106 106 106 107 107 107 107 107 107 108 108 108 108 108 108 108 108 108 108 108 108 108 108 108 108 108 108 107 107 107 106 106 105 105 104 103 103 102 101 100 99 99 98 97 96 95 94 93 92 91 90 89 89 88 87 86 85 84 83 82 82 81 80 79 78 78 77 76 75 75 74 73 72
101 102 102 102 102 103 103 103 103 103 104 104 104 104 105 105 105 105 105 106 106 106 106 106 107 107 107 107 107 107 108 108 108 108 108 108 108 108 108 108 108 109 108 108 108 108 108 108 108 108 107 107 107 106 106 105 105 104 103 103 102 101 100 100 99 98 97 96 95 94 94 93 92 91 90 89 88 87 86 86 85 84 83 82 81 81 80 79 78 78 77 76 75 75 74 73
102 102 102 102 103 103 103 103 103 104 104 104 104 105 105 105 105 105 106 106 106 106 106 107 107 107 107 107 107 108 108 108 108 108 108 108 108 108 109 109 109 109 109 109 108 108 108 108 108 108 107 107 107 106 106 105 105 104 103 103 102 101 101 100 99 98 97 97 96 95 94 93 92 91 90 90 89 88 87 86 85 85 84 83 82 81 81 80 79 78 77 77 76 75 75 74
102 102 102 102 103 103 103 103 104 104 104 104 105 105 105 105 105 106 106 106 106 106 107 107 107 107 107 107 108 108 108 108 108 108 108 108 109 109 109 109 109 109 109 109 108 108 108 108 108 108 107 107 107 106 106 105 105 104 104 103 102 102 101 100 99 99 98 97 96 95 94 94 93 92 91 90 89 88 88 87 86 85 84 84 83 82 81 80 80 79 78 77 77 76 75 75
102 102 102 103 103 103 103 104 104 104 104 105 105 105 105 105 106 106 106 106 106 107 107 107 107 107 107 108 108 108 108 108 108 108 108 109 109 109 109 109 109 109 109 109 109 108 108 108 108 108 107 107 107 106 106 105 105 104 104 103 102 102 101 100 100 99 98 97 96 96 95 94 93 92 91 91 90 89 88 87 86 86 85 84 83 83 82 81 80 80 79 78 77 77 76 75
102 102 103 103 103 103 104 104 104 104 105 105 105 105 105 106 106 106 106 106 107 107 107 107 107 107 108 108 108 108 108 108 108 109 109 109 109 109 109 109 109 109 109 109 109 108 108 108 108 108 107 107 107 106 106 105 105 104 104 103 103 102 101 101 100 99 98 98 97 96 95 94 94 93 92 91 90 89 89 88 87 86 85 85 84 83 82 82 81 80 79 79 78 77 77 76
102 103 103 103 103 104 104 104 104 105 105 105 105 105 106 106 106 106 106 107 107 107 107 107 107 108 108 108 108 108 108 108 109 109 109 109 109 109 109 109 109 109 109 109 109 108 108 108 108 108 107 107 107 106 106 105 105 104 104 103 103 102 101 101 100 99 99 98 97 96 95 95 94 93 92 91 91 90 89 88 88 87 86 85 84 84 83 82 81 81 80 79 79 78 77 77
103 103 103 103 104 104 104 104 104 105 105 105 105 106 106 106 106 106 107 107 107 107 107 107 108 108 108 108 108 108 108 109 109 109 109 109 109 109 109 109 109 109 109 109 109 108 108 108 108 108 107 107 107 106 106 105 105 104 104 103 103 102 102 101 100 99 99 98 97 97 96 95 94 93 93 92 91 90 90 89 88 87 87 86 85 84 84 83 82 81 81 80 79 79 78 77
103 103 103 104 104 104 104 104 105 105 105 105 106 106 106 106 106 107 107 107 107 107 107 108 108 108 108 108 108 108 109 109 109 109 109 109 109 109 109 109 109 109 109 109 109 108 108 108 108 108 107 107 107 106 106 105 105 104 104 103 103 102 102 101 100 100 99 98 98 97 96 95 95 94 93 92 92 91 90 89 89 88 87 86 86 85 84 83 83 82 81 81 80 79 78 78
103 103 103 104 104 104 104 105 105 105 105 105 106 106 106 106 106 107 107 107 107 107 108 108 108 108 108 108 108 109 109 109 109 109 109 109 109 109 109 109 109 109 109 109 109 108 108 108 108 108 107 107 107 106 106 105 105 105 104 104 103 102 102 101 101 100 99 98 98 97 96 96 95 94 93 93 92 91 90 90 89 88 87 87 86 85 85 84 83 82 82 81 80 80 79 78
103 103 104 104 104 104 105 105 105 105 105 106 106 106 106 106 107 107 107 107 107 108 108 108 108 108 108 108 108 109 109 109 109 109 109 109 109 109 109 109 109 109 109 109 109 108 108 108 108 108 107 107 107 106 106 105 105 105 104 104 103 102 102 101 101 100 99 99 98 97 97 96 95 94 94 93 92 92 91 90 89 89 88 87 86 86 85 84 84 83 82 82 81 80 80 79
103 104 104 104 104 104 105 105 105 105 106 106 106 106 106 107 107 107 107 107 107 108 108 108 108 108 108 108 109 109 109 109 109 109 109 109 109 109 109 109 109 109 109 109 109 108 108 108 108 108 107 107 107 106 106 106 105 105 104 104 103 103 102 101 101 100 100 99 98 98 97 96 95 95 94 93 93 92 91 91 90 89 88 88 87 86 86 85 84 84 83 82 82 81 80 80
103 104 104 104 104 105 105 105 105 105 106 106 106 106 106 107 107 107 107 107 108 108 108 108 108 108 108 109 109 109 109 109 109 109 109 109 109 109 109 109 109 109 109 109 109 108 108 108 108 108 107 107 107 106 106 106 105 105 104 104 103 103 102 102 101 100 100 99 98 98 97 96 96 95 94 94 93 92 92 91 90 89 89 88 87 87 86 85 85 84 83 83 82 81 81 80
104 104 104 104 105 105 105 105 105 106 106 106 106 106 107 107 107 107 107 107 108 108 108 108 108 108 108 109 109 109 109 109 109 109 109 109 109 109 109 109 109 109 109 109 109 108 108 108 108 108 107 107 107 106 106 106 105 105 104 104 103 103 102 102 101 100 100 99 99 98 97 97 96 95 95 94 93 93 92 91 91 90 89 89 88 87 86 86 85 84 84 83 83 82 81 81
104 104 104 104 105 105 105 105 106 106 106 106 106 107 107 107 107 107 107 108 108 108 108 108 108 108 109 109 109 109 109 109 109 109 109 109 109 109 109 109 109 109 109 109 108 108 108 108 108 107 107 107 107 106 106 106 105 105 104 104 103 103 102 102 101 101 100 99 99 98 98 97 96 96 95 94 94 93 92 92 91 90 90 89 88 88 87 86 86 85 84 84 83 82 82 81
104 104 104 105 105 105 105 105 106 106 106 106 106 107 107 107 107 107 107 108 108 108 108 108 108 108 109 109 109 109 109 109 109 109 109 109 109 109 109 109 109 109 109 109 108 108 108 108 108 107 107 107 107 106 106 106 105 105 104 104 103 103 102 102 101 101 100 100 99 98 98 97 96 96 95 95 94 93 93 92 91 91 90 89 89 88 87 87 86 85 85 84 84 83 82 82
104 104 104 105 105 105 105 106 106 106 106 106 107 107 107 107 107 107 108 108 108 108 108 108 108 108 109 109 109 109 109 109 109 109 109 109 109 109 109 109 109 109 109 109 108 108 108 108 108 107 107 107 107 106 106 106 105 105 104 104 103 103 102 102 101 101 100 100 99 99 98 97 97 96 95 95 94 94 93 92 92 91 90 90 89 88 88 87 86 86 85 85 84 83 83 82
104 104 105 105 105 105 105 106 106 106 106 106 107 107 107 107 107 107 108 108 108 108 108 108 108 109 109 109 109 109 109 109 109 109 109 109 109 109 109 109 109 109 109 109 108 108 108 108 108 107 107 107 107 106 106 106 105 105 104 104 103 103 103 102 101 101 100 100 99 99 98 98 97 96 96 95 94 94 93 93 92 91 91 90 89 89 88 88 87 86 86 85 84 84 83 83
104 104 105 105 105 105 105 106 106 106 106 106 107 107 107 107 107 108 108 108 108 108 108 108 108 109 109 109 109 109 109 109 109 109 109 109 109 109 109 109 109 109 109 109 108 108 108 108 108 107 107 107 107 106 106 106 105 105 104 104 104 103 103 102 102 101 101 100 99 99 98 98 97 97 96 95 95 94 93 93 92 92 91 90 90 89 89 88 87 87 86 85 85 84 84 83
104 105 105 105 105 105 106 106 106 106 106 107 107 107 107 107 107 108 108 108 108 108 108 108 108 109 109 109 109 109 109 109 109 109 109 109 109 109 109 109 109 109 109 108 108 108 108 108 108 107 107 107 107 106 106 106 105 105 104 104 104 103 103 102 102 101 101 100 100 99 98 98 97 97 96 96 95 94 94 93 93 92 91 91 90 90 89 88 88 87 87 86 85 85 84 84
104 105 105 105 105 105 106 106 106 106 106 107 107 107 107 107 107 108 108 108 108 108 108 108 108 109 109 109 109 109 109 109 109 109 109 109 109 109 109 109 109 109 109 108 108 108 108 108 108 107 107 107 107 106 106 106 105 105 104 104 104 103 103 102 102 101 101 100 100 99 99 98 98 97 96 96 95 95 94 93 93 92 92 91 90 90 89 89 88 87 87 86 86 85 85 84
104 105 105 105 105 106 106 106 106 106 107 107 107 107 107 107 108 108 108 108 108 108 108 108 109 109 109 109 109 109 109 109 109 109 109 109 109 109 109 109 109 109 109 108 108 108 108 108 107 107 107 107 106 106 106 106 105 105 104 104 104 103 103 102 102 101 101 100 100 99 99 98 98 97 97 96 95 95 94 94 93 93 92 91 91 90 90 89 88 88 87 87 86 86 85 84
105 105 105 105 105 106 106 106 106 106 107 107 107 107 107 107 108 108 108 108 108 108 108 108 109 109 109 109 109 109 109 109 109 109 109 109 109 109 109 109 109 109 108 108 108 108 108 108 107 107 107 107 106 106 106 106 105 105 104 104 104 103 103 102 102 101 101 100 100 99 99 98 98 97 97 96 96 95 95 94 93 93 92 92 91 91 90 89 89 88 88 87 87 86 85 85
105 105 105 105 105 106 106 106 106 106 107 107 107 107 107 107 108 108 108 108 108 108 108 108 109 109 109 109 109 109 109 109 109 109 109 109 109 109 109 109 109 109 108 108 108 108 108 108 107 107 107 107 106 106 106 106 105 105 104 104 104 103 103 102 102 102 101 101 100 100 99 99 98 98 97 96 96 95 95 94 94 93 93 92 91 91 90 90 89 89 88 87 87 86 86 85
105 105 105 105 106 106 106 106 106 106 107 107 107 107 107 107 108 108 108 108 108 108 108 108 109 109 109 109 109 109 109 109 109 109 109 109 109 109 109 109 109 108 108 108 108 108 108 108 107 107 107 107 106 106 106 106 105 105 104 104 104 103 103 102 102 102 101 101 100 100 99 99 98 98 97 97 96 96 95 94 94 93 93 92 92 91 91 90 89 89 88 88 87 87 86 86
105 105 105 105 106 106 106 106 106 107 107 107 107 107 107 107 108 108 108 108 108 108 108 108 109 109 109 109 109 109 109 109 109 109 109 109 109 109 109 109 109 108 108 108 108 108 108 108 107 107 107 107 106 106 106 105 105 105 104 104 104 103 103 103 102 102 101 101 100 100 99 99 98 98 97 97 96 96 95 95 94 94 93 93 92 91 91 90 90 89 89 88 88 87 87 86
105 105 105 105 106 106 106 106 106 107 107 107 107 107 107 107 108 108 108 108 108 108 108 108 108 109 109 109 109 109 109 109 109 109 109 109 109 109 109 109 108 108 108 108 108 108 108 107 107 107 107 107 106 106 106 105 105 105 104 104 104 103 103 103 102 102 101 101 100 100 99 99 98 98 97 97 96 96 95 95 94 94 93 93 92 92 91 91 90 90 89 89 88 88 87 86
