tests/output/Data/bom_data/etaaapr.txt
ncols         417
nrows         337
xllcorner     112.15
yllcorner     -43.8
cellsize      0.1
NODATA_value  -9999
[rows 232 to 289 of 337, columns 288 to 383 of 417]
19 19 19 20 20 20 20 20 20 21 21 21 21 21 21 21 21 22 22 23 23 23 23 23 24 24 24 24 24 24 24 25 25 25 25 26 26 27 27 27 28 28 28 28 28 27 28 29 29 29 28 28 29 29 28 28 29 30 29 29 29 28 28 28 28 27 27 28 28 28 29 29 30 30 32 34 33 34 36 37 39 39 40 40 40 40 40 41 43 43 42 43 43 42 41 41
19 19 19 20 20 20 20 20 20 20 21 21 21 21 21 21 21 22 23 24 23 23 24 24 24 24 24 24 24 25 25 25 25 26 26 26 27 27 27 28 28 28 28 28 28 28 29 28 29 30 29 29 29 29 29 29 29 29 29 29 29 28 28 28 28 27 28 29 28 29 29 30 31 31 32 33 34 34 35 36 38 39 40 41 40 41 41 41 42 42 43 41 42 42 41 40
19 20 19 19 19 20 20 20 20 20 21 21 21 21 21 21 22 23 23 23 23 23 23 24 24 25 24 25 25 25 25 25 26 26 26 27 27 27 28 28 28 28 28 28 29 29 30 29 29 30 29 29 30 29 29 29 29 29 29 29 29 28 28 28 28 27 28 29 29 29 30 31 31 32 33 33 34 35 36 37 37 39 40 41 41 42 41 42 43 43 44 41 41 41 40 39
19 19 19 19 20 20 20 20 21 21 21 21 21 21 21 22 23 23 23 23 23 24 24 25 25 25 25 25 25 25 25 26 26 26 26 27 27 28 28 28 28 28 28 29 29 30 30 29 29 29 30 30 30 30 29 29 29 29 29 29 29 29 28 28 27 27 28 28 29 30 31 31 32 34 34 34 34 35 35 37 38 39 40 41 42 41 42 43 43 44 44 41 41 40 40 39
20 19 19 20 20 20 20 20 21 21 21 21 21 22 22 23 23 24 23 23 23 24 24 25 26 25 25 25 25 25 26 26 26 26 27 27 28 28 28 28 28 28 29 29 30 30 30 29 30 30 30 30 30 29 29 29 29 30 29 29 29 29 28 28 27 27 27 28 28 30 31 33 34 35 35 34 34 34 35 37 37 37 40 40 42 42 43 44 44 44 43 41 39 39 39 37
20 20 20 20 20 20 20 20 21 21 21 21 22 22 22 24 25 24 24 24 24 24 24 25 25 25 25 25 25 26 26 26 26 27 27 27 28 28 28 28 29 29 29 29 30 30 31 30 30 30 30 30 30 30 29 29 29 29 29 29 29 29 28 28 27 27 27 27 28 30 32 33 34 34 34 34 33 34 34 35 35 37 38 39 41 42 43 43 44 43 44 43 40 39 38 37
19 20 20 20 20 20 20 20 21 21 21 22 22 23 23 24 25 24 24 24 24 25 25 26 25 25 25 26 26 26 26 27 27 27 27 28 28 28 28 28 28 28 29 30 30 31 31 30 30 30 30 30 31 30 29 29 29 29 29 29 29 29 28 28 27 27 27 27 27 29 31 32 33 34 34 33 34 34 34 36 35 37 38 39 40 40 42 43 44 44 41 40 40 40 39 38
19 19 19 19 20 20 20 20 20 21 21 22 22 23 24 24 24 24 24 24 25 25 25 26 25 25 26 26 26 26 27 27 27 27 28 28 28 28 28 28 28 28 29 30 30 31 30 30 30 30 30 30 31 30 30 29 29 29 29 29 29 29 28 28 28 27 27 27 28 29 30 31 32 33 33 34 34 33 33 35 35 37 39 40 42 41 41 42 43 42 41 41 40 38 39 39
20 19 19 19 19 20 20 20 21 21 22 22 22 24 24 24 24 24 24 24 25 25 25 25 25 26 26 26 26 27 27 27 27 28 28 28 28 28 28 28 28 28 29 30 31 32 30 30 30 31 31 30 30 30 30 29 29 29 29 29 29 28 28 28 28 29 28 27 28 29 31 32 32 33 32 33 33 32 32 35 34 35 38 41 42 42 42 42 42 41 40 39 39 40 40 39
20 20 20 20 20 20 20 21 22 22 22 22 23 23 24 24 24 24 25 24 25 25 25 25 26 26 26 26 27 27 27 27 28 28 28 28 28 28 28 28 28 29 30 31 32 31 31 31 31 31 31 31 31 30 30 30 29 29 29 29 29 29 28 28 28 28 28 28 28 29 30 32 33 33 33 32 32 31 32 34 34 35 37 40 42 43 42 42 42 41 40 39 41 41 41 39
19 20 20 21 21 21 21 22 22 22 22 23 23 23 23 24 24 24 25 25 25 25 25 26 26 26 27 27 27 27 27 28 28 28 28 28 28 28 29 29 29 30 30 31 31 31 31 31 31 31 31 31 31 30 30 30 30 29 29 29 29 29 29 28 28 28 28 28 28 29 30 31 32 32 32 31 31 30 32 34 33 35 38 41 43 44 43 43 41 40 39 39 40 41 41 40
20 20 20 21 22 22 22 22 22 22 23 23 23 23 23 24 24 24 25 25 25 25 26 26 26 27 27 27 27 27 28 28 28 28 28 28 29 29 29 29 30 30 31 32 31 31 31 31 31 31 31 31 31 30 30 30 30 29 29 29 28 28 29 29 28 28 28 29 29 29 30 31 31 31 31 30 31 30 33 34 34 34 37 41 43 43 42 41 40 39 38 39 40 41 41 42
20 20 20 21 22 23 23 22 22 22 23 23 23 23 24 24 24 25 25 25 26 26 26 26 26 27 27 27 27 28 28 28 28 28 28 28 29 29 29 30 30 31 31 31 31 31 31 31 31 31 31 31 31 30 30 30 30 29 29 29 28 28 28 28 29 28 28 29 30 29 29 30 31 30 30 30 30 31 31 33 34 34 36 40 41 40 40 39 38 37 38 39 39 40 40 39
20 20 20 21 22 23 23 23 23 23 23 23 24 24 24 24 25 25 25 25 25 26 26 26 27 27 27 27 27 28 28 28 28 28 29 29 29 29 29 30 30 31 31 31 31 31 31 31 31 31 31 31 31 30 30 30 30 29 29 29 28 28 28 28 28 28 28 28 28 30 29 29 30 30 30 31 30 31 31 33 34 34 35 37 38 38 38 37 36 36 37 37 37 37 38 38
21 21 21 22 23 24 23 23 23 23 23 24 24 24 24 25 25 26 26 26 26 26 26 27 27 27 27 27 27 28 28 28 28 28 28 29 29 29 30 30 31 31 31 32 32 32 32 32 31 31 31 31 31 30 30 30 30 29 29 29 28 28 28 28 28 28 28 28 28 32 30 29 29 29 30 31 32 31 31 32 33 34 36 37 37 37 37 37 36 36 36 37 38 37 37 37
21 21 22 23 24 24 23 23 24 24 24 24 25 25 25 25 26 26 26 26 27 26 27 27 27 27 27 27 28 28 28 28 28 28 28 29 29 29 30 30 31 31 32 32 32 32 32 32 31 31 31 31 31 31 30 30 30 29 29 29 28 29 28 28 28 28 29 29 29 31 31 29 29 30 33 31 32 31 31 33 33 34 34 37 37 38 37 37 36 36 37 38 39 38 38 37
22 22 23 23 23 23 23 24 24 25 25 25 25 25 26 26 26 26 26 27 27 27 27 27 27 27 27 27 28 28 28 28 28 28 28 29 29 29 30 30 31 31 32 32 31 31 31 31 31 31 31 31 30 30 30 30 30 30 29 29 28 28 28 27 27 28 28 29 29 29 30 29 31 32 34 35 32 33 32 33 33 34 34 36 36 38 37 37 37 37 37 39 40 39 38 37
23 23 23 23 23 23 23 24 25 26 27 26 26 26 26 26 26 26 26 27 27 27 27 27 27 27 27 27 27 28 28 28 28 28 28 29 29 29 30 30 31 32 32 31 31 31 30 30 30 30 30 30 30 30 30 30 30 30 30 29 29 29 28 28 27 27 28 29 30 31 31 32 32 34 35 36 35 36 34 33 33 34 34 36 36 37 37 37 37 37 38 39 41 40 38 37
24 24 23 23 24 23 24 25 25 26 27 27 27 27 26 27 27 27 27 27 27 27 28 28 27 27 27 27 27 27 28 28 28 28 29 29 29 29 30 31 31 31 31 31 31 31 30 30 30 30 30 30 30 30 30 30 30 30 30 30 30 29 29 30 30 29 30 31 33 33 33 34 33 35 37 38 38 36 38 34 33 33 35 37 37 38 37 37 38 38 39 41 41 40 38 38
25 24 23 23 24 24 25 26 27 27 27 28 28 28 27 27 28 27 27 28 27 27 28 29 28 27 28 27 27 28 28 28 28 28 29 29 29 30 30 31 31 31 31 31 31 30 30 30 30 30 30 30 30 30 30 30 31 31 31 30 30 31 30 31 31 31 32 32 34 35 36 36 36 36 37 39 41 37 38 35 34 34 35 37 37 40 38 38 39 39 41 39 39 40 39 38
26 25 24 24 24 25 26 27 27 27 28 28 29 29 28 28 29 28 28 28 28 27 28 28 28 28 27 27 27 27 28 28 28 28 29 29 30 30 30 31 31 31 31 31 31 31 30 30 30 30 30 30 30 30 30 31 31 31 31 31 31 32 31 32 33 33 34 34 35 37 39 38 37 40 39 39 41 39 41 37 36 37 37 39 38 40 40 38 39 40 42 40 39 39 38 39
27 27 26 26 25 25 26 27 28 28 28 28 29 29 29 29 29 28 28 28 28 28 28 28 29 28 28 27 27 27 28 28 28 29 29 29 30 30 31 31 31 31 32 32 31 31 31 30 30 30 30 30 30 30 30 31 31 32 31 31 31 32 32 33 35 34 36 36 37 39 40 40 39 39 42 42 43 42 41 41 38 37 38 39 40 41 39 39 40 40 39 39 39 40 39 39
27 26 26 26 26 26 26 28 29 28 28 29 29 29 30 29 29 29 28 28 28 28 28 29 29 28 28 28 27 27 27 28 28 29 29 29 30 30 31 31 32 32 32 32 32 31 31 31 30 30 30 31 30 30 31 31 31 32 31 31 32 32 32 33 34 35 38 37 39 40 41 41 41 40 41 42 43 43 43 42 38 38 41 40 41 42 40 39 39 41 40 40 40 40 40 40
26 25 25 26 26 26 27 28 29 29 29 30 29 30 30 30 29 30 29 29 29 29 29 29 29 28 28 28 28 27 27 28 28 29 29 30 30 31 31 32 32 32 32 32 32 32 32 31 31 31 30 30 30 31 31 31 31 32 32 32 33 33 34 34 35 36 38 38 40 40 41 41 42 40 40 43 42 43 44 43 41 38 40 42 42 43 41 41 39 40 41 41 41 41 41 41
26 26 26 26 26 26 28 29 29 29 30 30 30 30 30 30 29 30 30 29 29 29 29 29 29 28 28 28 28 27 28 28 28 29 29 30 30 31 32 32 32 32 33 33 33 33 32 32 32 31 31 30 30 31 31 31 32 32 32 33 33 34 34 36 37 38 37 38 40 41 41 41 41 41 42 44 43 43 42 42 42 39 40 42 43 43 41 40 41 41 41 42 41 41 42 42
26 26 26 26 27 27 28 29 29 29 30 30 30 30 30 29 29 30 30 29 29 29 29 29 29 28 29 29 28 28 28 28 28 29 29 30 31 31 32 32 32 33 33 33 33 33 33 32 32 32 31 30 30 31 31 31 32 32 33 33 32 33 34 35 35 36 37 37 38 39 38 39 40 42 43 44 42 41 41 41 42 39 40 41 43 44 43 41 42 42 42 42 42 42 42 42
26 26 26 27 27 27 29 30 30 31 31 31 30 29 29 29 29 29 29 29 29 29 29 29 29 29 29 29 29 28 28 28 29 29 29 30 31 32 32 32 33 33 33 33 33 33 33 32 32 31 30 30 30 31 31 31 31 32 32 32 32 33 34 35 36 36 37 38 38 37 36 39 42 44 44 44 42 41 41 41 41 36 38 42 43 44 41 41 42 42 42 43 42 42 43 43
26 27 27 27 27 29 29 29 29 30 31 31 31 30 29 29 29 29 29 29 29 29 29 29 29 29 29 29 29 28 28 28 30 29 29 30 31 32 32 32 33 33 33 33 33 33 33 32 32 31 31 31 30 30 31 31 32 32 32 32 32 33 34 34 36 37 36 37 36 36 35 37 42 44 46 43 42 42 42 41 39 34 36 41 42 42 41 40 41 41 43 43 42 43 43 43
27 27 28 28 28 29 30 30 30 30 30 31 31 30 29 29 29 29 29 29 29 29 29 29 29 29 29 29 28 28 28 28 29 29 29 31 31 32 32 32 33 33 33 33 33 33 33 32 31 31 31 31 30 30 30 31 32 32 32 31 32 33 33 34 35 37 35 36 35 35 35 35 41 44 47 43 41 41 41 41 35 33 35 39 43 43 42 41 41 42 43 43 42 43 43 43
26 26 27 29 29 29 30 31 30 30 30 31 30 30 29 28 28 28 28 28 29 29 29 29 29 30 30 29 28 27 27 27 28 28 29 31 32 32 32 32 32 33 33 33 34 33 32 32 31 30 30 30 30 28 29 30 32 33 31 33 31 34 32 33 34 35 37 36 35 36 34 36 39 46 44 42 40 41 39 36 34 33 34 39 44 44 44 42 42 42 42 42 43 43 43 44
27 27 27 29 30 30 30 31 30 30 30 31 30 30 28 28 28 28 28 28 28 29 29 29 30 29 29 29 28 27 27 27 27 28 29 30 31 32 32 32 32 32 32 33 33 33 32 31 30 30 29 29 29 27 28 28 29 32 31 33 30 33 31 32 33 34 38 38 36 38 38 36 45 45 42 41 39 39 34 34 35 36 36 44 44 43 42 42 42 42 42 42 43 43 44 44
28 28 28 29 29 30 30 30 30 30 30 30 30 30 29 28 28 27 27 27 28 28 28 28 29 29 29 29 28 27 26 26 27 28 29 30 31 32 31 31 31 31 32 32 32 31 31 30 30 29 29 29 28 27 28 28 28 28 30 32 30 32 32 32 31 32 33 37 38 39 38 34 41 44 43 40 39 36 33 33 34 37 40 44 44 43 44 42 42 42 43 42 43 43 44 44
28 28 28 29 29 29 29 29 29 29 30 30 30 30 29 28 28 27 27 27 28 28 28 28 28 28 29 28 28 26 25 26 27 28 29 29 30 31 31 31 31 31 30 30 30 30 30 30 29 29 28 28 29 28 27 29 29 31 30 31 32 31 35 35 32 34 32 36 35 39 39 39 38 41 39 38 37 36 34 33 35 36 42 44 44 41 41 42 42 43 42 43 43 44 44 45
28 28 28 28 28 29 29 29 29 28 29 29 29 29 29 28 28 27 27 27 28 28 29 28 28 28 29 28 28 26 25 26 28 28 28 29 30 31 30 31 30 29 29 29 29 29 30 31 31 30 28 30 32 31 28 32 30 35 32 30 30 31 36 39 35 35 32 33 38 38 40 39 41 39 35 36 36 35 35 34 35 37 42 43 44 43 42 41 42 43 42 43 43 44 45 45
27 27 27 28 28 28 28 28 28 28 29 29 29 29 29 28 28 27 27 28 28 28 30 28 28 28 28 28 27 27 27 28 30 28 28 29 29 31 30 29 29 28 28 28 29 29 29 30 32 31 31 32 34 33 31 31 30 32 32 33 32 39 39 42 35 36 31 33 35 38 39 42 37 37 35 39 38 35 34 34 35 36 41 43 43 44 44 44 43 42 42 43 44 44 45 45
27 27 27 27 28 28 28 27 27 28 28 28 28 28 30 28 28 27 27 27 27 28 30 29 27 28 28 27 27 27 29 30 31 33 30 30 30 30 30 30 28 27 28 28 30 30 29 28 29 31 29 31 33 34 33 33 34 32 35 33 36 42 40 38 32 32 31 33 36 37 40 40 39 35 36 38 39 41 37 38 34 35 41 44 44 42 43 45 43 43 43 44 44 45 45 46
27 27 27 27 27 27 27 27 27 28 28 28 28 29 30 29 27 27 27 28 27 27 29 31 28 28 28 28 27 28 29 29 30 33 32 32 32 34 31 29 27 26 27 30 31 30 26 27 28 28 29 30 33 35 37 38 37 36 36 36 39 40 38 37 33 34 32 33 33 38 40 38 38 36 35 36 38 39 40 41 36 39 43 44 45 43 42 44 44 43 43 44 45 45 46 46
26 26 27 27 27 27 27 26 27 27 29 28 28 28 30 28 27 27 27 27 26 26 28 29 28 28 29 28 28 28 30 29 32 35 37 36 37 35 31 29 27 31 26 26 26 26 25 26 28 29 30 31 34 36 38 40 41 37 34 37 37 39 36 35 38 34 32 32 34 39 39 37 38 35 38 38 39 39 41 42 42 44 44 44 44 46 45 45 44 45 44 44 45 46 46 47
27 26 26 26 26 26 27 27 27 27 27 27 27 29 28 29 29 26 28 26 27 28 32 29 30 29 30 29 29 30 31 33 36 38 39 40 39 36 34 30 28 30 27 27 26 27 26 26 27 29 32 31 33 37 38 39 38 39 36 35 35 35 35 34 35 34 32 33 33 37 35 36 37 36 37 39 40 39 42 43 43 42 42 43 44 46 44 45 45 47 45 43 44 46 47 47
26 26 26 26 27 27 27 27 27 27 27 27 30 29 27 28 28 27 28 26 26 27 29 29 29 30 32 31 30 33 35 36 38 39 40 40 39 36 33 31 29 33 30 29 26 26 29 27 34 36 31 34 34 37 38 37 37 41 37 35 34 35 35 34 33 37 34 33 34 35 35 36 37 37 38 38 38 39 41 41 40 40 42 43 42 44 44 45 47 48 45 42 43 45 47 48
26 26 26 26 27 27 28 28 28 28 27 27 28 27 28 27 27 27 26 26 26 27 27 28 29 30 31 32 33 34 36 36 38 37 38 37 35 32 30 29 27 29 30 30 28 30 30 29 37 36 35 36 36 38 38 37 38 40 40 38 38 35 34 34 34 34 34 34 34 35 36 37 37 37 38 38 38 39 39 38 39 40 41 41 42 43 44 45 47 48 44 43 44 46 47 48
27 27 27 26 26 27 27 27 28 28 27 27 27 29 28 27 27 27 26 26 27 27 27 28 29 30 31 31 32 34 34 35 35 35 33 34 32 29 27 27 26 25 27 28 27 32 28 32 36 35 35 38 38 38 39 38 38 39 39 38 37 36 35 35 35 35 35 35 35 36 37 37 38 38 38 38 38 40 38 38 39 37 38 41 41 43 45 46 46 47 45 44 45 46 48 48
28 28 27 27 27 27 28 27 28 28 28 28 28 28 28 28 27 26 26 26 27 27 27 28 29 30 30 31 31 33 33 33 33 32 29 29 28 27 25 24 24 24 25 26 27 28 34 35 31 33 37 38 38 38 39 38 37 38 38 37 37 36 36 36 35 35 34 34 35 36 38 38 39 39 39 38 38 38 38 38 38 37 38 40 41 43 44 45 46 48 46 46 46 47 48 48
30 29 29 29 29 29 29 29 29 29 29 29 29 29 29 29 27 26 26 26 27 27 27 28 28 28 29 31 31 30 31 32 32 30 30 28 27 26 24 22 22 23 24 26 28 28 30 31 33 34 36 37 38 38 38 39 38 38 37 36 36 36 36 35 34 33 32 32 34 36 38 40 40 39 39 38 38 38 38 37 37 38 38 39 41 42 43 45 46 47 47 47 47 48 48 48
31 31 31 31 31 31 31 31 31 31 31 31 30 30 30 29 27 27 27 27 27 27 27 27 27 28 28 29 29 29 31 31 31 30 30 29 27 25 24 22 21 23 24 29 29 28 30 32 33 33 34 35 36 39 38 38 38 36 37 36 36 36 35 34 33 32 30 31 33 36 38 38 39 38 38 38 38 37 37 37 37 38 38 39 40 42 43 45 46 47 48 48 48 48 48 48
33 33 33 33 33 33 33 33 33 32 32 32 31 31 30 29 27 28 28 29 28 28 27 27 27 27 28 28 29 30 30 31 31 31 30 29 28 25 24 23 22 23 25 27 29 30 30 30 32 31 31 33 35 36 36 36 36 35 35 36 36 36 35 34 33 31 30 31 33 35 36 38 38 38 38 38 38 38 38 38 38 38 39 39 40 42 43 44 45 46 47 48 48 48 48 48
34 34 34 35 35 35 35 35 34 34 33 33 32 31 31 29 29 29 30 30 29 29 28 27 27 27 27 29 30 30 31 31 32 32 31 30 28 26 25 24 24 24 25 27 28 29 30 29 30 30 31 31 34 34 35 35 34 34 35 35 35 35 34 33 31 31 31 32 33 34 36 37 38 38 38 38 38 38 38 38 38 38 39 40 41 42 43 44 45 46 47 47 47 48 48 48
35 35 36 37 37 37 37 37 36 35 34 33 32 32 31 31 31 31 31 31 30 30 29 28 28 28 28 29 30 30 31 32 33 33 33 30 28 26 25 25 25 26 27 28 29 30 30 30 30 30 30 31 31 32 33 32 33 33 34 33 33 33 33 31 30 29 29 30 31 33 36 37 37 38 38 38 38 38 38 38 38 39 39 40 41 42 43 44 45 46 46 47 47 47 48 48
36 36 36 37 39 39 39 37 36 36 35 34 33 32 31 31 31 31 32 32 32 31 30 30 29 29 29 31 31 31 32 33 34 34 33 32 31 27 26 26 28 27 28 29 30 32 32 32 31 32 34 33 34 33 33 32 33 34 33 33 32 32 32 31 30 29 29 30 31 33 35 36 37 37 37 38 38 38 38 38 39 39 40 40 41 42 43 44 44 45 46 46 47 47 47 48
37 37 38 38 39 40 39 37 36 36 35 34 33 31 31 31 31 32 32 33 33 32 31 31 31 32 33 33 34 34 35 34 34 33 32 31 30 28 27 29 31 30 30 32 33 32 34 34 34 33 33 34 34 34 36 36 36 34 34 33 33 32 31 30 29 29 29 30 32 33 35 36 36 37 37 38 38 38 38 39 39 39 40 40 41 42 43 43 44 45 45 46 46 47 47 47
38 38 38 39 39 39 38 35 35 35 35 34 33 32 31 30 31 32 33 33 33 33 33 33 33 34 35 35 37 37 35 32 33 32 30 29 29 29 31 33 32 31 33 32 34 36 36 36 35 34 34 35 36 37 37 37 35 32 32 32 32 31 30 29 29 29 29 30 32 33 35 36 36 37 37 37 38 38 38 39 39 39 40 41 41 42 43 43 44 45 45 46 46 46 47 47
39 39 39 38 38 38 37 36 36 35 35 35 33 32 31 31 31 31 32 33 33 34 34 34 35 36 37 39 39 36 33 33 32 31 31 30 29 29 32 33 33 33 33 34 35 37 38 37 36 35 35 35 37 37 37 34 31 30 31 31 31 30 29 29 29 29 30 31 32 33 35 35 36 36 37 37 38 38 38 39 39 40 40 41 41 42 42 43 44 44 45 45 46 46 46 47
39 39 39 39 38 38 37 37 37 37 36 35 34 33 32 32 32 32 32 32 32 34 34 36 38 39 39 40 37 34 33 34 33 32 31 31 30 30 31 32 32 34 34 36 36 37 40 37 37 36 36 36 35 35 35 32 31 30 30 30 30 29 29 29 29 29 30 31 32 33 35 35 36 36 37 37 37 38 38 39 39 40 40 41 41 42 42 43 43 44 45 45 45 46 46 46
39 40 40 40 39 39 38 38 38 37 37 36 35 34 33 33 33 33 33 33 33 33 35 34 36 38 37 35 35 34 34 34 35 34 33 32 32 32 32 32 33 34 34 35 37 38 38 37 36 37 36 36 34 33 32 31 30 30 30 30 30 29 29 29 29 30 30 31 32 33 35 35 36 36 37 37 37 38 38 39 39 40 40 41 41 42 42 43 43 44 44 45 45 46 46 46
40 40 40 40 40 40 39 39 38 38 37 36 35 35 34 34 34 33 34 34 34 34 34 34 35 35 35 35 35 35 35 35 35 35 35 34 33 33 33 33 34 34 35 36 37 38 38 37 37 37 35 34 34 33 34 31 31 30 30 30 31 30 29 29 29 30 30 31 32 33 34 35 36 36 36 37 37 38 38 39 39 39 40 40 41 41 42 43 43 44 44 44 45 45 46 46
40 40 40 40 40 40 39 39 39 38 37 37 36 35 35 35 34 34 34 34 34 35 35 35 35 35 36 36 36 36 36 36 36 36 36 35 35 34 34 35 35 35 36 37 38 38 38 37 36 36 35 34 33 36 34 31 31 30 30 30 31 30 30 30 30 30 30 31 32 33 34 35 35 36 36 37 37 38 38 39 39 39 40 40 41 41 42 42 43 43 44 44 45 45 45 46
40 40 40 40 40 40 40 39 39 38 38 37 37 36 36 35 35 35 35 35 35 35 35 35 36 36 36 36 36 36 36 36 36 36 37 36 36 36 36 36 36 36 37 37 38 38 37 37 36 35 35 34 35 34 33 31 30 30 30 30 31 31 30 30 29 30 30 31 32 33 34 35 35 36 36 37 37 38 38 38 39 39 40 40 41 41 42 42 43 43 43 44 44 45 45 45
40 40 40 40 40 40 40 39 39 38 38 37 37 37 36 36 36 36 36 36 36 36 36 36 36 36 36 37 37 37 37 37 37 37 37 37 37 37 37 37 37 37 37 37 37 37 37 36 36 35 34 34 33 32 31 31 30 30 30 30 31 31 30 29 29 29 30 30 31 32 33 34 35 36 36 37 37 37 38 38 39 39 40 40 41 41 41 42 42 43 43 44 44 44 45 45
