tests/output/Data/bom_data/etaaaug.txt
ncols         417
nrows         337
xllcorner     112.15
yllcorner     -43.8
cellsize      0.1
NODATA_value  -9999
[rows 0 to 58 of 337, columns 96 to 191 of 417]
63 63 63 63 63 64 64 64 64 64 65 65 65 65 66 66 66 66 66 67 67 67 67 67 68 68 68 68 69 69 69 69 69 70 70 70 70 70 71 71 71 71 71 72 72 72 72 72 73 73 73 73 73 73 74 74 74 74 74 75 75 75 75 76 76 76 76 77 77 77 78 78 78 79 79 79 80 80 80 81 81 82 82 82 83 83 84 84 84 84 85 85 85 85 85 86
62 62 62 63 63 63 63 63 64 64 64 64 65 65 65 65 65 66 66 66 66 66 67 67 67 67 68 68 68 68 68 69 69 69 69 70 70 70 70 70 70 71 71 71 71 71 72 72 72 72 72 72 73 73 73 73 73 74 74 74 74 74 75 75 75 75 76 76 76 77 77 77 78 78 78 79 79 79 80 80 81 81 81 82 82 83 83 83 84 84 84 84 85 85 85 85
62 62 62 62 62 63 63 63 63 63 64 64 64 64 64 65 65 65 65 65 66 66 66 66 67 67 67 67 67 68 68 68 68 69 69 69 69 69 70 70 70 70 70 70 71 71 71 71 71 71 72 72 72 72 72 72 73 73 73 73 73 74 74 74 74 75 75 75 75 76 76 76 77 77 77 78 78 79 79 79 80 80 81 81 82 82 82 83 83 83 84 84 84 84 84 84
61 61 61 62 62 62 62 62 63 63 63 63 63 64 64 64 64 64 65 65 65 65 66 66 66 66 66 67 67 67 67 68 68 68 68 68 69 69 69 69 69 69 70 70 70 70 70 70 71 71 71 71 71 71 72 72 72 72 72 72 73 73 73 73 74 74 74 74 75 75 75 76 76 76 77 77 77 78 78 79 79 80 80 80 81 81 82 82 82 83 83 83 83 84 84 84
60 61 61 61 61 61 62 62 62 62 62 63 63 63 63 63 64 64 64 64 65 65 65 65 65 66 66 66 66 67 67 67 67 67 68 68 68 68 68 68 69 69 69 69 69 69 70 70 70 70 70 70 71 71 71 71 71 71 72 72 72 72 72 73 73 73 73 73 74 74 74 75 75 75 76 76 77 77 77 78 78 79 79 80 80 81 81 82 82 82 82 83 83 83 83 83
60 60 60 60 61 61 61 61 61 62 62 62 62 62 63 63 63 63 64 64 64 64 64 65 65 65 65 66 66 66 66 66 67 67 67 67 67 68 68 68 68 68 68 69 69 69 69 69 69 69 70 70 70 70 70 70 70 71 71 71 71 71 71 72 72 72 72 73 73 73 74 74 74 75 75 75 76 76 77 77 77 78 78 79 79 80 80 81 81 82 82 82 82 82 82 82
59 59 60 60 60 60 60 61 61 61 61 61 62 62 62 62 63 63 63 63 63 64 64 64 64 65 65 65 65 65 66 66 66 66 66 67 67 67 67 67 67 68 68 68 68 68 68 68 69 69 69 69 69 69 69 70 70 70 70 70 70 70 71 71 71 71 71 72 72 72 73 73 73 74 74 74 75 75 76 76 77 77 78 78 79 79 80 80 81 81 81 81 82 82 82 82
59 59 59 59 59 60 60 60 60 60 61 61 61 61 61 62 62 62 62 63 63 63 63 63 64 64 64 64 65 65 65 65 65 66 66 66 66 66 67 67 67 67 67 67 67 68 68 68 68 68 68 68 68 68 69 69 69 69 69 69 69 70 70 70 70 70 71 71 71 71 72 72 72 73 73 73 74 74 75 75 76 76 77 77 78 78 79 80 80 80 81 81 81 81 81 81
58 58 58 59 59 59 59 59 60 60 60 60 60 61 61 61 61 62 62 62 62 62 63 63 63 63 64 64 64 64 64 65 65 65 65 65 66 66 66 66 66 66 66 67 67 67 67 67 67 67 67 68 68 68 68 68 68 68 68 68 69 69 69 69 69 69 70 70 70 70 71 71 71 72 72 72 73 73 74 74 75 75 76 76 77 78 78 79 79 80 80 80 80 80 80 80
58 58 58 58 58 58 59 59 59 59 59 60 60 60 60 61 61 61 61 61 62 62 62 62 62 63 63 63 63 64 64 64 64 64 65 65 65 65 65 65 66 66 66 66 66 66 66 66 67 67 67 67 67 67 67 67 67 67 67 68 68 68 68 68 68 68 69 69 69 69 70 70 70 71 71 71 72 72 73 73 74 74 75 75 76 77 77 78 79 79 80 80 80 79 79 79
57 57 57 57 58 58 58 58 58 59 59 59 59 59 60 60 60 60 61 61 61 61 61 62 62 62 62 63 63 63 63 63 64 64 64 64 64 64 65 65 65 65 65 65 65 66 66 66 66 66 66 66 66 66 66 66 66 66 67 67 67 67 67 67 67 67 68 68 68 68 69 69 69 70 70 70 71 71 72 72 73 73 74 74 75 76 77 77 78 79 79 79 79 79 79 78
56 56 57 57 57 57 57 58 58 58 58 58 59 59 59 59 59 60 60 60 60 61 61 61 61 61 62 62 62 62 63 63 63 63 63 64 64 64 64 64 64 64 65 65 65 65 65 65 65 65 65 65 65 65 65 65 66 66 66 66 66 66 66 66 66 66 67 67 67 67 68 68 68 68 69 69 70 70 70 71 71 72 73 73 74 75 76 77 78 78 79 79 78 78 78 78
56 56 56 56 56 57 57 57 57 57 58 58 58 58 58 59 59 59 59 60 60 60 60 60 61 61 61 61 62 62 62 62 62 63 63 63 63 63 63 64 64 64 64 64 64 64 64 64 64 64 64 64 65 65 65 65 65 65 65 65 65 65 65 65 65 65 66 66 66 66 66 67 67 67 68 68 68 69 69 70 70 71 71 72 73 74 75 76 78 78 79 78 77 77 77 76
55 55 55 56 56 56 56 56 57 57 57 57 57 58 58 58 58 58 59 59 59 59 60 60 60 60 60 61 61 61 61 62 62 62 62 62 62 63 63 63 63 63 63 63 63 63 64 64 64 64 64 64 64 64 64 64 64 64 64 64 64 64 64 64 64 64 65 65 65 65 65 66 66 66 66 67 67 68 68 68 69 69 70 71 72 73 73 75 76 77 77 77 76 76 75 75
54 55 55 55 55 55 56 56 56 56 56 57 57 57 57 57 58 58 58 58 58 59 59 59 59 60 60 60 60 60 61 61 61 61 61 62 62 62 62 62 62 62 63 63 63 63 63 63 63 63 63 63 63 63 63 63 63 63 63 63 63 63 63 63 63 63 63 64 64 64 64 64 65 65 65 65 66 66 67 67 68 68 69 69 70 71 72 73 74 75 75 75 75 74 74 74
54 54 54 54 55 55 55 55 55 56 56 56 56 56 57 57 57 57 57 58 58 58 58 59 59 59 59 59 60 60 60 60 60 61 61 61 61 61 61 62 62 62 62 62 62 62 62 62 62 62 62 62 62 62 62 62 62 62 62 62 62 62 62 62 62 62 62 62 63 63 63 63 63 64 64 64 64 65 65 66 66 67 68 68 69 70 71 71 72 73 73 73 73 73 72 71
53 53 54 54 54 54 54 54 55 55 55 55 55 56 56 56 56 57 57 57 57 57 58 58 58 58 59 59 59 59 59 60 60 60 60 60 61 61 61 61 61 61 61 61 61 61 61 61 61 61 61 61 61 61 61 61 61 61 61 61 61 61 61 61 61 61 61 61 61 61 62 62 62 62 62 63 63 63 64 64 65 65 66 66 67 68 68 69 69 70 71 71 71 70 70 70
53 53 53 53 53 53 54 54 54 54 54 55 55 55 55 55 56 56 56 56 57 57 57 57 57 58 58 58 58 59 59 59 59 59 60 60 60 60 60 60 60 61 61 61 61 61 61 61 61 61 61 60 60 60 60 60 60 60 60 60 60 60 60 60 60 60 60 60 60 60 60 60 61 61 61 61 62 62 62 63 63 64 64 65 65 66 66 67 67 68 68 68 68 68 68 68
52 52 52 52 53 53 53 53 53 54 54 54 54 54 55 55 55 55 55 56 56 56 56 57 57 57 57 57 58 58 58 58 59 59 59 59 59 59 60 60 60 60 60 60 60 60 60 60 60 60 60 60 59 59 59 59 59 59 59 59 59 59 59 59 59 59 59 59 59 59 59 59 59 59 60 60 60 60 61 61 62 62 62 63 63 64 64 65 65 66 66 66 66 66 66 66
51 52 52 52 52 52 52 53 53 53 53 53 53 54 54 54 54 55 55 55 55 55 56 56 56 56 57 57 57 57 57 58 58 58 58 58 59 59 59 59 59 59 59 59 59 59 59 59 59 59 59 59 59 58 58 58 58 58 58 58 58 58 57 57 57 57 57 57 57 57 58 58 58 58 58 58 59 59 59 60 60 60 61 61 62 62 62 63 63 64 64 64 65 65 64 65
51 51 51 51 51 52 52 52 52 52 52 53 53 53 53 53 54 54 54 54 54 55 55 55 55 56 56 56 56 57 57 57 57 57 58 58 58 58 58 58 58 59 59 59 59 59 58 58 58 58 58 58 58 58 57 57 57 57 57 57 57 56 56 56 56 56 56 56 56 56 56 56 56 57 57 57 57 57 58 58 58 59 59 59 60 60 60 61 61 61 62 62 63 63 63 63
50 50 50 51 51 51 51 51 51 52 52 52 52 52 52 53 53 53 53 54 54 54 54 54 55 55 55 55 56 56 56 56 57 57 57 57 57 57 58 58 58 58 58 58 58 58 58 58 58 57 57 57 57 57 56 56 56 56 56 56 55 55 55 55 55 55 55 55 55 55 55 55 55 55 55 55 55 56 56 56 56 57 57 57 58 58 58 59 59 59 60 60 61 61 61 61
49 50 50 50 50 50 50 51 51 51 51 51 51 52 52 52 52 52 53 53 53 53 54 54 54 54 54 55 55 55 55 56 56 56 56 56 57 57 57 57 57 57 57 57 57 57 57 57 57 57 56 56 56 56 55 55 55 55 55 54 54 54 54 54 54 53 53 53 53 53 53 53 53 53 54 54 54 54 54 54 55 55 55 55 56 56 56 57 57 58 58 58 59 59 59 59
49 49 49 49 49 49 50 50 50 50 50 51 51 51 51 51 51 52 52 52 52 53 53 53 53 54 54 54 54 54 55 55 55 55 56 56 56 56 56 56 57 57 57 57 57 56 56 56 56 56 56 55 55 55 54 54 54 54 53 53 53 53 53 52 52 52 52 52 52 52 52 52 52 52 52 52 52 52 52 53 53 53 53 53 54 54 54 55 55 56 56 56 56 57 57 57
48 48 48 48 49 49 49 49 49 49 50 50 50 50 50 51 51 51 51 51 52 52 52 52 53 53 53 53 53 54 54 54 54 55 55 55 55 56 56 56 56 56 56 56 56 56 56 55 55 55 55 54 54 54 53 53 53 53 52 52 52 52 51 51 51 51 51 51 50 50 50 50 50 50 50 50 50 51 51 51 51 51 51 52 52 52 53 53 53 54 54 54 54 55 55 55
47 48 48 48 48 48 48 48 49 49 49 49 49 49 50 50 50 50 50 51 51 51 51 52 52 52 52 52 53 53 53 53 54 54 54 54 55 55 55 55 55 55 55 55 55 55 55 55 54 54 54 53 53 53 52 52 52 51 51 51 50 50 50 50 50 49 49 49 49 49 49 49 49 49 49 49 49 49 49 49 49 49 49 50 50 50 51 51 51 51 52 52 52 52 53 53
47 47 47 47 47 47 48 48 48 48 48 48 49 49 49 49 49 49 50 50 50 50 51 51 51 51 51 52 52 52 52 53 53 53 53 54 54 54 54 54 55 55 55 55 54 54 54 54 54 53 53 52 52 52 51 51 51 50 50 50 49 49 49 48 48 48 48 48 47 47 47 47 47 47 47 47 47 47 47 47 47 47 47 48 48 48 49 49 49 49 50 50 50 50 50 51
46 46 46 46 47 47 47 47 47 47 47 48 48 48 48 48 49 49 49 49 49 50 50 50 50 50 51 51 51 51 52 52 52 52 53 53 53 53 54 54 54 54 54 54 54 54 53 53 53 52 52 52 51 51 50 50 49 49 49 48 48 48 47 47 47 47 46 46 46 46 46 46 45 45 45 45 45 45 45 45 45 45 45 46 46 46 46 47 47 47 47 48 48 48 48 49
45 45 46 46 46 46 46 46 46 47 47 47 47 47 47 48 48 48 48 48 49 49 49 49 49 50 50 50 50 51 51 51 51 52 52 52 52 53 53 53 53 53 53 53 53 53 53 52 52 51 51 51 50 50 49 49 48 48 47 47 47 46 46 46 45 45 45 45 44 44 44 44 44 44 44 44 44 44 44 44 44 44 44 44 44 44 45 44 45 45 45 46 46 46 46 46
45 45 45 45 45 45 45 46 46 46 46 46 46 46 47 47 47 47 47 48 48 48 48 48 49 49 49 49 50 50 50 50 51 51 51 51 52 52 52 52 53 53 53 53 52 52 52 51 51 51 50 50 49 48 48 47 47 46 46 46 45 45 44 44 44 44 43 43 43 43 43 42 42 42 42 42 42 42 42 42 42 42 42 42 42 42 42 42 43 43 44 43 44 44 44 44
44 44 44 44 44 45 45 45 45 45 45 45 46 46 46 46 46 46 47 47 47 47 47 48 48 48 48 48 49 49 49 49 50 50 50 51 51 51 51 52 52 52 52 52 52 52 51 51 50 50 49 48 48 47 47 46 46 45 45 44 44 43 43 43 42 42 42 42 41 41 41 41 41 40 40 40 40 40 40 40 40 40 40 40 40 40 40 40 40 41 41 41 42 42 42 43
43 43 44 44 44 44 44 44 44 44 44 45 45 45 45 45 45 46 46 46 46 46 46 47 47 47 47 48 48 48 48 49 49 49 49 50 50 50 51 51 51 51 51 51 51 51 50 50 49 49 48 47 47 46 45 45 44 44 43 43 42 42 42 41 41 41 40 40 40 40 39 39 39 39 39 38 38 38 38 38 38 38 38 38 38 38 38 38 38 38 39 39 40 40 40 40
43 43 43 43 43 43 43 43 43 44 44 44 44 44 44 44 45 45 45 45 45 45 46 46 46 46 46 47 47 47 47 48 48 48 49 49 49 49 50 50 50 51 51 51 51 50 50 49 48 48 47 46 45 45 44 44 43 42 42 41 41 40 40 40 39 39 39 38 38 38 38 37 37 37 37 37 37 37 36 36 36 36 36 36 36 36 36 36 36 36 37 37 38 38 39 39
42 42 42 42 42 42 42 43 43 43 43 43 43 43 43 44 44 44 44 44 44 45 45 45 45 45 45 46 46 46 46 47 47 47 48 48 48 49 49 49 50 50 50 50 50 49 49 48 47 46 46 45 44 43 43 42 42 41 40 40 39 39 39 38 38 37 37 37 37 36 36 36 36 35 35 35 35 35 35 34 35 35 34 34 34 34 34 34 34 34 35 35 36 36 36 37
41 41 41 41 42 42 42 42 42 42 42 42 42 43 43 43 43 43 43 43 43 44 44 44 44 44 45 45 45 45 45 46 46 46 47 47 47 48 48 48 49 49 49 49 49 49 48 47 46 45 44 44 43 42 41 41 40 40 39 38 38 37 37 37 36 36 36 35 35 35 34 34 34 34 34 33 33 33 33 33 33 33 33 33 32 32 32 32 32 32 32 33 33 34 34 35
40 41 41 41 41 41 41 41 41 41 41 41 42 42 42 42 42 42 42 42 43 43 43 43 43 43 44 44 44 44 44 45 45 45 45 46 46 46 47 47 48 48 48 49 48 48 47 46 45 44 43 43 41 41 40 39 39 38 37 37 36 36 35 35 35 34 34 34 33 33 33 33 32 32 32 32 32 31 31 31 31 31 31 31 31 31 30 30 30 30 30 31 31 32 32 32
40 40 40 40 40 40 40 40 40 41 41 41 41 41 41 41 41 41 41 42 42 42 42 42 42 42 43 43 43 43 43 44 44 44 44 45 45 45 45 46 46 47 47 47 47 46 45 44 44 42 42 41 40 39 38 38 37 36 36 35 35 34 34 33 33 33 32 32 32 31 31 31 31 31 30 30 30 30 30 30 30 30 30 30 29 29 28 28 28 28 29 29 29 30 30 31
39 39 39 39 39 39 39 40 40 40 40 40 40 40 40 40 40 40 41 41 41 41 41 41 41 41 42 42 42 42 42 42 43 43 43 43 44 44 44 44 45 45 45 46 45 45 44 43 42 41 40 40 39 38 37 37 36 35 34 34 33 33 32 32 31 31 31 30 30 30 30 29 29 29 29 29 28 28 28 28 28 28 28 28 28 27 27 27 27 28 27 27 28 28 29 29
38 38 38 39 39 39 39 39 39 39 39 39 39 39 39 39 39 40 40 40 40 40 40 40 40 40 41 41 41 41 41 41 41 42 42 42 42 42 43 43 43 43 44 44 44 42 42 41 40 39 39 38 37 37 36 35 35 33 33 32 32 31 31 30 30 29 29 29 29 28 28 28 28 27 27 27 27 27 27 27 27 26 26 26 26 26 26 25 26 26 26 26 26 27 27 28
38 38 38 38 38 38 38 38 38 38 38 38 38 38 38 39 39 39 39 39 39 39 39 39 39 39 39 40 40 40 40 40 40 40 40 41 41 41 41 42 42 41 41 41 41 41 40 39 38 38 37 36 36 35 35 34 33 32 31 30 30 29 29 29 28 28 28 27 27 27 26 26 26 26 26 25 25 26 26 25 25 25 25 25 25 25 25 25 25 25 25 25 25 25 26 26
37 37 37 37 37 37 37 37 37 37 37 37 38 38 38 38 38 38 38 38 38 38 38 38 38 38 38 38 39 39 39 39 39 39 39 39 39 39 40 39 39 39 40 40 39 39 38 38 37 36 35 34 34 34 33 32 32 31 30 29 28 28 27 27 27 26 26 26 25 25 25 25 24 24 24 24 24 24 24 24 24 23 23 24 24 24 24 24 24 24 24 24 24 24 24 25
36 36 36 36 36 36 36 36 37 37 37 37 37 37 37 37 37 37 37 37 37 37 37 37 37 37 37 37 37 37 37 37 38 38 38 38 38 38 38 38 38 37 38 38 37 37 36 36 35 34 34 33 32 32 31 30 30 29 29 28 27 26 26 25 25 25 24 24 24 24 23 23 23 23 23 22 23 23 23 23 22 22 22 22 23 23 23 23 23 23 23 23 24 23 24 23
35 36 36 36 36 36 36 36 36 36 36 36 36 36 36 36 36 36 36 36 36 36 36 36 36 36 36 36 36 36 36 36 37 36 36 36 36 37 36 36 36 35 36 36 35 35 34 34 33 32 32 31 31 30 29 29 28 28 27 26 26 25 24 24 23 23 23 22 22 22 22 22 22 21 21 21 21 21 21 21 21 21 21 22 22 22 22 22 22 22 22 22 22 22 22 22
35 35 35 35 35 35 35 35 35 35 35 35 35 35 35 35 35 35 35 35 35 35 35 35 35 35 35 35 35 35 35 35 35 35 35 35 35 35 35 35 34 34 34 34 33 33 32 32 31 30 30 29 29 28 28 27 27 26 25 25 24 23 22 22 22 21 21 21 21 21 20 20 20 20 20 20 20 20 20 20 20 20 20 20 20 20 21 20 20 20 21 21 21 21 21 21
34 34 34 34 34 34 34 34 34 34 34 34 34 34 34 34 34 34 34 34 34 34 34 34 34 34 34 34 34 34 34 34 34 34 34 34 34 33 33 33 33 32 32 32 31 31 30 30 29 28 28 27 27 27 26 26 25 24 23 23 23 22 21 21 20 20 20 19 19 19 19 19 19 19 18 18 18 18 18 19 18 18 18 18 19 19 19 19 19 20 20 20 20 20 20 20
33 33 33 33 33 33 33 33 33 33 33 33 33 33 33 33 33 33 33 33 33 33 33 33 33 33 33 33 33 33 33 32 32 32 32 33 32 32 32 32 31 31 30 30 29 29 28 28 27 26 26 26 25 25 25 24 23 23 22 22 21 21 20 20 19 19 18 18 18 18 17 17 17 17 17 17 17 17 17 17 17 17 17 17 17 18 18 18 18 18 18 18 19 19 19 19
33 33 33 33 33 33 33 33 33 33 33 33 33 33 33 33 33 32 32 32 32 32 32 32 32 32 32 32 32 31 31 31 31 31 31 31 31 31 30 30 30 29 29 28 27 27 26 26 25 25 24 24 24 23 23 22 22 21 20 20 20 19 18 18 17 17 17 17 17 17 17 16 16 16 16 16 16 16 16 16 16 16 17 16 16 16 16 17 17 17 17 17 18 18 18 18
32 32 32 32 32 32 32 32 32 32 32 32 32 32 32 32 32 32 32 31 31 31 31 31 31 31 31 31 31 30 30 31 30 29 30 30 30 29 29 28 28 27 27 26 26 25 24 24 23 23 22 22 22 22 21 21 20 20 19 19 18 18 17 16 15 16 16 15 16 15 15 15 15 15 15 15 15 14 15 15 15 15 15 15 15 15 16 16 16 16 16 17 17 17 17 17
31 31 31 31 31 31 31 31 31 31 31 31 31 31 31 31 31 31 31 31 31 30 30 30 30 30 30 30 29 29 29 29 28 29 28 27 28 28 27 27 26 26 25 24 24 23 23 22 22 21 21 21 21 20 20 19 19 18 18 17 16 16 16 14 14 14 14 14 14 14 14 14 14 14 13 14 14 14 13 14 14 15 14 15 15 15 15 15 15 15 15 16 16 17 17 17
31 31 30 30 30 30 30 30 30 30 30 30 30 30 30 30 30 30 30 30 30 29 29 29 29 29 29 29 28 28 28 28 28 27 27 27 26 26 26 25 25 24 23 22 22 21 21 21 20 19 19 19 19 19 18 18 17 16 16 15 14 14 14 13 13 13 13 13 13 13 13 13 13 13 13 13 13 13 13 13 13 13 13 13 14 14 14 14 13 14 15 15 16 16 16 16
30 30 30 30 30 30 30 30 30 30 30 29 29 29 29 29 29 29 29 29 29 29 28 28 28 28 28 28 27 27 27 27 27 26 26 26 25 25 24 24 23 23 22 21 20 20 19 19 18 18 18 18 18 17 17 16 16 15 14 14 14 12 12 12 11 11 12 12 12 12 12 12 12 12 12 12 12 12 12 12 12 12 12 12 13 13 13 13 13 13 14 14 15 15 15 15
29 29 29 29 29 29 29 29 29 29 29 29 29 29 28 28 28 28 28 28 28 28 28 27 27 28 27 27 27 27 26 26 25 25 25 25 25 24 23 22 22 21 21 19 18 17 17 17 17 17 16 16 16 16 16 15 15 14 13 13 13 11 10 10 10 10 11 11 11 11 11 11 11 11 11 11 11 11 12 11 11 11 11 11 11 11 11 12 12 13 13 13 14 14 15 15
28 28 28 28 28 28 28 28 28 28 28 28 28 28 28 28 27 27 27 27 27 27 27 26 26 26 26 26 26 26 26 25 25 24 24 24 24 23 22 22 20 20 19 18 17 16 16 16 15 15 15 15 15 15 15 14 13 13 12 11 11 10 9 9 9 9 9 10 10 10 10 10 10 10 10 11 10 11 10 10 10 10 10 10 10 10 11 11 12 12 12 13 13 13 14 14
28 28 28 28 28 28 27 27 27 27 27 27 27 27 27 27 27 27 26 26 26 26 26 26 25 25 25 26 25 25 25 24 24 23 23 23 22 22 21 21 20 19 18 17 16 15 15 15 15 15 14 14 14 14 14 14 13 11 10 10 9 8 8 8 7 8 8 8 9 9 10 9 9 10 9 10 10 9 9 9 10 9 9 9 9 9 10 11 11 11 11 12 12 12 13 13
27 27 27 27 27 27 27 27 27 27 26 26 26 26 26 26 26 26 26 25 25 25 25 25 25 24 25 25 24 24 24 23 23 23 22 21 21 21 21 20 19 19 18 16 16 15 14 14 14 14 14 14 13 13 13 12 11 11 10 10 8 9 8 7 7 8 8 8 8 8 8 8 8 9 9 10 10 9 8 9 9 8 8 8 9 9 9 10 11 11 11 11 12 12 12 13
26 26 26 26 26 26 26 26 26 26 26 26 26 25 25 25 25 25 25 25 24 24 24 24 24 23 24 24 23 23 23 23 22 22 22 21 20 19 20 20 19 19 17 16 15 14 14 14 13 13 13 13 13 12 11 11 10 10 10 9 8 9 8 7 7 7 8 7 7 8 8 8 8 8 9 8 9 8 8 9 8 8 7 8 8 9 9 9 10 10 11 11 11 11 12 12
26 26 26 26 25 25 25 25 25 25 25 25 25 25 25 24 24 24 24 24 24 23 23 23 23 23 23 23 22 22 22 22 22 22 21 21 20 19 18 19 19 17 17 15 15 14 14 13 13 12 12 12 11 11 11 10 10 10 9 8 7 7 8 7 7 7 7 7 7 7 7 7 7 7 7 7 8 8 8 8 7 7 7 7 8 8 9 9 9 10 11 11 11 11 11 12
25 25 25 25 25 25 25 25 24 24 24 24 24 24 24 24 24 23 23 24 23 23 23 22 23 22 21 22 22 21 22 21 21 21 20 20 20 20 19 19 18 17 17 15 15 14 13 13 13 12 12 11 11 10 10 10 9 9 8 8 8 7 7 6 6 6 6 6 7 6 7 7 6 7 6 7 7 7 7 7 7 6 7 8 8 8 9 9 9 10 10 10 11 11 11 11
24 24 24 24 24 24 24 24 24 24 24 24 23 23 23 24 23 23 23 22 22 22 22 22 21 21 21 20 21 21 21 20 20 20 19 19 20 19 18 18 17 16 16 15 14 14 13 13 12 12 11 11 10 10 9 10 9 10 9 8 7 6 7 6 6 6 6 6 6 6 6 7 6 6 6 6 6 6 7 7 6 6 7 7 8 8 8 9 9 9 9 10 11 11 11 11
