tests/output/Data/bom_data/etaaapr.txt
ncols         417
nrows         337
xllcorner     112.15
yllcorner     -43.8
cellsize      0.1
NODATA_value  -9999
[rows 0 to 57 of 337, columns 192 to 287 of 417]
111 111 112 112 112 112 112 112 112 112 113 113 113 113 113 113 113 113 113 113 113 113 113 113 113 113 113 113 112 112 112 112 112 112 112 112 112 112 112 112 112 112 112 111 111 111 111 111 111 112 112 112 112 112 112 112 112 112 112 112 112 112 112 113 113 113 113 113 113 113 113 113 114 114 114 114 114 114 114 114 115 115 115 115 115 115 115 115 116 116 116 116 116 116 116 116
111 111 111 111 111 111 112 112 112 112 112 112 112 112 112 112 112 112 112 112 112 112 112 112 112 112 112 112 112 112 112 112 111 111 111 111 111 111 111 111 111 111 111 111 111 111 111 111 111 111 111 111 111 111 111 111 111 111 111 111 112 112 112 112 112 112 112 112 112 113 113 113 113 113 113 113 113 114 114 114 114 114 114 114 115 115 115 115 115 115 115 115 116 116 116 116
110 110 111 111 111 111 111 111 111 111 112 112 112 112 112 112 112 112 112 112 112 112 112 112 112 112 111 111 111 111 111 111 111 111 111 111 110 110 110 110 110 110 110 110 110 110 110 110 110 110 110 110 110 110 110 110 111 111 111 111 111 111 111 111 111 111 112 112 112 112 112 112 112 112 113 113 113 113 113 113 113 114 114 114 114 114 114 114 114 115 115 115 115 115 115 115
110 110 110 110 110 110 110 111 111 110 111 111 111 111 111 111 111 111 111 111 111 111 111 111 111 111 111 111 111 111 110 110 110 110 110 110 110 110 110 110 110 109 109 109 109 109 109 109 109 109 109 110 110 110 110 110 110 110 110 110 110 110 110 111 111 111 111 111 111 111 111 112 112 112 112 112 112 112 113 113 113 113 113 113 113 113 114 114 114 114 114 114 114 115 115 115
109 109 109 109 110 110 110 110 109 109 109 110 110 110 111 111 111 111 111 111 111 111 111 111 110 110 110 110 110 110 110 110 109 109 109 109 109 109 109 109 109 109 109 109 109 109 109 109 109 109 109 109 109 109 109 109 109 109 109 109 110 110 110 110 110 110 110 110 111 111 111 111 111 111 111 111 112 112 112 112 112 112 112 113 113 113 113 113 113 113 114 114 114 114 114 114
109 109 109 109 109 109 109 108 108 108 108 109 109 110 110 110 110 110 110 110 110 110 110 110 110 110 110 109 109 109 109 109 109 109 109 108 108 108 108 108 108 108 108 108 108 108 108 108 108 108 108 108 108 108 108 108 108 109 109 109 109 109 109 109 109 109 110 110 110 110 110 110 110 111 111 111 111 111 111 111 112 112 112 112 112 112 112 113 113 113 113 113 113 113 114 114
108 108 108 108 108 108 107 107 106 107 107 108 108 109 110 110 110 110 110 110 110 110 110 109 109 109 109 109 109 109 108 108 108 108 108 108 108 108 107 107 107 107 107 107 107 107 107 107 107 107 107 107 107 107 108 108 108 108 108 108 108 108 108 109 109 109 109 109 109 109 110 110 110 110 110 110 110 111 111 111 111 111 111 111 112 112 112 112 112 112 112 113 113 113 113 113
107 107 107 107 107 107 106 105 105 106 106 107 108 109 109 109 109 109 109 109 109 109 109 109 109 108 108 108 108 108 108 108 107 107 107 107 107 107 107 107 107 106 106 106 106 106 106 106 106 106 107 107 107 107 107 107 107 107 107 107 107 108 108 108 108 108 108 108 109 109 109 109 109 109 109 110 110 110 110 110 110 110 111 111 111 111 111 111 112 112 112 112 112 112 112 113
107 107 107 107 107 106 104 104 104 105 106 108 108 108 109 109 110 109 109 109 109 108 108 108 108 108 108 107 107 107 107 107 107 106 106 106 106 106 106 106 106 106 106 106 106 106 106 106 106 106 106 106 106 107 106 106 106 106 107 107 107 107 107 107 107 107 108 108 108 108 108 108 108 109 109 109 109 109 109 110 110 110 110 110 110 110 111 111 111 111 111 111 111 112 112 112
106 106 106 106 106 105 103 103 103 104 106 109 108 108 108 108 108 108 108 108 108 108 108 107 107 107 107 107 107 106 106 106 106 106 106 105 105 105 105 105 105 105 105 105 105 105 105 105 105 105 105 105 105 106 105 105 106 106 106 106 106 106 106 106 107 107 107 107 107 107 108 108 108 108 108 108 108 109 109 109 109 109 109 110 110 110 110 110 110 110 111 111 111 111 111 111
106 105 105 105 106 106 105 104 104 106 107 108 108 107 108 108 108 108 108 107 107 107 107 107 107 106 106 106 106 106 105 105 105 105 105 105 104 104 104 104 104 104 104 104 104 104 104 104 104 104 104 104 105 104 105 105 105 105 105 105 105 105 106 106 106 106 106 106 107 107 107 107 107 107 107 108 108 108 108 108 108 109 109 109 109 109 109 110 110 110 110 110 110 110 111 111
105 104 104 104 104 105 106 106 106 107 107 107 106 107 107 107 107 107 107 107 107 106 106 106 106 106 105 105 105 105 105 104 104 104 104 104 104 104 103 103 103 103 103 103 103 103 103 103 103 103 103 103 104 104 104 104 104 104 104 104 105 105 105 105 105 105 105 106 106 106 106 106 106 107 107 107 107 107 107 108 108 108 108 108 108 109 109 109 109 109 109 109 110 110 110 110
104 104 103 103 103 103 105 105 105 106 106 106 107 106 107 108 108 106 106 106 106 106 105 105 105 105 105 104 104 104 104 104 103 103 103 103 103 103 103 102 102 102 102 102 102 102 102 102 102 102 103 104 103 103 103 103 103 103 104 104 104 104 104 104 104 105 105 105 105 105 105 106 106 106 106 106 106 107 107 107 107 107 107 108 108 108 108 108 108 109 109 109 109 109 109 109
103 102 102 102 102 103 103 104 104 105 104 105 106 107 107 107 107 106 105 105 105 105 105 104 104 104 104 104 103 103 103 103 103 102 102 102 102 102 102 102 101 101 101 101 101 101 101 103 102 102 103 102 102 102 102 102 102 103 103 103 103 103 103 104 104 104 104 104 104 105 105 105 105 105 105 106 106 106 106 106 106 107 107 107 107 107 107 108 108 108 108 108 108 108 109 109
101 101 101 101 102 102 102 102 103 103 103 105 104 105 106 106 106 106 105 104 105 104 104 104 103 103 103 103 103 102 102 102 102 102 101 101 101 101 101 101 101 100 100 100 100 100 102 101 102 101 101 101 101 101 102 102 102 102 102 102 102 102 103 103 103 103 103 104 104 104 104 104 104 105 105 105 105 105 105 106 106 106 106 106 106 107 107 107 107 107 107 108 108 108 108 108
100 100 100 100 101 101 101 101 102 102 102 103 104 104 105 105 105 105 105 104 104 103 103 103 103 103 102 102 102 101 101 101 101 101 101 100 100 100 100 100 100 100 100 100 100 100 100 100 100 100 100 101 102 100 101 101 101 101 101 101 102 102 102 102 102 102 103 103 103 103 103 104 104 104 104 104 104 105 105 105 105 105 105 106 106 106 106 106 106 107 107 107 107 107 107 107
99 99 99 99 100 100 100 100 101 101 101 102 102 102 104 104 104 105 104 104 104 103 103 103 103 101 101 101 101 101 100 100 100 100 100 99 99 99 99 99 99 99 99 99 99 99 99 99 99 99 101 99 99 100 100 100 100 100 100 101 101 101 101 101 101 102 102 102 102 102 103 103 103 103 103 104 104 104 104 104 104 105 105 105 105 105 105 106 106 106 106 106 106 106 107 107
98 98 98 98 99 99 99 99 100 100 100 101 102 102 103 103 104 104 103 103 102 103 102 102 102 102 101 101 100 100 99 99 99 100 99 99 98 98 98 98 98 98 99 99 99 99 98 98 98 98 99 100 99 99 99 99 99 99 100 100 100 100 100 101 101 101 101 101 102 102 102 102 102 102 103 103 103 103 103 104 104 104 104 104 104 105 105 105 105 105 105 105 106 106 106 106
97 97 97 97 97 98 98 98 99 99 99 100 101 101 102 102 102 102 102 102 102 102 101 101 101 101 101 100 100 100 99 98 99 99 99 99 97 97 97 97 97 98 97 98 97 97 97 98 98 99 99 99 98 98 98 98 98 99 99 99 99 99 100 100 100 100 100 101 101 101 101 101 102 102 102 102 102 103 103 103 103 103 103 104 104 104 104 104 104 104 105 105 105 105 105 105
95 96 96 96 96 97 97 97 98 98 98 100 100 100 101 101 101 101 101 101 101 101 100 101 100 100 99 99 99 99 99 98 98 98 98 98 97 96 96 97 97 97 97 96 96 97 98 96 98 98 98 98 97 97 98 97 98 98 98 98 98 99 99 99 99 99 100 100 100 100 100 101 101 101 101 101 102 102 102 102 102 103 103 103 103 103 103 104 104 104 104 104 104 104 104 105
94 94 95 95 96 96 96 97 98 98 98 99 99 99 99 99 100 100 100 100 100 100 99 100 99 99 98 98 98 98 98 98 97 97 97 97 97 96 96 96 96 96 96 95 97 96 96 95 95 96 97 97 97 96 98 97 97 97 97 97 98 98 98 98 98 99 99 99 99 100 100 100 100 100 101 101 101 101 101 102 102 102 102 102 102 103 103 103 103 103 103 103 103 104 104 104
94 94 94 95 95 95 96 96 96 97 97 98 98 98 98 98 99 100 100 100 100 100 99 100 99 98 98 97 97 97 97 97 96 97 96 96 96 96 96 95 95 96 95 95 96 95 94 94 95 96 96 97 97 97 97 97 96 96 96 97 97 97 97 97 98 98 98 98 99 99 99 99 99 100 100 100 100 100 101 101 101 101 101 101 102 102 102 102 102 102 102 103 103 103 103 103
92 93 93 93 94 94 95 95 95 96 96 96 97 97 97 97 98 98 98 99 99 98 99 99 98 97 97 96 96 96 96 96 96 95 96 95 95 95 95 95 95 95 94 95 95 94 93 95 94 95 95 96 96 96 96 95 95 95 95 96 96 96 96 97 97 97 97 98 98 98 98 98 99 99 99 99 100 100 100 100 100 100 101 101 101 101 101 101 102 102 102 102 102 102 102 102
91 91 92 92 93 93 94 94 94 95 95 95 95 96 96 97 97 97 98 99 99 98 98 98 96 96 96 96 96 95 95 95 95 94 95 94 94 94 94 94 94 94 94 94 94 94 94 94 94 94 95 95 95 95 94 94 94 94 95 95 95 95 96 96 96 96 97 97 97 97 98 98 98 98 98 99 99 99 99 99 100 100 100 100 100 100 101 101 101 101 101 101 101 101 101 102
89 90 90 91 92 92 92 93 93 93 94 94 94 94 95 95 96 97 96 97 98 97 98 97 95 96 96 95 95 94 94 94 94 93 94 93 93 93 93 93 93 93 94 93 93 93 93 93 93 93 94 93 94 93 93 93 93 94 94 94 94 95 95 95 95 96 96 96 96 97 97 97 97 97 98 98 98 98 99 99 99 99 99 99 100 100 100 100 100 100 100 100 100 101 101 101
88 89 89 90 91 91 91 91 92 92 92 93 93 93 94 95 95 96 96 96 96 97 96 96 95 95 94 94 94 94 94 93 93 93 93 92 92 92 92 92 92 92 93 92 92 92 92 92 92 93 92 92 93 92 92 92 92 93 93 93 93 94 94 94 94 95 95 95 95 96 96 96 96 97 97 97 97 98 98 98 98 98 99 99 99 99 99 99 99 99 100 100 100 100 100 100
87 88 88 89 89 89 90 90 91 91 91 91 92 92 93 94 95 95 95 95 95 95 95 94 95 95 94 94 94 93 93 92 92 92 92 92 91 91 91 92 92 92 92 91 91 91 91 91 91 91 91 91 91 91 91 91 92 92 92 92 93 93 93 93 94 94 94 94 95 95 95 96 96 96 96 96 97 97 97 97 97 98 98 98 98 98 98 98 99 99 99 99 99 99 99 99
85 86 87 87 88 88 89 89 90 90 90 90 91 91 91 94 94 95 94 94 94 93 93 94 94 93 93 94 93 93 92 91 91 91 91 91 90 90 91 91 91 91 90 90 90 90 90 90 90 90 91 91 91 90 90 90 91 91 91 91 92 92 92 93 93 93 93 94 94 94 94 95 95 95 96 96 96 96 96 97 97 97 97 97 97 98 98 98 98 98 98 98 98 98 98 98
84 85 85 86 86 87 87 88 89 89 89 90 90 90 90 92 93 93 93 93 93 94 93 93 93 92 93 92 92 92 91 90 90 90 90 89 89 89 90 90 90 90 89 89 89 89 89 89 89 89 90 90 89 89 89 90 90 90 90 91 91 91 91 92 92 92 93 93 93 93 94 94 94 95 95 95 95 95 96 96 96 96 96 97 97 97 97 97 97 97 97 97 97 97 97 97
83 84 84 85 85 86 87 87 87 88 88 89 89 89 91 92 91 92 92 92 92 92 92 92 91 92 92 91 91 91 90 89 89 89 88 88 88 88 88 89 90 89 88 88 88 88 88 88 88 88 89 89 88 88 88 89 89 89 89 90 90 90 91 91 91 91 92 92 92 93 93 93 94 94 94 94 95 95 95 95 95 96 96 96 96 96 96 96 96 96 96 96 97 97 97 97
82 82 83 84 85 85 85 86 86 86 87 89 89 88 89 91 91 92 91 91 91 91 91 91 91 91 90 90 89 89 89 88 88 88 88 87 87 88 88 89 89 88 87 87 87 87 87 86 86 87 86 87 87 87 87 88 88 88 88 89 89 89 90 90 90 91 91 91 92 92 92 93 93 93 93 94 94 94 94 94 95 95 95 95 95 95 95 96 96 96 96 96 96 96 96 96
80 81 82 82 84 84 85 85 85 86 87 88 89 89 89 89 90 90 91 91 90 90 90 90 89 89 88 88 88 88 87 87 87 87 87 86 86 87 88 88 87 86 86 86 86 85 85 86 85 85 85 86 86 86 86 87 87 87 88 88 88 88 89 89 89 90 90 90 91 91 91 92 92 92 93 93 93 93 94 94 94 94 94 94 95 95 95 95 95 95 95 95 95 95 95 95
79 80 81 81 82 83 83 85 84 86 86 87 87 88 88 89 90 89 89 89 89 89 89 88 88 88 87 87 87 86 86 86 86 86 86 86 85 86 87 86 85 86 85 85 85 85 84 85 85 84 84 85 85 85 85 86 86 86 87 87 87 88 88 88 89 89 89 90 90 90 91 91 91 92 92 92 92 93 93 93 93 93 94 94 94 94 94 94 94 94 94 94 94 94 94 94
78 79 80 80 82 83 82 83 84 85 85 85 85 86 87 87 88 88 88 88 88 88 87 87 87 86 86 85 85 85 85 85 85 85 85 84 84 85 85 84 84 84 84 83 84 83 83 84 83 83 83 84 84 84 84 85 85 85 86 86 86 87 87 87 88 88 89 89 89 90 90 90 91 91 91 91 92 92 92 92 93 93 93 93 93 93 93 93 93 93 93 93 93 93 93 93
76 78 79 79 80 81 81 82 82 84 85 86 85 85 85 85 86 87 86 87 87 86 86 86 85 85 85 85 84 84 84 84 84 84 83 83 83 84 83 83 83 83 83 83 82 82 82 82 82 82 82 83 84 84 83 85 84 84 85 85 85 86 86 87 87 87 88 88 88 89 89 90 90 90 90 91 91 91 92 92 92 92 92 92 92 93 93 93 93 93 93 93 93 92 92 92
74 76 78 78 79 80 81 81 82 82 83 84 84 84 84 84 85 85 85 86 86 85 85 84 84 84 84 84 83 83 82 82 82 83 82 82 82 82 82 82 82 82 82 81 81 81 81 81 82 81 81 83 83 82 82 83 83 83 84 84 84 85 85 86 86 86 87 87 88 88 88 89 89 89 90 90 90 91 91 91 91 91 92 92 92 92 92 92 92 92 92 92 92 92 92 91
73 75 76 77 78 79 79 80 81 82 83 83 83 83 83 84 84 85 84 84 84 84 83 83 83 83 82 82 82 81 81 81 81 81 81 82 81 81 81 81 81 81 80 80 80 80 79 80 81 81 81 82 82 82 82 82 82 82 83 83 83 84 84 85 85 86 86 86 87 87 88 88 88 89 89 89 90 90 90 90 91 91 91 91 91 91 91 91 91 91 91 91 91 91 91 91
72 73 74 77 77 77 78 79 80 81 82 82 82 81 82 82 83 83 83 83 83 82 82 82 82 81 81 81 80 80 80 80 81 81 80 80 80 79 79 79 79 79 79 79 79 79 78 78 79 79 80 81 81 81 80 80 81 81 82 82 83 83 83 84 84 85 85 86 86 86 87 87 88 88 88 89 89 89 90 90 90 90 90 90 90 90 91 91 91 90 90 90 90 90 90 90
71 72 73 75 75 76 77 78 79 80 80 81 81 80 81 81 81 82 82 81 82 81 80 80 80 80 79 79 79 79 79 79 79 79 79 78 78 78 78 78 78 78 78 78 78 77 77 77 77 78 79 80 81 80 79 79 80 80 81 81 82 82 82 83 83 84 84 85 85 86 86 87 87 87 88 88 88 89 89 89 89 89 90 90 90 90 90 90 90 90 90 90 89 89 89 89
69 71 72 73 74 75 76 77 78 79 79 80 80 79 79 80 80 80 80 80 80 79 79 79 78 79 78 78 79 78 78 78 78 78 78 77 77 77 75 75 74 74 75 76 77 76 76 76 76 76 78 78 79 79 78 79 79 79 80 80 81 81 82 82 83 83 84 84 84 85 85 86 86 87 87 87 88 88 88 88 89 89 89 89 89 89 89 89 89 89 89 89 89 89 88 88
68 69 71 72 73 74 75 76 77 78 78 78 78 79 79 79 79 78 78 78 78 78 77 77 77 77 77 76 77 77 76 76 76 77 77 76 76 74 73 73 71 71 71 72 74 74 75 75 75 76 75 77 77 77 78 78 78 78 79 79 80 80 81 81 82 82 83 83 84 84 85 85 86 86 86 87 87 87 88 88 88 88 88 88 89 89 89 89 88 88 88 88 88 88 88 87
67 68 69 70 71 73 74 75 76 76 77 77 78 78 78 77 77 77 77 77 76 76 76 75 76 75 75 75 75 76 75 75 75 75 75 74 72 72 70 70 69 68 68 68 68 71 73 73 74 74 74 74 75 75 76 76 76 77 77 78 78 79 80 80 81 81 82 82 83 83 84 84 85 85 86 86 86 87 87 87 87 88 88 88 88 88 88 88 88 88 88 87 87 87 87 87
66 67 68 69 70 72 73 74 74 75 75 76 76 76 76 76 75 75 75 75 75 74 74 74 74 74 74 74 74 74 74 74 74 74 74 72 70 69 68 67 68 67 66 65 66 69 72 72 72 73 73 73 74 74 74 75 75 76 76 77 77 78 79 79 80 80 81 82 82 83 83 84 84 85 85 85 86 86 86 87 87 87 87 87 87 87 87 87 87 87 87 87 87 86 86 86
65 66 67 68 69 71 71 72 74 74 74 74 74 74 74 74 74 74 73 74 73 73 73 72 73 72 72 72 72 72 72 72 72 72 72 70 69 67 66 66 66 65 64 63 65 67 70 71 71 71 72 72 72 73 73 74 74 75 75 76 76 77 78 78 79 80 80 81 81 82 82 83 84 84 84 85 85 86 86 86 86 86 87 87 87 87 87 87 87 86 86 86 86 86 85 85
64 65 65 66 67 69 70 71 72 73 73 73 73 73 72 72 72 72 72 72 72 72 72 71 71 71 71 71 71 71 71 71 70 69 68 67 67 66 65 65 65 63 61 62 64 66 69 69 70 70 70 71 71 71 72 72 73 74 74 75 75 76 77 77 78 79 79 80 81 81 82 82 83 83 84 84 85 85 85 86 86 86 86 86 86 86 86 86 86 86 86 85 85 85 85 84
62 63 64 65 66 67 68 69 70 71 71 71 71 71 71 71 71 71 70 70 70 70 70 70 70 70 69 69 69 70 69 69 68 67 68 67 66 64 63 64 63 61 60 61 63 65 67 68 68 69 69 69 70 70 71 71 72 72 73 74 74 75 76 76 77 78 78 79 80 80 81 82 82 83 83 84 84 84 85 85 85 85 85 86 86 86 86 85 85 85 85 85 84 84 84 84
61 62 63 64 65 66 67 68 68 68 69 69 69 70 70 69 69 69 69 69 68 68 68 68 68 68 68 68 69 68 68 67 66 66 65 64 64 62 62 62 60 59 59 61 62 64 66 67 67 67 68 68 68 69 69 70 70 71 72 72 73 74 75 75 76 77 78 78 79 80 80 81 82 82 83 83 84 84 84 85 85 85 85 85 85 85 85 85 85 84 84 84 84 83 83 83
60 60 61 63 64 64 66 66 67 67 67 67 68 68 68 67 66 67 67 67 67 67 67 67 67 67 67 66 66 66 66 66 65 64 63 62 63 62 61 60 58 58 59 62 61 63 65 65 65 66 66 67 67 67 68 69 69 70 71 71 72 73 74 74 75 76 77 78 78 79 80 80 81 82 82 83 83 83 84 84 84 84 84 85 85 84 84 84 84 84 84 83 83 83 82 82
59 59 60 61 62 63 64 65 65 65 65 66 66 66 66 66 65 66 66 66 66 65 65 65 65 66 65 65 65 65 65 65 64 63 63 62 61 60 59 59 59 57 57 59 60 61 63 64 64 64 65 65 66 66 67 67 68 69 69 70 71 72 73 73 74 75 76 77 78 78 79 80 80 81 82 82 83 83 83 84 84 84 84 84 84 84 84 84 83 83 83 83 82 82 82 81
57 58 59 60 60 61 62 63 63 63 64 64 64 64 64 64 64 64 64 64 64 64 64 64 64 64 63 63 63 64 63 64 63 62 61 60 59 58 58 58 58 58 58 58 59 60 62 62 63 63 63 64 64 65 65 66 67 67 68 69 70 71 72 72 73 74 75 76 77 78 78 79 80 80 81 82 82 82 83 83 83 83 84 84 84 83 83 83 83 83 82 82 82 81 81 81
56 57 58 58 59 60 60 61 61 61 62 62 62 62 63 62 62 63 63 63 62 62 62 63 63 62 62 62 62 62 62 62 61 60 60 59 57 57 57 57 57 57 58 59 59 59 60 61 61 61 62 62 63 63 64 65 65 66 67 68 69 70 70 71 72 73 74 75 76 77 78 78 79 80 81 81 82 82 82 83 83 83 83 83 83 83 83 83 82 82 82 81 81 81 80 80
54 55 56 57 57 58 58 59 59 60 60 60 61 61 61 61 61 61 61 61 61 61 61 61 61 61 60 60 61 61 60 61 60 59 58 57 56 56 56 56 56 56 57 59 60 60 59 59 60 60 60 61 61 62 62 63 64 65 66 67 67 68 69 70 71 72 73 74 75 76 77 78 79 79 80 81 81 82 82 82 82 83 83 83 83 82 82 82 82 81 81 81 80 80 79 79
53 54 55 56 56 56 57 57 58 58 58 59 59 59 59 59 59 59 59 59 59 59 59 59 59 59 59 59 59 59 59 59 58 57 56 55 54 54 54 54 55 55 57 59 58 58 59 59 59 58 59 59 60 60 61 62 63 63 64 65 66 67 68 69 70 71 73 74 75 75 76 77 78 79 80 80 81 81 82 82 82 82 82 82 82 82 82 81 81 81 80 80 80 79 79 78
52 53 53 54 55 55 55 56 56 56 57 57 57 57 57 58 58 58 58 58 58 58 58 58 58 58 57 57 58 58 58 58 57 56 55 54 53 52 53 53 53 54 55 57 57 57 57 57 58 57 57 59 59 59 61 60 61 62 63 64 65 66 67 68 70 71 72 73 74 75 76 77 78 78 79 80 80 81 81 82 82 82 82 82 82 81 81 81 81 80 80 79 79 78 78 77
50 50 51 53 53 53 54 54 54 55 55 55 56 56 56 56 56 56 56 56 56 56 56 56 57 57 56 56 56 56 56 56 55 55 54 53 52 51 52 51 52 53 53 55 55 55 56 56 56 56 57 57 57 58 59 59 61 61 62 63 64 65 66 67 69 70 71 72 73 74 75 76 77 78 79 79 80 81 81 81 81 82 81 81 81 81 81 80 80 80 79 79 78 78 77 77
49 49 50 51 52 52 52 53 53 53 54 54 54 54 54 54 54 54 54 54 55 55 55 55 55 55 55 54 55 55 55 55 54 53 52 50 50 51 50 49 51 53 53 53 54 54 54 54 55 55 55 56 56 57 57 57 59 59 61 62 63 64 65 66 68 69 70 71 72 73 74 76 77 77 78 79 80 80 81 81 81 81 81 81 81 81 80 80 79 79 78 78 77 77 76 76
47 48 48 49 50 50 51 51 51 52 52 52 52 53 53 53 53 53 53 53 53 53 53 53 53 53 53 53 53 54 53 53 53 52 50 48 48 48 48 48 49 51 52 52 53 53 53 53 53 53 54 54 55 54 55 56 57 58 59 61 62 63 64 65 67 68 69 70 71 73 74 75 76 77 78 79 79 80 80 81 81 81 81 81 80 80 80 79 79 78 78 77 77 76 76 75
47 47 47 48 48 49 49 50 50 50 50 51 51 51 51 51 51 51 51 51 51 51 52 52 52 51 51 51 52 52 52 51 51 49 48 46 46 47 47 46 46 48 51 52 51 51 51 51 52 52 52 53 53 54 55 56 57 58 58 59 61 62 63 64 66 67 68 69 71 72 73 74 76 77 78 78 79 80 80 80 81 81 80 80 80 79 79 79 78 78 77 76 76 75 75 74
