tests/output/Data/bom_data/etaaaug.txt
ncols         417
nrows         337
xllcorner     112.15
yllcorner     -43.8
cellsize      0.1
NODATA_value  -9999
[rows 236 to 294 of 337, columns 192 to 287 of 417]
38 38 39 39 40 40 41 41 42 42 43 44 44 45 46 46 47 48 48 49 50 50 51 52 52 53 53 54 54 54 55 55 55 54 54 54 54 54 54 52 49 48 47 46 46 45 44 43 42 42 44 43 42 41 36 31 30 30 30 31 33 34 34 39 42 43 44 46 42 41 45 43 41 41 39 37 32 27 25 24 23 23 23 22 22 21 21 22 22 22 23 24 24 24 24 24
38 39 39 40 40 41 41 42 42 43 43 44 45 45 46 47 47 48 49 49 50 50 51 52 52 53 53 54 54 54 55 55 55 55 54 53 52 54 53 52 50 49 48 47 46 45 45 45 43 41 42 40 37 33 30 30 30 31 32 33 34 36 40 44 44 43 45 46 43 40 42 43 42 42 41 38 35 30 28 26 25 25 24 23 21 20 20 20 21 22 23 24 24 24 25 25
38 39 39 40 40 41 41 42 43 43 44 44 45 46 46 47 47 48 49 49 50 51 51 52 52 53 53 54 54 54 55 55 55 55 54 53 52 51 54 53 52 50 49 47 47 46 45 47 42 40 40 36 31 30 30 31 31 32 33 34 35 37 43 43 43 44 45 45 45 42 44 45 44 43 44 43 38 35 30 28 27 27 26 24 22 20 19 20 21 23 24 24 24 25 25 25
39 39 40 40 41 41 42 42 43 43 44 45 45 46 46 47 48 48 49 49 50 51 51 52 52 53 53 54 54 54 54 55 55 55 55 54 52 51 52 54 54 53 50 49 48 47 47 45 41 37 33 31 31 31 31 32 32 33 34 35 36 39 44 43 43 45 44 48 45 42 42 45 45 45 45 45 42 36 32 29 28 28 28 26 24 22 21 22 23 24 24 25 25 25 26 26
39 40 40 41 41 42 42 43 43 44 44 45 45 46 47 47 48 48 49 50 50 51 51 52 52 53 53 53 54 54 54 54 55 55 55 54 53 52 53 53 54 53 52 52 52 50 47 44 41 36 31 31 31 32 32 33 33 34 34 35 38 41 42 44 45 44 41 40 40 41 42 45 46 46 46 47 47 39 33 30 29 28 29 29 28 25 23 23 23 24 25 25 26 26 27 28
39 40 40 41 41 42 42 43 43 44 45 45 46 46 47 47 48 48 49 50 50 51 51 52 52 53 53 53 54 54 54 54 54 54 54 54 53 52 51 53 54 54 54 53 54 53 50 44 38 33 31 32 32 32 33 33 34 34 35 35 37 42 45 46 44 41 37 36 39 41 42 46 47 47 48 48 47 45 36 30 29 29 29 31 31 29 27 26 26 25 25 26 26 27 27 28
40 40 41 41 42 42 43 43 44 44 45 45 46 46 47 47 48 49 49 50 50 51 51 52 52 52 53 53 53 54 54 54 54 54 54 54 54 53 51 53 54 54 54 54 55 54 50 39 35 33 32 33 33 33 34 34 35 35 36 36 39 44 47 46 43 42 35 34 40 41 42 45 47 48 48 48 48 46 37 30 30 30 29 31 31 30 29 28 27 27 26 27 28 28 28 28
40 40 41 41 42 42 43 43 44 44 45 45 46 46 47 48 48 49 49 50 50 51 51 51 52 52 53 53 53 53 54 54 54 54 54 54 54 53 53 53 54 53 54 54 54 53 46 40 35 34 34 34 34 34 34 35 35 36 36 38 41 45 47 46 42 38 34 34 39 45 44 46 48 48 49 47 44 45 38 32 30 29 29 30 30 30 30 29 29 29 29 28 29 29 28 28
40 41 41 42 42 43 43 44 44 45 45 46 46 47 47 48 48 49 49 50 50 51 51 51 52 52 52 53 53 53 53 53 54 54 54 53 53 53 53 53 53 53 53 53 53 47 42 39 37 35 35 35 35 35 35 36 36 36 37 38 39 43 47 46 42 36 35 35 37 42 48 47 48 44 43 42 43 43 38 32 30 29 28 28 29 30 30 30 30 30 30 30 30 30 30 29
40 41 41 42 42 43 43 44 44 45 45 46 46 47 47 48 48 49 49 50 50 50 51 51 52 52 52 52 53 53 53 53 53 53 53 53 53 53 53 52 52 53 52 52 51 45 40 39 38 38 36 36 36 36 36 36 37 37 37 37 39 44 48 46 43 37 36 36 37 39 46 47 47 40 39 40 41 41 39 32 31 29 26 28 30 31 31 32 32 32 32 31 31 31 30 30
41 41 42 42 42 43 43 44 44 45 45 46 46 47 47 48 48 49 49 49 50 50 51 51 51 52 52 52 52 53 53 53 53 53 53 53 53 52 52 52 52 51 52 51 50 49 44 39 38 38 37 37 37 37 37 37 37 38 38 38 41 46 48 47 46 37 36 37 37 39 42 45 44 36 36 38 39 40 36 33 32 30 30 30 31 32 32 33 34 34 33 33 33 32 32 32
41 41 42 42 43 43 43 44 44 45 45 46 46 47 47 48 48 48 49 49 50 50 50 51 51 51 52 52 52 52 52 52 53 53 52 52 52 52 52 52 51 51 51 50 50 49 44 39 39 38 38 37 37 37 38 38 38 38 38 38 41 48 49 47 42 37 37 37 38 38 42 43 32 35 35 37 38 37 35 33 32 30 30 31 32 33 34 35 35 35 35 35 35 34 33 33
41 41 42 42 43 43 44 44 44 45 45 46 46 47 47 48 48 48 49 49 50 50 50 51 51 51 51 52 52 52 52 52 52 52 52 52 52 52 52 51 51 50 50 48 46 48 44 43 40 38 38 38 38 38 39 41 45 46 47 45 46 47 48 49 40 37 37 37 37 38 40 36 32 33 35 37 39 35 33 34 36 35 35 35 35 35 36 36 37 37 38 38 37 36 36 35
41 42 42 42 43 43 44 44 45 45 45 46 46 47 47 48 48 48 49 49 49 50 50 50 51 51 51 51 52 52 52 52 52 52 52 52 52 51 51 51 50 49 48 46 44 43 42 42 40 39 39 39 39 39 40 43 47 49 50 49 48 49 47 47 39 38 37 37 37 37 40 39 34 34 36 39 41 36 36 39 39 38 37 37 36 36 37 38 39 39 40 40 39 39 38 37
41 42 42 42 43 43 44 44 45 45 45 46 46 47 47 47 48 48 49 49 49 50 50 50 50 51 51 51 51 51 51 51 52 51 51 51 51 51 51 51 50 49 47 46 44 43 42 40 39 39 42 41 40 40 42 46 49 50 48 46 42 43 46 43 39 38 38 37 37 37 41 40 37 36 39 44 42 42 41 40 42 42 42 41 39 38 39 40 41 42 41 42 42 41 40 39
41 42 42 43 43 43 44 44 45 45 45 46 46 47 47 47 48 48 48 49 49 49 50 50 50 50 51 51 51 51 51 51 51 51 51 51 51 51 51 50 50 49 47 46 44 43 42 40 40 39 40 40 40 41 45 47 45 46 42 41 41 41 41 41 40 39 38 37 37 37 35 41 40 41 44 46 41 41 44 42 41 42 41 41 42 43 42 42 43 44 44 44 43 42 41 40
41 42 42 43 43 43 44 44 45 45 45 46 46 47 47 47 48 48 48 49 49 49 49 50 50 50 50 50 51 51 51 51 51 51 51 51 51 50 50 50 50 49 47 46 44 43 41 40 40 40 40 41 42 42 43 44 43 42 41 41 41 41 42 42 41 40 39 38 37 36 42 42 42 43 45 42 39 42 43 41 42 42 42 42 42 43 45 45 45 45 45 45 45 44 43 42
42 42 42 43 43 43 44 44 45 45 45 46 46 46 47 47 47 48 48 48 49 49 49 49 50 50 50 50 50 50 50 50 50 50 50 50 50 50 50 50 49 49 48 46 45 44 42 41 41 41 41 42 43 44 45 45 44 43 41 36 41 42 43 43 42 41 40 33 34 39 43 43 43 44 44 43 41 38 40 42 43 43 44 43 43 43 45 45 46 47 47 47 46 45 44 43
42 42 42 43 43 43 44 44 45 45 45 46 46 46 47 47 47 48 48 48 49 49 49 49 49 50 50 50 50 50 50 50 50 50 50 50 50 50 50 49 49 49 48 47 46 44 43 43 42 42 42 43 44 45 47 43 41 40 38 39 40 43 46 44 43 42 41 44 44 43 43 43 43 39 39 41 40 38 40 44 44 44 44 44 45 45 46 46 47 48 48 48 47 46 45 44
42 42 42 43 43 43 44 44 45 45 45 46 46 46 47 47 47 48 48 48 48 49 49 49 49 49 49 50 50 50 50 50 50 50 50 50 50 49 49 49 49 49 48 47 46 45 45 44 44 44 44 45 44 44 46 46 46 45 45 46 44 46 45 43 44 39 36 44 43 43 42 42 38 36 36 36 38 41 42 44 44 45 45 45 45 46 47 47 48 49 49 49 49 47 45 43
42 42 42 43 43 43 44 44 44 45 45 45 46 46 46 47 47 47 48 48 48 48 49 49 49 49 49 49 49 49 49 50 49 49 49 49 49 49 49 49 49 48 48 48 47 46 46 45 45 45 46 46 47 46 46 45 45 45 43 41 42 44 46 47 46 45 43 43 41 41 40 40 38 37 37 36 37 39 44 44 45 45 45 46 46 47 47 48 49 49 49 49 49 48 46 44
42 42 42 43 43 43 44 44 44 45 45 45 46 46 46 47 47 47 47 48 48 48 48 48 49 49 49 49 49 49 49 49 49 49 49 49 49 49 49 48 48 48 48 48 47 47 47 46 46 46 46 46 46 46 45 45 44 44 44 42 41 43 46 46 45 44 43 42 41 41 41 40 39 39 38 38 38 39 41 44 44 45 45 46 46 47 48 48 49 50 50 50 49 48 46 44
42 42 42 43 43 43 44 44 44 45 45 45 46 46 46 46 47 47 47 47 48 48 48 48 48 49 49 49 49 49 49 49 49 49 49 49 49 48 48 48 48 48 48 47 47 47 47 46 46 46 46 46 45 45 45 44 44 44 42 43 44 44 42 41 41 42 42 41 41 41 41 40 40 39 39 39 39 40 41 42 44 45 45 46 46 47 48 48 49 50 50 49 49 48 46 43
42 42 42 43 43 43 44 44 44 45 45 45 45 46 46 46 47 47 47 47 47 48 48 48 48 48 48 48 48 49 49 49 49 48 48 48 48 48 48 48 48 47 47 47 47 47 46 46 46 46 45 45 45 45 44 44 44 41 39 39 41 41 40 40 41 41 41 41 41 41 41 41 40 40 40 40 40 41 41 42 43 44 45 46 46 47 48 48 49 50 50 49 47 47 46 43
42 42 42 43 43 43 44 44 44 44 45 45 45 46 46 46 46 47 47 47 47 47 48 48 48 48 48 48 48 48 48 48 48 48 48 48 48 48 48 48 47 47 47 47 47 46 46 46 46 45 45 45 45 44 44 44 43 41 39 39 39 39 40 40 41 41 41 41 41 41 41 41 41 41 40 41 41 41 42 42 43 44 44 45 46 47 47 48 49 49 49 47 45 44 43 43
42 42 42 43 43 43 44 44 44 44 45 45 45 45 46 46 46 46 47 47 47 47 47 47 48 48 48 48 48 48 48 48 48 48 48 48 48 47 47 47 47 47 47 46 46 46 46 46 45 45 45 45 44 44 44 43 43 42 41 40 40 40 40 40 41 41 41 41 41 41 41 41 41 41 41 41 41 41 42 42 42 43 44 45 45 46 47 47 48 48 48 46 44 42 41 41
42 42 42 43 43 43 43 44 44 44 45 45 45 45 46 46 46 46 46 47 47 47 47 47 47 47 47 48 48 48 48 48 48 48 47 47 47 47 47 47 47 47 46 46 46 46 46 45 45 45 45 44 44 44 43 43 43 42 41 41 40 40 40 41 41 41 41 41 41 41 41 41 41 41 41 41 41 41 42 42 42 42 43 44 45 45 46 46 47 47 47 47 45 43 42 42
42 42 42 43 43 43 43 44 44 44 44 45 45 45 45 46 46 46 46 46 47 47 47 47 47 47 47 47 47 47 47 47 47 47 47 47 47 47 47 47 46 46 46 46 46 45 45 45 45 45 44 44 44 44 43 43 43 42 41 41 41 41 41 41 41 41 41 41 41 41 41 41 41 41 41 41 41 41 41 42 42 42 42 43 44 44 44 45 45 46 46 46 45 44 42 42
42 42 42 42 43 43 43 44 44 44 44 45 45 45 45 45 46 46 46 46 46 46 47 47 47 47 47 47 47 47 47 47 47 47 47 47 47 47 46 46 46 46 46 46 45 45 45 45 45 44 44 44 44 43 43 43 43 42 41 41 41 41 41 41 41 41 41 41 41 41 41 41 41 41 41 41 41 41 41 41 41 41 41 42 42 43 43 43 44 44 45 45 44 43 42 42
42 42 42 42 43 43 43 43 44 44 44 44 45 45 45 45 45 46 46 46 46 46 46 46 47 47 47 47 47 47 47 47 47 47 47 47 46 46 46 46 46 46 46 45 45 45 45 45 44 44 44 44 43 43 43 43 42 42 42 41 41 41 40 40 40 40 40 40 40 40 40 40 40 40 40 40 40 41 41 41 41 40 40 40 42 42 42 42 42 42 42 42 42 41 41 41
42 42 42 42 43 43 43 43 44 44 44 44 44 45 45 45 45 45 46 46 46 46 46 46 46 46 46 46 46 46 46 46 46 46 46 46 46 46 46 46 46 45 45 45 45 45 44 44 44 44 44 43 43 43 43 42 42 42 42 42 41 41 41 41 40 40 40 40 40 40 40 40 40 40 40 40 40 40 40 40 40 40 39 39 40 41 40 40 40 39 39 39 39 39 39 40
41 42 42 42 42 43 43 43 43 44 44 44 44 44 45 45 45 45 45 45 46 46 46 46 46 46 46 46 46 46 46 46 46 46 46 46 46 46 46 45 45 45 45 45 45 44 44 44 44 44 43 43 43 43 42 42 42 42 42 41 41 41 41 41 41 40 40 40 40 40 40 40 40 39 39 39 39 39 39 39 39 39 39 38 39 39 39 38 38 37 36 37 37 36 37 38
41 42 42 42 42 43 43 43 43 44 44 44 44 44 44 45 45 45 45 45 45 46 46 46 46 46 46 46 46 46 46 46 46 46 46 46 46 45 45 45 45 45 45 45 44 44 44 44 44 43 43 43 43 42 42 42 42 42 41 41 41 41 41 41 40 40 40 40 40 40 40 40 40 39 39 39 39 39 39 38 38 38 38 39 39 38 37 36 36 35 35 35 35 35 35 37
41 42 42 42 42 42 43 43 43 43 44 44 44 44 44 44 45 45 45 45 45 45 45 45 46 46 46 46 46 46 46 46 46 46 45 45 45 45 45 45 45 45 45 44 44 44 44 44 43 43 43 43 43 42 42 42 42 41 41 41 41 41 41 40 40 40 40 40 40 40 40 40 40 39 39 39 39 38 38 38 37 37 37 38 38 37 36 35 35 34 34 34 34 34 35 36
41 41 42 42 42 42 43 43 43 43 43 44 44 44 44 44 44 45 45 45 45 45 45 45 45 45 45 45 45 45 45 45 45 45 45 45 45 45 45 45 45 44 44 44 44 44 44 43 43 43 43 43 42 42 42 42 41 41 41 41 41 41 40 40 40 40 40 40 40 40 40 39 39 39 39 39 39 38 38 37 37 36 36 37 38 37 36 35 35 35 35 34 34 34 35 35
41 41 42 42 42 42 42 43 43 43 43 43 44 44 44 44 44 44 44 45 45 45 45 45 45 45 45 45 45 45 45 45 45 45 45 45 45 45 45 44 44 44 44 44 44 44 43 43 43 43 43 42 42 42 42 42 41 41 41 41 41 40 40 40 40 40 40 40 39 39 39 39 39 39 39 39 38 38 38 37 37 36 36 36 37 37 36 35 36 35 35 34 34 34 35 35
41 41 42 42 42 42 42 43 43 43 43 43 43 44 44 44 44 44 44 44 44 45 45 45 45 45 45 45 45 45 45 45 45 45 45 45 45 44 44 44 44 44 44 44 43 43 43 43 43 43 42 42 42 42 42 41 41 41 41 41 40 40 40 40 40 40 40 39 39 39 39 39 39 39 39 39 38 38 38 37 37 36 36 35 36 37 37 36 36 35 35 35 35 35 35 35
41 41 41 42 42 42 42 42 43 43 43 43 43 43 44 44 44 44 44 44 44 44 44 44 45 45 45 45 45 45 45 45 45 44 44 44 44 44 44 44 44 44 44 43 43 43 43 43 43 42 42 42 42 42 41 41 41 41 41 40 40 40 40 40 40 40 39 39 39 39 39 39 39 39 38 38 38 38 38 37 37 36 36 35 35 36 36 36 36 35 35 35 35 35 35 35
41 41 41 42 42 42 42 42 42 43 43 43 43 43 43 44 44 44 44 44 44 44 44 44 44 44 44 44 44 44 44 44 44 44 44 44 44 44 44 44 44 43 43 43 43 43 43 43 42 42 42 42 42 41 41 41 41 41 40 40 40 40 40 40 40 39 39 39 39 39 39 39 38 38 38 38 38 38 38 37 37 36 36 35 35 34 35 35 35 35 35 35 35 35 35 35
41 41 41 41 42 42 42 42 42 42 43 43 43 43 43 43 43 44 44 44 44 44 44 44 44 44 44 44 44 44 44 44 44 44 44 44 44 44 44 43 43 43 43 43 43 43 42 42 42 42 42 42 41 41 41 41 41 41 40 40 40 40 40 40 39 39 39 39 39 39 39 38 38 38 38 38 38 38 37 37 37 36 36 35 35 35 34 35 35 35 35 35 35 35 35 35
41 41 41 41 41 42 42 42 42 42 42 43 43 43 43 43 43 43 43 44 44 44 44 44 44 44 44 44 44 44 44 44 44 44 44 44 44 43 43 43 43 43 43 43 43 42 42 42 42 42 42 41 41 41 41 41 41 40 40 40 40 40 40 39 39 39 39 39 39 38 38 38 38 38 38 38 37 37 37 37 37 36 36 36 35 35 35 34 35 34 35 35 35 35 35 35
41 41 41 41 41 41 42 42 42 42 42 42 43 43 43 43 43 43 43 43 43 43 44 44 44 44 44 44 44 44 44 44 44 44 43 43 43 43 43 43 43 43 43 43 42 42 42 42 42 42 41 41 41 41 41 41 40 40 40 40 40 40 39 39 39 39 39 39 38 38 38 38 38 38 38 37 37 37 37 37 36 36 36 36 35 35 35 34 34 34 34 34 34 34 34 34
40 41 41 41 41 41 42 42 42 42 42 42 42 43 43 43 43 43 43 43 43 43 43 43 43 43 43 43 43 43 43 43 43 43 43 43 43 43 43 43 43 43 42 42 42 42 42 42 42 41 41 41 41 41 41 40 40 40 40 40 40 39 39 39 39 39 39 38 38 38 38 38 38 38 37 37 37 37 37 36 36 36 36 36 35 35 35 34 34 33 34 34 33 33 33 33
40 41 41 41 41 41 41 42 42 42 42 42 42 42 42 43 43 43 43 43 43 43 43 43 43 43 43 43 43 43 43 43 43 43 43 43 43 43 43 43 42 42 42 42 42 42 42 42 41 41 41 41 41 41 40 40 40 40 40 40 39 39 39 39 39 39 38 38 38 38 38 38 38 37 37 37 37 37 36 36 36 36 36 35 35 35 35 34 34 33 32 32 32 33 33 33
40 40 41 41 41 41 41 41 42 42 42 42 42 42 42 42 42 43 43 43 43 43 43 43 43 43 43 43 43 43 43 43 43 43 43 43 43 43 42 42 42 42 42 42 42 42 41 41 41 41 41 41 41 40 40 40 40 40 40 39 39 39 39 39 39 38 38 38 38 38 38 37 37 37 37 37 37 36 36 36 36 36 35 35 35 35 34 34 33 33 32 32 31 32 32 33
40 40 40 41 41 41 41 41 41 41 42 42 42 42 42 42 42 42 42 42 43 43 43 43 43 43 43 43 43 43 43 43 43 43 43 42 42 42 42 42 42 42 42 42 42 41 41 41 41 41 41 41 40 40 40 40 40 40 39 39 39 39 39 39 38 38 38 38 38 38 37 37 37 37 37 37 36 36 36 36 36 35 35 35 35 35 34 34 34 33 32 32 32 32 32 33
40 40 40 40 41 41 41 41 41 41 41 42 42 42 42 42 42 42 42 42 42 42 42 42 42 42 43 43 43 42 42 42 42 42 42 42 42 42 42 42 42 42 42 41 41 41 41 41 41 41 41 40 40 40 40 40 40 39 39 39 39 39 39 38 38 38 38 38 38 37 37 37 37 37 37 36 36 36 36 36 36 35 35 35 35 34 34 34 34 33 33 33 32 32 33 33
40 40 40 40 40 41 41 41 41 41 41 41 41 42 42 42 42 42 42 42 42 42 42 42 42 42 42 42 42 42 42 42 42 42 42 42 42 42 42 42 42 41 41 41 41 41 41 41 41 40 40 40 40 40 40 40 39 39 39 39 39 39 38 38 38 38 38 38 38 37 37 37 37 37 37 36 36 36 36 36 35 35 35 35 35 34 34 34 34 33 33 33 33 33 33 33
40 40 40 40 40 40 41 41 41 41 41 41 41 41 41 42 42 42 42 42 42 42 42 42 42 42 42 42 42 42 42 42 42 42 42 42 42 42 42 41 41 41 41 41 41 41 41 41 40 40 40 40 40 40 40 39 39 39 39 39 39 38 38 38 38 38 38 38 37 37 37 37 37 37 36 36 36 36 36 35 35 35 35 35 34 34 34 34 34 33 33 33 33 33 33 33
40 40 40 40 40 40 40 41 41 41 41 41 41 41 41 41 41 42 42 42 42 42 42 42 42 42 42 42 42 42 42 42 42 42 42 42 42 41 41 41 41 41 41 41 41 41 41 40 40 40 40 40 40 40 39 39 39 39 39 39 38 38 38 38 38 38 38 37 37 37 37 37 37 36 36 36 36 36 35 35 35 35 35 34 34 34 34 34 34 33 33 33 33 33 33 33
40 40 40 40 40 40 40 40 41 41 41 41 41 41 41 41 41 41 41 41 41 42 42 42 42 42 42 42 42 42 42 42 42 41 41 41 41 41 41 41 41 41 41 41 41 40 40 40 40 40 40 40 40 39 39 39 39 39 39 38 38 38 38 38 38 38 37 37 37 37 37 37 36 36 36 36 36 36 35 35 35 35 35 34 34 34 34 34 33 33 33 33 33 33 33 33
39 40 40 40 40 40 40 40 40 40 41 41 41 41 41 41 41 41 41 41 41 41 41 41 41 41 41 41 41 41 41 41 41 41 41 41 41 41 41 41 41 41 41 40 40 40 40 40 40 40 40 39 39 39 39 39 39 39 38 38 38 38 38 38 38 37 37 37 37 37 37 36 36 36 36 36 36 35 35 35 35 35 34 34 34 34 34 34 33 33 33 33 33 33 33 33
39 39 40 40 40 40 40 40 40 40 40 40 41 41 41 41 41 41 41 41 41 41 41 41 41 41 41 41 41 41 41 41 41 41 41 41 41 41 41 41 41 40 40 40 40 40 40 40 40 40 39 39 39 39 39 39 39 38 38 38 38 38 38 38 37 37 37 37 37 37 36 36 36 36 36 36 35 35 35 35 35 35 34 34 34 34 34 34 33 33 33 33 33 33 33 32
39 39 39 39 40 40 40 40 40 40 40 40 40 40 41 41 41 41 41 41 41 41 41 41 41 41 41 41 41 41 41 41 41 41 41 41 41 41 41 40 40 40 40 40 40 40 40 40 40 39 39 39 39 39 39 39 38 38 38 38 38 38 38 37 37 37 37 37 37 37 36 36 36 36 36 36 35 35 35 35 35 34 34 34 34 34 34 33 33 33 33 33 33 33 32 32
39 39 39 39 39 40 40 40 40 40 40 40 40 40 40 40 41 41 41 41 41 41 41 41 41 41 41 41 41 41 41 41 41 41 41 41 40 40 40 40 40 40 40 40 40 40 40 39 39 39 39 39 39 39 39 38 38 38 38 38 38 38 37 37 37 37 37 37 37 36 36 36 36 36 36 35 35 35 35 35 35 34 34 34 34 34 34 33 33 33 33 33 33 32 32 32
39 39 39 39 39 39 40 40 40 40 40 40 40 40 40 40 40 40 40 40 40 41 41 41 41 41 41 41 41 41 41 41 40 40 40 40 40 40 40 40 40 40 40 40 40 40 39 39 39 39 39 39 39 39 38 38 38 38 38 38 38 37 37 37 37 37 37 37 36 36 36 36 36 36 35 35 35 35 35 35 34 34 34 34 34 34 33 33 33 33 33 33 33 32 32 32
39 39 39 39 39 39 39 39 40 40 40 40 40 40 40 40 40 40 40 40 40 40 40 40 40 40 40 40 40 40 40 40 40 40 40 40 40 40 40 40 40 40 40 40 39 39 39 39 39 39 39 39 39 38 38 38 38 38 38 38 37 37 37 37 37 37 37 36 36 36 36 36 36 36 35 35 35 35 35 35 34 34 34 34 34 34 33 33 33 33 33 33 32 32 32 32
39 39 39 39 39 39 39 39 39 39 40 40 40 40 40 40 40 40 40 40 40 40 40 40 40 40 40 40 40 40 40 40 40 40 40 40 40 40 40 40 40 40 39 39 39 39 39 39 39 39 39 38 38 38 38 38 38 38 38 37 37 37 37 37 37 37 36 36 36 36 36 36 36 35 35 35 35 35 35 34 34 34 34 34 34 33 33 33 33 33 33 33 32 32 32 32
38 39 39 39 39 39 39 39 39 39 39 39 40 40 40 40 40 40 40 40 40 40 40 40 40 40 40 40 40 40 40 40 40 40 40 40 40 40 40 39 39 39 39 39 39 39 39 39 39 39 38 38 38 38 38 38 38 38 37 37 37 37 37 37 37 36 36 36 36 36 36 36 35 35 35 35 35 35 35 34 34 34 34 34 34 33 33 33 33 33 33 32 32 32 32 32
