tests/output/Data/bom_data/etaaoct.txt
ncols         417
nrows         337
xllcorner     112.15
yllcorner     -43.8
cellsize      0.1
NODATA_value  -9999
[rows 236 to 294 of 337, columns 192 to 287 of 417]
29 30 30 30 30 30 30 31 31 31 31 31 32 32 32 32 33 33 33 33 33 33 34 34 34 34 34 34 34 34 34 34 34 33 33 33 33 33 34 33 32 32 31 31 31 31 30 30 29 29 31 30 30 28 25 22 21 21 22 23 23 24 26 31 34 36 39 46 39 39 48 57 61 59 53 49 38 30 26 24 23 22 22 22 22 23 23 24 25 26 27 28 29 29 29 29
30 30 30 31 31 31 31 31 32 32 32 32 32 33 33 33 33 33 34 34 34 34 34 34 35 35 35 35 35 35 35 35 35 34 34 33 32 33 33 34 33 32 32 31 31 31 31 32 30 29 29 27 25 22 20 20 21 21 22 23 24 25 30 34 35 37 41 45 40 39 45 55 62 59 56 50 42 33 28 26 24 24 23 22 21 21 21 23 25 26 27 28 29 29 30 30
31 31 31 31 31 32 32 32 32 32 33 33 33 33 33 34 34 34 34 34 35 35 35 35 35 35 35 35 35 35 35 35 35 35 35 34 33 32 34 35 35 34 33 32 32 32 32 33 29 28 26 24 21 20 21 21 22 22 23 24 25 28 33 34 35 38 43 39 42 40 44 50 55 56 57 54 44 36 30 27 26 25 25 23 22 22 22 23 25 27 28 29 29 30 30 29
31 32 32 32 32 32 33 33 33 33 33 34 34 34 34 34 35 35 35 35 35 35 36 36 36 36 36 36 36 36 36 36 36 36 36 35 34 33 34 37 37 36 34 34 34 33 33 32 29 26 22 21 21 21 21 22 22 23 24 24 25 30 35 37 38 40 38 36 39 40 41 49 54 55 57 55 48 37 31 27 26 26 27 26 25 24 24 25 26 28 28 29 30 30 31 31
32 32 32 33 33 33 33 33 34 34 34 34 34 35 35 35 35 35 36 36 36 36 36 36 36 37 37 37 37 37 37 37 37 37 36 36 35 34 35 35 37 37 36 36 37 36 34 31 29 24 21 21 21 22 22 22 23 24 24 25 27 32 36 39 41 38 33 31 35 38 40 46 52 52 56 52 50 41 33 28 27 27 28 30 31 29 27 27 27 28 28 29 30 31 32 32
33 33 33 33 34 34 34 34 34 34 35 35 35 35 35 36 36 36 36 36 37 37 37 37 37 37 37 37 37 37 37 37 37 37 37 37 36 35 35 36 39 39 38 37 40 40 36 30 26 22 21 22 22 22 23 23 24 24 25 25 26 34 40 42 39 35 28 28 34 38 40 45 48 50 52 51 52 49 35 28 27 28 28 32 34 33 31 31 30 29 28 29 30 31 31 30
33 34 34 34 34 34 35 35 35 35 35 36 36 36 36 36 37 37 37 37 37 37 38 38 38 38 38 38 38 38 38 38 38 38 38 38 38 37 37 37 40 39 39 40 40 38 36 28 24 23 23 23 23 23 24 24 24 25 25 25 28 36 41 42 37 32 27 27 32 38 40 44 48 51 52 53 52 52 37 29 28 29 29 32 34 33 32 32 31 30 29 29 30 31 30 30
34 34 35 35 35 35 35 35 36 36 36 36 36 37 37 37 37 37 38 38 38 38 38 38 38 39 39 39 39 39 39 39 39 39 39 39 38 38 38 39 40 40 40 42 41 38 33 28 25 25 24 24 24 24 24 25 25 25 26 27 30 36 41 41 37 29 27 28 32 38 42 45 48 49 50 55 58 55 41 32 30 29 29 31 32 33 33 32 31 31 31 30 30 30 30 29
35 35 35 35 36 36 36 36 36 37 37 37 37 37 38 38 38 38 38 38 39 39 39 39 39 39 39 39 39 40 40 40 40 39 39 39 39 39 39 39 39 41 42 42 42 36 31 29 27 27 26 25 25 25 25 26 26 26 26 27 28 35 41 41 37 29 28 29 31 35 41 46 48 53 55 63 64 57 45 33 31 29 28 30 31 32 33 33 32 32 32 31 31 31 30 29
36 36 36 36 36 36 37 37 37 37 37 38 38 38 38 38 39 39 39 39 39 39 40 40 40 40 40 40 40 40 40 40 40 40 40 40 40 40 40 40 40 42 42 42 42 37 32 30 29 29 27 27 27 27 27 27 27 27 27 27 28 36 42 41 38 30 29 30 32 33 40 47 49 63 68 70 68 60 46 34 32 29 28 30 31 32 33 33 33 33 32 32 31 31 30 29
36 36 37 37 37 37 37 38 38 38 38 38 39 39 39 39 39 39 40 40 40 40 40 40 41 41 41 41 41 41 41 41 41 41 41 41 41 41 41 41 41 41 43 43 43 42 35 31 30 29 29 28 28 28 28 28 28 28 28 28 30 38 41 42 37 31 31 32 33 34 38 47 52 64 71 71 68 57 42 34 33 30 30 31 32 32 33 34 34 34 33 33 32 31 30 30
37 37 37 37 38 38 38 38 38 39 39 39 39 39 40 40 40 40 40 40 41 41 41 41 41 41 41 42 42 42 42 42 42 42 42 42 42 42 42 42 42 42 42 42 42 43 36 34 32 31 30 30 29 29 29 29 31 31 31 30 33 39 41 41 34 31 32 33 34 35 39 48 59 69 70 70 65 52 38 34 34 32 31 32 33 33 34 34 35 34 34 34 33 32 31 31
38 38 38 38 38 39 39 39 39 39 40 40 40 40 40 40 41 41 41 41 41 42 42 42 42 42 42 42 42 42 43 43 43 43 43 43 43 43 43 43 42 42 43 41 40 41 38 37 34 32 32 31 31 31 31 33 37 39 39 37 36 39 41 39 33 32 33 34 35 36 39 52 66 69 69 69 59 45 35 35 37 36 35 35 35 34 34 35 35 35 35 35 34 33 33 32
38 38 39 39 39 39 39 40 40 40 40 40 41 41 41 41 41 42 42 42 42 42 42 43 43 43 43 43 43 43 43 43 43 43 44 44 44 44 44 44 43 43 42 40 39 38 37 37 35 33 33 33 33 33 33 37 41 43 43 40 38 38 41 38 33 33 34 35 36 37 41 57 66 69 69 62 52 44 37 37 38 39 37 36 36 35 35 36 36 36 37 36 35 35 34 33
39 39 39 40 40 40 40 40 41 41 41 41 41 41 42 42 42 42 42 43 43 43 43 43 43 44 44 44 44 44 44 44 44 44 44 44 44 45 45 45 44 44 43 41 40 39 38 36 35 35 37 36 35 35 36 41 42 42 40 37 34 35 38 36 34 34 35 36 37 38 44 60 68 67 62 52 46 44 40 39 40 41 40 39 38 37 37 37 38 38 37 37 37 36 35 34
40 40 40 40 40 41 41 41 41 41 42 42 42 42 42 43 43 43 43 43 43 44 44 44 44 44 44 45 45 45 45 45 45 45 45 45 45 45 45 46 46 45 44 42 41 40 39 38 37 37 37 37 37 37 40 42 40 41 37 36 35 35 35 35 35 35 36 37 38 39 52 70 67 60 53 49 42 41 39 40 40 40 39 38 40 41 40 39 39 39 38 38 38 37 37 36
40 41 41 41 41 41 42 42 42 42 42 42 43 43 43 43 43 44 44 44 44 44 44 45 45 45 45 45 45 46 46 46 46 46 46 46 46 46 46 46 47 46 45 44 42 41 40 39 38 38 39 39 40 40 41 41 41 40 39 38 37 37 36 36 36 37 37 38 39 48 68 71 67 57 51 45 41 39 39 41 41 41 41 40 39 40 42 42 41 41 40 40 40 39 38 38
41 41 41 42 42 42 42 42 43 43 43 43 43 44 44 44 44 44 44 45 45 45 45 45 46 46 46 46 46 46 46 47 47 47 47 47 47 47 47 47 48 47 46 45 44 43 42 41 41 41 41 42 43 44 45 45 45 43 42 42 39 39 38 38 38 38 39 43 50 63 67 63 52 47 46 44 41 40 41 43 43 44 44 42 42 41 43 43 43 42 42 42 42 41 40 39
42 42 42 42 43 43 43 43 43 43 44 44 44 44 44 45 45 45 45 45 46 46 46 46 46 46 47 47 47 47 47 47 48 48 48 48 48 48 48 48 48 49 48 47 46 45 44 44 44 44 44 45 46 48 49 51 50 49 50 51 46 45 42 40 40 40 41 46 47 48 48 48 47 43 42 42 41 41 43 46 45 45 46 44 44 43 44 44 44 44 45 45 44 43 42 41
43 43 43 43 43 43 44 44 44 44 44 45 45 45 45 45 46 46 46 46 46 46 47 47 47 47 47 48 48 48 48 48 48 48 49 49 49 49 49 49 49 50 50 49 48 48 47 47 47 47 47 49 52 55 59 62 60 61 62 60 56 51 47 43 42 44 46 46 47 48 48 48 43 40 39 38 40 42 46 48 47 46 46 46 45 45 46 45 45 46 46 46 47 46 44 42
43 43 44 44 44 44 44 44 45 45 45 45 45 46 46 46 46 46 47 47 47 47 47 48 48 48 48 48 48 49 49 49 49 49 49 50 50 50 50 50 50 51 51 51 50 50 50 50 50 50 51 53 59 59 60 62 64 64 63 60 57 54 52 48 47 51 50 47 46 46 47 46 44 43 41 40 40 42 46 46 49 48 48 48 47 46 46 47 47 48 48 48 49 48 47 45
44 44 44 44 45 45 45 45 45 46 46 46 46 46 47 47 47 47 47 48 48 48 48 48 48 49 49 49 49 49 50 50 50 50 50 50 51 51 51 51 51 52 52 52 52 52 52 52 53 53 54 54 54 59 59 61 62 63 62 60 59 56 52 50 49 49 48 48 47 48 48 47 46 45 44 43 43 43 45 48 47 50 49 49 49 48 48 48 48 49 49 50 51 51 49 47
45 45 45 45 45 45 46 46 46 46 46 47 47 47 47 47 48 48 48 48 48 49 49 49 49 49 50 50 50 50 50 51 51 51 51 51 51 52 52 52 52 53 53 53 53 53 54 54 54 55 55 55 56 56 57 58 58 59 57 57 58 56 52 48 48 49 49 49 49 49 49 49 48 47 47 46 46 46 46 47 49 49 51 51 51 50 50 50 49 50 51 51 53 53 52 49
45 45 46 46 46 46 46 47 47 47 47 47 47 48 48 48 48 49 49 49 49 49 50 50 50 50 50 51 51 51 51 51 52 52 52 52 52 53 53 53 53 53 54 54 54 54 55 55 55 56 56 57 57 58 58 59 59 57 53 53 56 54 51 50 50 50 50 51 51 51 51 51 50 50 49 49 48 48 49 49 50 50 53 53 53 52 52 51 51 51 52 53 54 55 55 52
46 46 46 46 47 47 47 47 47 48 48 48 48 48 49 49 49 49 49 50 50 50 50 50 51 51 51 51 51 52 52 52 52 53 53 53 53 53 54 54 54 54 55 55 55 55 56 56 57 57 57 58 58 59 59 60 59 57 55 54 53 53 53 53 52 52 52 53 53 53 53 53 52 52 51 51 51 51 51 51 51 52 52 54 54 55 54 54 53 54 54 54 55 55 55 54
47 47 47 47 47 48 48 48 48 48 48 49 49 49 49 49 50 50 50 50 51 51 51 51 51 52 52 52 52 52 53 53 53 53 54 54 54 54 54 55 55 55 56 56 56 56 57 57 58 58 58 59 59 60 60 61 60 59 58 57 56 55 55 55 55 54 54 54 54 54 54 54 54 54 54 53 53 53 53 53 53 53 54 56 56 56 56 56 56 56 57 56 57 57 57 55
47 48 48 48 48 48 48 49 49 49 49 49 50 50 50 50 50 51 51 51 51 51 52 52 52 52 53 53 53 53 53 54 54 54 54 55 55 55 55 56 56 56 56 57 57 57 58 58 58 59 59 60 60 61 61 61 61 60 59 59 58 57 57 57 56 56 56 56 56 56 56 56 56 56 56 55 55 55 55 55 55 55 55 56 58 58 58 59 58 58 60 60 59 59 59 57
48 48 48 49 49 49 49 49 49 50 50 50 50 50 51 51 51 51 51 52 52 52 52 53 53 53 53 53 54 54 54 54 55 55 55 55 56 56 56 56 57 57 57 58 58 58 59 59 59 60 60 61 61 61 62 62 62 61 61 60 60 59 59 58 58 58 58 58 58 58 57 57 57 57 57 57 57 57 57 57 57 57 57 58 60 60 60 60 60 60 60 62 62 61 60 60
49 49 49 49 49 50 50 50 50 50 51 51 51 51 51 52 52 52 52 52 53 53 53 53 53 54 54 54 54 55 55 55 55 56 56 56 56 57 57 57 58 58 58 58 59 59 59 60 60 61 61 61 62 62 62 63 63 63 62 61 61 60 60 60 59 59 59 59 59 59 59 59 59 59 59 59 59 59 59 59 59 59 59 59 60 62 62 62 62 62 62 62 63 63 62 61
49 50 50 50 50 50 50 51 51 51 51 51 52 52 52 52 52 53 53 53 53 53 54 54 54 54 55 55 55 55 56 56 56 56 57 57 57 57 58 58 58 59 59 59 60 60 60 61 61 61 62 62 62 63 63 63 63 63 63 63 62 61 61 61 61 60 60 60 60 60 60 60 60 60 60 60 60 60 60 60 60 60 60 60 62 64 64 64 64 63 63 63 63 63 63 62
50 50 50 51 51 51 51 51 51 52 52 52 52 52 53 53 53 53 54 54 54 54 54 55 55 55 55 56 56 56 56 57 57 57 57 58 58 58 58 59 59 59 60 60 60 61 61 61 62 62 62 63 63 63 64 64 64 64 64 64 64 63 63 62 62 62 62 61 61 61 61 61 61 61 61 62 62 62 62 62 62 62 62 62 64 66 66 66 65 65 64 64 63 63 63 62
51 51 51 51 51 52 52 52 52 52 53 53 53 53 53 54 54 54 54 54 55 55 55 55 56 56 56 56 57 57 57 57 58 58 58 58 59 59 59 60 60 60 60 61 61 61 62 62 63 63 63 64 64 64 64 65 65 65 65 65 65 64 64 64 64 64 63 63 63 63 63 63 62 62 62 63 63 63 63 63 63 63 63 64 67 68 67 67 67 66 65 65 64 64 63 62
51 52 52 52 52 52 52 53 53 53 53 53 54 54 54 54 54 55 55 55 55 56 56 56 56 56 57 57 57 57 58 58 58 59 59 59 59 60 60 60 61 61 61 62 62 62 63 63 63 64 64 64 64 65 65 65 65 65 65 65 65 65 65 65 65 65 64 64 64 64 64 64 64 64 64 64 64 64 64 64 64 64 65 69 70 69 69 68 68 66 67 66 66 65 64 64
52 52 52 53 53 53 53 53 53 54 54 54 54 54 55 55 55 55 55 56 56 56 56 57 57 57 57 58 58 58 58 59 59 59 59 60 60 60 61 61 61 62 62 62 63 63 63 64 64 64 64 65 65 65 66 66 66 66 66 66 66 66 66 66 66 66 65 65 65 65 66 66 66 66 66 65 65 65 65 65 65 65 66 69 72 71 70 70 70 69 69 68 68 67 66 66
53 53 53 53 53 54 54 54 54 54 54 55 55 55 55 55 56 56 56 56 57 57 57 57 58 58 58 58 59 59 59 59 60 60 60 60 61 61 61 62 62 62 63 63 63 64 64 64 65 65 65 65 66 66 66 66 66 67 67 67 67 67 67 67 67 66 66 66 66 67 67 67 67 67 67 67 67 67 67 67 66 66 67 69 73 74 73 73 73 73 72 71 70 69 68 68
53 54 54 54 54 54 54 55 55 55 55 55 56 56 56 56 56 57 57 57 57 57 58 58 58 58 59 59 59 59 60 60 60 61 61 61 61 62 62 62 63 63 63 64 64 64 65 65 65 65 66 66 66 66 67 67 67 67 67 67 67 67 67 67 67 67 67 67 67 68 68 68 68 68 69 69 69 69 68 68 68 68 68 69 74 76 76 76 77 76 74 72 71 70 70 69
54 54 54 54 55 55 55 55 55 56 56 56 56 56 57 57 57 57 57 58 58 58 58 59 59 59 59 60 60 60 60 61 61 61 61 62 62 62 63 63 63 64 64 64 65 65 65 65 66 66 66 67 67 67 67 67 68 68 68 68 68 68 68 68 68 68 68 68 68 69 69 69 69 69 70 70 70 70 70 70 70 70 70 70 72 76 78 79 78 77 75 74 73 72 72 71
55 55 55 55 55 55 56 56 56 56 56 57 57 57 57 57 58 58 58 58 59 59 59 59 59 60 60 60 60 61 61 61 62 62 62 62 63 63 63 64 64 64 65 65 65 65 66 66 66 67 67 67 67 68 68 68 68 68 68 69 69 69 69 69 69 69 69 69 69 69 70 70 70 70 71 71 71 72 72 71 71 71 71 71 71 75 76 79 78 77 77 76 74 74 73 73
55 55 56 56 56 56 56 56 57 57 57 57 57 58 58 58 58 58 59 59 59 59 60 60 60 60 61 61 61 61 62 62 62 62 63 63 63 64 64 64 65 65 65 65 66 66 66 67 67 67 67 68 68 68 68 69 69 69 69 69 69 69 70 70 70 70 70 70 70 70 71 71 71 71 72 72 72 73 73 73 73 73 73 73 73 73 75 76 78 77 77 77 75 75 74 74
56 56 56 56 57 57 57 57 57 57 58 58 58 58 58 59 59 59 59 60 60 60 60 60 61 61 61 61 62 62 62 63 63 63 63 64 64 64 65 65 65 65 66 66 66 67 67 67 67 68 68 68 69 69 69 69 69 70 70 70 70 70 70 70 70 71 71 71 71 71 71 72 72 72 72 73 73 73 74 74 74 74 74 74 74 74 74 76 76 77 77 76 76 75 75 75
57 57 57 57 57 57 58 58 58 58 58 58 59 59 59 59 59 60 60 60 60 61 61 61 61 62 62 62 62 63 63 63 63 64 64 64 65 65 65 65 66 66 66 67 67 67 67 68 68 68 69 69 69 69 70 70 70 70 70 70 71 71 71 71 71 71 71 72 72 72 72 72 73 73 73 74 74 74 75 75 75 75 75 75 75 75 75 75 76 75 77 76 76 76 75 76
57 57 58 58 58 58 58 58 59 59 59 59 59 59 60 60 60 60 61 61 61 61 61 62 62 62 62 63 63 63 63 64 64 64 65 65 65 65 66 66 66 67 67 67 67 68 68 68 69 69 69 69 70 70 70 70 70 71 71 71 71 71 71 72 72 72 72 72 72 73 73 73 73 74 74 74 75 75 75 76 76 76 76 76 76 76 76 76 75 75 75 76 76 75 76 76
58 58 58 58 58 59 59 59 59 59 59 60 60 60 60 60 61 61 61 61 62 62 62 62 63 63 63 63 64 64 64 64 65 65 65 65 66 66 66 67 67 67 67 68 68 68 69 69 69 69 70 70 70 70 71 71 71 71 71 72 72 72 72 72 72 73 73 73 73 73 74 74 74 74 75 75 75 75 76 76 76 77 77 77 77 77 76 76 75 75 75 74 74 74 74 75
58 59 59 59 59 59 59 60 60 60 60 60 60 61 61 61 61 61 62 62 62 62 63 63 63 63 64 64 64 64 65 65 65 65 66 66 66 67 67 67 67 68 68 68 69 69 69 69 70 70 70 70 71 71 71 71 72 72 72 72 72 72 73 73 73 73 73 74 74 74 74 74 75 75 75 75 76 76 76 76 77 77 77 77 77 77 77 76 75 74 72 72 73 74 75 75
59 59 59 59 60 60 60 60 60 60 61 61 61 61 61 62 62 62 62 63 63 63 63 63 64 64 64 64 65 65 65 65 66 66 66 67 67 67 67 68 68 68 69 69 69 69 70 70 70 70 71 71 71 71 72 72 72 72 72 73 73 73 73 73 74 74 74 74 74 75 75 75 75 75 76 76 76 76 77 77 77 77 77 77 77 77 77 77 76 74 73 71 71 72 74 76
60 60 60 60 60 60 61 61 61 61 61 61 62 62 62 62 62 63 63 63 63 64 64 64 64 64 65 65 65 65 66 66 66 67 67 67 67 68 68 68 68 69 69 69 70 70 70 70 71 71 71 71 72 72 72 72 73 73 73 73 73 74 74 74 74 74 75 75 75 75 75 76 76 76 76 76 77 77 77 77 77 78 78 78 78 78 78 77 77 75 74 73 73 74 75 77
60 60 61 61 61 61 61 61 61 62 62 62 62 62 63 63 63 63 63 64 64 64 64 65 65 65 65 66 66 66 66 67 67 67 67 68 68 68 68 69 69 69 70 70 70 70 71 71 71 71 72 72 72 72 73 73 73 73 73 74 74 74 74 74 75 75 75 75 75 76 76 76 76 77 77 77 77 77 78 78 78 78 78 78 78 78 78 78 77 77 76 75 75 76 77 78
61 61 61 61 61 62 62 62 62 62 62 63 63 63 63 63 64 64 64 64 64 65 65 65 65 66 66 66 66 67 67 67 67 68 68 68 68 69 69 69 70 70 70 70 71 71 71 71 72 72 72 72 73 73 73 73 74 74 74 74 74 75 75 75 75 75 76 76 76 76 76 77 77 77 77 77 78 78 78 78 78 78 78 78 78 78 78 78 78 78 78 77 77 77 78 78
61 62 62 62 62 62 62 62 63 63 63 63 63 64 64 64 64 64 65 65 65 65 65 66 66 66 66 67 67 67 67 68 68 68 68 69 69 69 69 70 70 70 71 71 71 71 72 72 72 72 73 73 73 73 74 74 74 74 74 75 75 75 75 75 76 76 76 76 76 77 77 77 77 77 78 78 78 78 78 78 79 79 79 79 79 79 79 78 78 78 78 78 78 78 78 78
62 62 62 62 63 63 63 63 63 63 64 64 64 64 64 65 65 65 65 65 66 66 66 66 66 67 67 67 67 68 68 68 68 69 69 69 69 70 70 70 70 71 71 71 72 72 72 72 73 73 73 73 74 74 74 74 74 75 75 75 75 76 76 76 76 76 77 77 77 77 77 77 78 78 78 78 78 79 79 79 79 79 79 79 79 79 79 79 79 79 79 79 79 79 79 79
63 63 63 63 63 63 63 64 64 64 64 64 64 65 65 65 65 65 66 66 66 66 67 67 67 67 67 68 68 68 68 69 69 69 69 70 70 70 70 71 71 71 72 72 72 72 73 73 73 73 74 74 74 74 74 75 75 75 75 76 76 76 76 76 77 77 77 77 77 78 78 78 78 78 78 79 79 79 79 79 79 79 79 79 79 79 79 79 79 79 79 79 79 79 79 79
63 63 63 64 64 64 64 64 64 65 65 65 65 65 65 66 66 66 66 66 67 67 67 67 68 68 68 68 68 69 69 69 69 70 70 70 70 71 71 71 71 72 72 72 72 73 73 73 73 74 74 74 74 75 75 75 75 76 76 76 76 76 77 77 77 77 77 78 78 78 78 78 78 79 79 79 79 79 79 79 80 80 80 80 80 80 80 80 80 79 79 79 79 79 79 79
64 64 64 64 64 64 65 65 65 65 65 65 66 66 66 66 66 67 67 67 67 67 68 68 68 68 68 69 69 69 69 70 70 70 70 71 71 71 71 72 72 72 72 73 73 73 73 74 74 74 74 75 75 75 75 76 76 76 76 76 77 77 77 77 77 78 78 78 78 78 79 79 79 79 79 79 79 80 80 80 80 80 80 80 80 80 80 80 80 80 80 80 80 80 80 80
64 64 65 65 65 65 65 65 65 66 66 66 66 66 66 67 67 67 67 67 68 68 68 68 69 69 69 69 69 70 70 70 70 71 71 71 71 72 72 72 72 73 73 73 73 74 74 74 74 75 75 75 75 76 76 76 76 76 77 77 77 77 77 78 78 78 78 78 79 79 79 79 79 79 80 80 80 80 80 80 80 80 80 80 80 80 80 80 80 80 80 80 80 80 80 80
65 65 65 65 65 66 66 66 66 66 66 66 67 67 67 67 67 68 68 68 68 68 69 69 69 69 69 70 70 70 70 71 71 71 71 72 72 72 72 73 73 73 73 74 74 74 74 75 75 75 75 75 76 76 76 76 77 77 77 77 77 78 78 78 78 78 79 79 79 79 79 79 80 80 80 80 80 80 80 80 81 81 81 81 81 81 81 81 81 81 81 80 80 80 80 80
65 66 66 66 66 66 66 66 67 67 67 67 67 67 68 68 68 68 68 68 69 69 69 69 70 70 70 70 70 71 71 71 71 72 72 72 72 73 73 73 73 74 74 74 74 74 75 75 75 75 76 76 76 76 77 77 77 77 77 78 78 78 78 78 79 79 79 79 79 79 80 80 80 80 80 80 80 81 81 81 81 81 81 81 81 81 81 81 81 81 81 81 81 81 81 81
66 66 66 66 66 67 67 67 67 67 67 68 68 68 68 68 68 69 69 69 69 69 70 70 70 70 70 71 71 71 71 72 72 72 72 73 73 73 73 73 74 74 74 74 75 75 75 75 76 76 76 76 77 77 77 77 77 78 78 78 78 78 79 79 79 79 79 80 80 80 80 80 80 80 81 81 81 81 81 81 81 81 81 81 81 81 81 81 81 81 81 81 81 81 81 81
66 67 67 67 67 67 67 67 68 68 68 68 68 68 69 69 69 69 69 69 70 70 70 70 71 71 71 71 71 72 72 72 72 73 73 73 73 73 74 74 74 74 75 75 75 75 76 76 76 76 76 77 77 77 77 78 78 78 78 78 79 79 79 79 79 80 80 80 80 80 80 80 81 81 81 81 81 81 81 81 81 82 82 82 82 82 82 82 82 82 82 81 81 81 81 81
67 67 67 67 68 68 68 68 68 68 68 69 69 69 69 69 69 70 70 70 70 70 71 71 71 71 71 72 72 72 72 72 73 73 73 73 74 74 74 74 75 75 75 75 76 76 76 76 76 77 77 77 77 78 78 78 78 78 79 79 79 79 79 80 80 80 80 80 80 81 81 81 81 81 81 81 81 82 82 82 82 82 82 82 82 82 82 82 82 82 82 82 82 82 82 81
