tests/output/Data/bom_data/etaajan.txt
ncols         417
nrows         337
xllcorner     112.15
yllcorner     -43.8
cellsize      0.1
NODATA_value  -9999
[rows 216 to 269 of 337, columns 288 to 383 of 417]
23 24 31 36 34 33 34 32 31 31 31 31 31 35 37 35 38 39 36 35 35 35 35 36 38 38 40 44 45 42 41 41 42 43 43 45 49 49 47 45 45 45 45 45 46 47 47 47 48 50 52 54 55 56 57 58 58 59 60 61 62 63 65 66 68 69 71 73 73 70 69 69 71 72 74 77 78 79 80 81 82 83 84 87 90 92 93 94 93 92 92 92 90 89 83 90
24 26 31 34 33 30 32 31 30 30 31 31 33 37 37 34 36 36 35 35 35 35 36 37 38 39 41 42 43 41 41 41 44 45 45 48 49 49 46 45 45 45 45 46 49 50 50 50 50 50 52 54 55 57 57 58 59 59 60 61 62 63 64 65 67 68 69 70 69 66 66 67 69 72 74 76 78 79 80 81 82 83 85 85 86 88 90 92 89 87 83 84 81 80 84 84
25 29 31 32 33 32 31 30 30 31 31 32 35 36 34 33 34 34 35 35 35 36 37 37 39 40 42 42 42 41 42 42 44 47 46 47 47 46 45 46 47 46 44 46 47 48 51 50 51 50 52 54 55 57 57 58 58 59 60 61 62 63 64 65 66 66 67 67 65 62 62 65 68 71 74 76 78 79 80 80 80 81 81 83 85 86 87 86 83 80 79 77 78 79 82 82
26 30 31 30 30 31 30 30 30 31 31 32 35 34 34 34 34 34 35 35 36 37 37 38 39 40 41 42 42 42 42 42 43 45 46 45 44 44 45 46 45 45 44 44 46 49 51 51 49 49 52 55 55 56 57 57 58 59 60 61 61 62 63 64 65 65 65 65 64 62 63 65 68 71 74 76 78 78 78 78 79 80 81 82 84 83 84 83 79 78 74 73 76 76 79 82
28 30 30 28 29 29 28 28 29 30 31 33 33 34 34 35 35 35 36 36 37 37 38 39 39 40 41 41 42 42 42 42 43 45 47 45 44 45 47 47 45 44 44 44 45 48 49 50 50 49 52 52 53 56 58 58 58 60 60 60 61 62 62 64 65 64 64 64 63 63 63 65 67 71 74 77 78 78 77 77 78 79 80 83 82 83 82 81 77 77 71 69 71 74 79 80
28 29 29 28 28 28 28 28 29 30 32 33 33 35 36 36 36 36 36 37 37 38 38 39 39 40 41 41 41 41 42 42 43 44 45 44 44 45 45 45 45 44 44 45 46 47 50 50 50 52 53 53 54 56 58 58 59 59 60 60 61 62 62 63 64 64 64 63 63 63 64 65 67 71 73 75 76 76 75 75 75 78 79 80 80 81 83 81 78 76 71 70 71 73 78 79
27 28 27 27 28 27 28 28 29 30 31 33 34 36 38 37 37 37 37 37 37 38 38 39 39 40 41 40 40 41 41 42 42 43 44 44 44 44 45 45 46 45 45 45 46 47 48 50 51 52 52 53 54 56 57 57 58 59 61 60 61 61 62 63 64 64 63 63 63 63 64 65 67 70 72 73 74 73 73 72 73 77 77 79 82 80 83 86 84 81 75 74 73 74 79 84
26 27 26 26 27 27 27 28 29 30 31 33 34 36 37 38 38 37 37 37 37 38 39 39 39 40 40 40 42 42 41 42 42 43 44 44 44 44 44 45 46 46 44 45 46 48 50 49 51 51 51 52 54 55 58 56 57 59 59 61 61 62 63 63 64 64 63 63 63 63 63 64 66 69 71 71 72 71 71 70 69 75 76 81 84 84 86 86 89 88 85 83 87 82 81 86
24 25 25 26 26 26 27 27 28 30 31 33 34 36 37 37 38 37 38 38 38 38 38 39 39 40 40 40 42 43 42 42 43 43 44 44 44 44 44 44 45 46 45 45 46 50 50 49 51 50 50 52 55 55 56 56 56 57 58 60 60 63 62 63 63 63 64 63 63 63 63 63 65 70 69 69 69 70 70 69 70 72 76 80 83 86 87 87 87 88 89 87 93 86 86 93
23 24 25 25 25 26 26 27 29 30 31 32 34 35 36 37 37 37 38 38 37 38 38 38 39 40 39 40 43 42 42 42 43 44 44 44 45 45 45 45 44 45 45 45 47 48 48 49 50 50 49 51 54 53 55 57 57 56 57 59 60 61 61 62 62 64 64 63 63 63 62 63 64 69 68 68 68 69 72 69 71 72 76 81 82 84 86 87 87 87 88 89 91 90 93 94
23 24 24 24 25 25 26 27 29 30 31 32 33 34 35 36 37 37 37 37 37 38 38 38 39 40 40 41 43 42 42 43 44 45 45 45 45 45 45 46 45 46 47 47 48 48 48 48 50 49 48 51 52 52 53 54 55 56 57 58 59 59 60 61 61 61 61 62 62 62 62 62 64 67 68 67 68 68 70 69 71 76 74 80 83 85 87 88 87 86 89 89 92 95 95 92
23 23 24 24 25 25 26 27 29 30 31 31 32 33 34 35 36 36 36 36 37 38 38 39 41 40 40 40 41 41 42 43 45 45 45 45 45 45 45 45 44 46 47 48 46 48 48 48 48 49 48 50 52 52 52 53 54 55 56 58 58 59 59 60 59 59 60 61 61 62 62 63 64 67 68 70 67 68 68 68 71 75 74 76 81 83 84 86 87 87 88 87 89 92 94 90
23 23 24 24 25 25 26 27 29 30 31 31 32 32 34 35 35 35 35 36 38 38 38 39 40 39 39 40 41 41 42 43 44 44 45 45 45 45 45 45 44 45 46 49 48 45 46 46 47 48 49 49 50 50 51 52 54 55 56 57 58 59 57 56 57 58 60 60 59 60 61 63 64 65 68 70 68 68 67 68 73 76 74 75 78 81 82 85 88 87 86 84 85 89 93 92
23 23 24 25 25 26 26 27 28 29 30 31 32 32 34 34 34 34 35 37 37 37 38 39 38 38 39 40 41 41 41 42 43 43 44 44 44 44 45 45 45 44 44 47 47 44 44 45 45 47 49 48 49 50 51 52 53 55 55 57 57 58 56 54 56 56 57 58 59 59 60 62 63 65 66 67 67 66 67 67 71 74 74 77 77 80 84 85 87 87 88 86 86 86 87 89
24 23 24 24 25 25 26 27 28 29 29 30 31 31 32 32 33 34 35 36 35 36 37 37 37 38 40 40 40 40 41 42 42 42 43 43 43 43 44 44 44 44 43 43 44 43 44 45 46 46 47 47 49 49 50 52 53 54 56 57 57 57 57 56 56 56 57 57 58 58 59 61 63 65 67 67 65 65 66 69 73 74 75 77 76 79 81 85 90 87 88 90 91 91 90 90
24 23 23 24 26 26 27 27 27 28 29 31 31 31 31 31 32 33 34 35 35 35 36 36 37 38 39 39 39 40 41 41 42 42 42 43 43 43 43 43 43 43 42 42 42 43 43 44 46 45 45 47 50 49 49 51 53 55 56 57 58 57 57 57 57 56 57 57 57 57 57 59 62 64 63 64 64 65 67 75 78 74 75 76 76 77 80 85 89 90 89 92 95 94 92 91
23 23 24 25 26 26 26 26 27 28 29 30 31 31 31 31 31 33 34 35 36 35 36 36 37 38 38 38 39 39 40 41 41 42 42 42 43 43 43 43 43 43 43 42 42 42 42 44 45 45 45 45 48 49 49 51 53 56 56 56 57 57 57 58 57 57 57 58 57 57 56 59 60 62 65 67 64 65 68 71 74 75 75 77 76 77 78 81 88 89 89 91 95 94 94 92
23 24 23 24 24 25 26 26 27 27 28 29 30 30 30 30 31 32 34 35 35 34 35 36 37 37 37 38 38 39 39 40 40 41 41 42 42 42 42 42 42 42 42 42 42 42 43 42 44 45 44 46 46 47 48 50 52 55 56 56 57 57 58 58 57 57 57 60 58 58 58 60 62 63 64 64 64 64 66 68 71 73 75 77 76 78 78 80 83 86 90 88 93 95 94 91
23 23 23 23 24 25 26 26 27 27 28 29 29 29 29 30 31 32 33 33 33 34 34 35 36 37 36 37 37 38 38 39 39 40 40 41 41 41 41 41 41 41 41 41 41 42 42 41 42 44 43 45 48 47 48 49 51 53 55 56 57 58 58 59 58 57 58 60 59 60 60 62 64 64 65 64 65 67 67 69 70 74 76 78 78 80 80 84 86 87 93 88 92 95 93 90
23 23 23 23 24 25 25 25 27 27 28 28 28 28 29 30 31 33 33 32 32 33 34 35 36 36 35 36 36 37 38 38 39 39 39 40 40 41 41 40 40 40 40 40 41 41 41 40 40 41 45 44 46 47 47 49 51 53 55 56 58 59 59 60 58 57 59 60 61 63 64 64 66 70 68 66 65 66 68 71 73 75 76 77 79 79 81 85 87 90 91 88 90 93 92 90
23 23 23 23 24 25 25 25 26 27 26 27 27 28 29 30 31 32 31 31 31 32 33 35 36 35 35 35 35 36 37 37 38 38 39 39 39 40 40 39 39 39 39 39 40 40 40 39 40 40 42 42 45 44 45 48 50 53 55 56 58 59 60 60 59 58 59 59 60 63 66 69 70 71 71 68 66 66 69 72 72 71 75 75 79 81 82 86 89 90 90 87 83 84 91 87
22 23 23 23 24 24 24 24 26 25 26 27 28 28 29 31 32 31 31 31 31 32 32 34 34 34 34 34 35 35 36 36 37 37 38 38 39 39 39 39 39 38 38 38 38 39 39 38 38 39 39 41 43 43 44 46 49 52 53 56 58 60 61 61 60 59 60 60 60 63 69 70 72 70 70 69 68 68 68 69 69 72 72 73 77 79 82 84 87 85 91 91 84 87 88 89
22 22 22 22 23 23 23 24 24 25 25 27 28 28 30 31 31 30 30 31 31 32 32 33 32 32 33 33 34 34 35 36 36 37 37 37 38 38 38 38 37 37 37 37 38 38 39 37 37 38 38 39 42 42 43 45 47 50 52 55 57 59 61 61 60 60 60 60 60 62 66 67 70 70 70 69 71 70 69 73 71 74 75 75 76 76 78 82 85 87 82 83 86 89 90 93
22 21 21 21 22 22 23 23 24 24 25 26 26 28 29 29 29 29 29 29 31 31 31 32 31 32 32 33 33 34 34 35 35 36 36 36 37 37 37 37 36 36 36 37 37 37 36 36 35 36 36 37 40 41 42 44 46 49 51 55 57 59 60 61 61 61 61 60 61 63 65 66 67 69 69 72 73 71 71 74 72 75 78 78 79 78 76 78 80 81 80 84 85 88 92 95
22 22 21 21 21 22 22 23 24 24 25 25 25 27 28 28 28 29 29 28 29 30 30 30 30 31 31 32 32 33 34 34 35 35 36 36 36 36 36 36 35 35 36 36 37 37 35 35 34 34 34 35 37 39 41 43 46 49 51 53 55 57 59 61 61 63 63 62 62 63 66 67 66 67 68 72 75 74 72 76 74 75 78 80 81 79 78 77 78 78 79 83 86 90 94 97
21 21 22 22 22 22 22 23 24 24 25 25 25 26 27 27 27 28 28 28 28 29 29 29 30 30 31 31 32 32 33 34 34 34 35 35 35 36 35 35 35 35 36 36 37 35 35 34 34 33 33 34 36 39 41 43 45 48 50 52 55 57 59 60 62 63 63 64 63 64 65 67 67 68 71 74 78 78 78 78 77 77 79 81 82 82 78 76 75 76 78 82 86 90 95 99
20 20 21 22 22 22 23 23 23 24 24 24 25 25 26 26 27 27 28 27 28 28 28 29 29 29 30 31 31 32 32 33 34 34 34 35 35 35 35 35 35 35 36 36 35 35 34 34 33 33 33 34 36 38 40 44 46 47 50 52 55 57 59 60 62 63 64 65 65 66 68 68 68 68 72 77 81 84 82 81 79 79 81 83 85 84 81 78 72 74 78 81 86 90 95 100
19 19 20 21 22 23 23 23 23 23 23 24 24 24 25 26 26 26 27 27 27 28 28 28 29 29 29 30 31 31 32 33 33 34 34 34 34 35 35 35 35 35 35 36 35 34 34 34 33 33 34 35 36 38 40 43 45 47 49 51 53 55 58 60 62 63 64 66 67 68 69 70 70 71 74 78 83 87 84 83 82 80 82 84 85 84 80 76 73 73 77 80 84 90 95 100
19 19 20 20 22 23 23 22 22 22 22 23 24 24 24 25 25 26 26 27 27 27 27 27 28 28 29 29 30 31 31 32 32 33 33 33 34 34 35 35 35 35 35 35 34 34 34 34 34 34 34 35 37 38 40 43 45 47 48 51 53 55 57 60 62 63 64 66 69 70 70 72 73 74 75 79 84 86 85 84 83 81 81 83 83 81 79 76 73 73 75 78 83 89 95 104
19 19 19 20 21 23 22 21 22 22 22 23 24 24 24 25 25 26 26 26 26 26 27 27 28 28 28 29 30 30 31 31 32 32 33 33 33 34 34 34 34 35 35 34 34 34 34 34 34 34 35 36 37 39 41 43 45 47 48 50 52 54 56 59 61 61 63 65 68 72 72 73 75 76 77 82 83 85 85 84 83 81 81 81 81 79 78 77 73 70 75 80 87 97 103 111
19 19 19 20 21 22 21 21 21 22 22 23 24 24 24 25 25 26 26 26 27 26 27 27 28 28 28 29 29 30 30 31 31 31 32 32 32 33 33 34 34 34 34 34 34 34 34 34 34 35 36 37 38 40 42 44 45 47 49 50 53 55 57 59 60 61 64 65 68 74 74 73 75 75 79 82 84 84 83 83 82 81 81 81 80 78 77 75 71 69 74 76 82 95 103 111
19 19 20 21 21 21 21 21 21 22 22 23 23 24 24 25 25 25 25 26 26 26 27 27 27 28 28 29 29 30 30 30 31 31 31 31 32 32 32 33 33 33 33 33 34 34 34 34 35 35 36 38 39 40 42 44 46 48 49 51 53 55 57 57 58 61 65 65 67 74 76 74 74 78 82 81 83 83 83 83 81 80 79 80 78 78 76 73 71 70 73 72 78 90 98 102
20 20 20 20 20 20 20 21 21 22 23 23 23 24 24 24 25 25 25 25 26 26 27 27 27 28 28 29 29 30 30 30 30 31 31 31 31 31 32 32 33 33 33 33 33 33 33 34 34 35 36 38 39 41 43 45 47 49 50 52 53 54 55 56 57 61 62 65 67 70 75 76 79 81 83 84 83 84 83 82 81 80 78 78 77 77 75 73 70 69 69 69 75 84 95 99
21 20 20 20 20 20 20 21 21 22 23 23 23 24 24 24 24 25 24 25 25 26 27 27 28 28 28 29 29 29 30 30 30 30 30 30 30 31 31 32 32 32 32 32 32 32 32 33 34 35 36 38 40 41 44 46 48 50 52 53 54 56 56 58 57 59 62 66 69 72 75 79 80 83 84 85 85 85 84 82 80 79 78 78 77 77 75 73 71 69 68 67 76 83 97 103
22 21 20 19 20 20 20 21 21 22 23 23 24 24 24 24 24 24 24 25 25 26 27 28 28 28 28 29 29 29 29 30 30 30 30 30 30 30 31 31 31 32 32 32 32 32 32 33 34 35 37 38 40 42 44 47 49 51 53 54 57 57 59 62 63 62 65 67 74 74 77 80 78 83 86 87 87 85 86 82 80 78 78 79 78 77 76 74 73 71 70 74 77 86 101 107
23 22 20 20 20 20 21 21 22 22 23 24 25 25 24 24 25 24 24 25 25 25 27 28 28 28 29 29 29 29 29 30 30 30 30 30 30 30 31 31 31 31 31 31 32 32 32 33 34 35 37 39 41 43 45 48 51 53 55 56 58 61 61 64 66 66 68 71 75 78 79 79 82 84 85 88 89 86 86 84 82 80 79 80 79 81 78 76 75 75 77 81 89 92 105 110
24 24 22 21 20 20 21 22 22 22 22 23 24 25 25 24 25 24 24 25 25 25 26 28 29 29 29 29 29 29 30 30 30 30 30 30 30 30 30 31 31 31 31 31 32 32 33 34 35 36 38 40 42 44 47 50 52 55 57 59 60 64 64 67 71 70 73 74 77 82 85 85 83 88 87 88 90 88 89 86 84 83 82 83 81 83 82 79 79 79 83 87 100 103 110 113
25 25 23 23 21 21 21 22 23 22 22 23 24 24 25 25 25 24 24 24 25 25 26 27 29 29 29 29 29 30 30 30 30 30 30 30 30 30 31 30 31 31 31 31 32 32 33 34 36 38 39 41 44 46 48 52 55 57 59 61 63 66 67 70 74 74 79 78 82 85 87 88 86 88 91 91 93 91 90 89 85 85 84 84 85 86 83 83 83 84 94 100 105 107 113 116
25 24 23 23 22 22 21 23 23 22 23 23 23 24 25 25 24 25 24 24 25 25 26 27 29 29 29 29 30 30 30 31 31 31 31 31 31 31 31 31 31 31 31 31 32 33 34 36 37 39 41 44 45 48 50 53 56 59 61 63 65 68 70 72 75 77 82 82 86 87 89 91 90 89 90 92 93 92 93 91 86 86 89 87 87 88 86 86 91 90 101 106 109 113 116 119
26 24 24 23 22 22 22 23 23 23 23 24 24 24 25 25 24 25 25 25 25 26 26 27 29 29 29 30 30 31 31 31 31 31 31 31 31 31 32 31 31 31 31 32 32 34 35 37 39 41 43 45 47 51 53 55 58 61 63 65 68 71 74 76 79 81 84 85 88 89 90 91 92 89 90 93 92 94 95 93 90 87 88 91 91 93 89 90 98 101 103 110 114 117 119 122
27 26 25 24 23 22 22 23 23 23 24 25 24 24 25 25 25 25 25 25 25 26 26 27 28 29 29 30 31 31 32 32 32 32 32 32 32 32 32 32 31 31 31 32 33 35 37 39 42 43 45 47 49 52 55 58 61 63 66 69 72 74 77 80 82 84 86 87 90 91 91 91 91 91 94 96 95 94 92 92 91 88 90 93 93 93 92 95 96 103 109 115 118 120 122 124
29 27 26 25 24 23 23 24 23 24 25 25 25 25 25 25 25 25 25 25 26 26 27 28 28 29 31 31 32 32 32 33 33 33 33 33 33 33 33 32 32 32 32 32 33 35 38 41 44 46 47 49 52 55 57 60 63 67 69 71 73 76 79 81 85 86 88 89 89 90 88 88 90 94 96 97 94 92 91 91 94 90 91 92 95 97 96 97 98 104 113 119 121 123 125 127
29 29 27 26 25 24 24 24 24 25 26 26 26 25 25 26 26 26 26 26 26 27 28 28 29 30 31 32 32 33 34 34 36 35 34 34 34 34 34 33 33 32 32 33 33 36 40 43 46 48 50 53 55 58 60 62 65 69 71 73 76 78 81 84 85 88 89 90 90 89 87 91 95 98 99 98 94 94 94 92 93 84 88 94 96 98 96 99 102 108 116 121 123 126 127 129
31 31 30 27 26 25 25 24 24 25 27 27 27 27 26 27 27 27 28 28 28 29 29 30 30 31 32 33 33 34 35 36 38 36 36 36 36 36 35 34 34 34 33 34 35 38 43 47 50 52 55 57 59 62 64 66 70 71 73 75 77 80 82 85 86 87 90 90 90 89 86 89 97 100 103 98 96 96 96 95 92 80 85 95 97 97 98 102 105 111 116 122 124 127 129 130
34 32 31 30 27 26 26 25 25 25 27 28 28 28 28 28 28 29 29 29 30 31 31 32 31 34 34 34 35 36 36 37 39 38 38 39 38 38 37 36 36 35 35 36 39 45 49 52 54 56 59 62 64 66 69 70 71 72 73 76 79 80 84 86 87 88 91 91 91 90 88 88 96 100 106 99 96 97 96 95 82 77 81 90 99 99 100 102 105 110 115 122 125 128 129 130
36 34 33 33 31 28 26 26 27 26 28 29 30 30 29 29 30 30 31 31 33 34 34 34 35 38 38 37 37 37 38 39 40 40 41 41 40 40 39 38 38 37 37 38 44 53 56 58 59 61 63 66 68 70 72 73 72 71 74 75 79 80 84 85 88 88 89 91 92 92 91 93 95 105 101 99 96 97 96 88 81 78 80 90 103 103 103 102 104 109 114 118 123 127 128 130
39 38 36 35 34 32 29 29 30 29 30 31 32 32 31 31 32 33 33 34 35 37 37 39 41 40 40 41 39 39 40 41 42 43 44 44 43 43 41 41 40 40 40 40 41 57 60 61 63 64 66 69 71 74 75 75 75 72 74 75 79 80 84 85 87 88 91 92 92 94 95 95 104 103 100 99 98 97 86 82 83 85 84 102 104 102 101 101 103 106 111 115 120 124 126 128
44 42 40 39 37 35 33 33 33 32 32 34 34 35 34 34 35 36 36 37 38 40 41 41 42 42 45 46 43 42 42 44 45 47 48 47 46 46 44 44 44 44 45 46 50 58 62 65 66 67 69 71 73 76 76 76 76 78 76 76 78 80 82 84 89 89 89 91 93 95 95 97 100 103 102 100 97 89 84 82 83 88 95 104 104 103 106 102 101 103 107 112 117 121 124 126
48 47 45 43 41 39 38 36 35 35 36 36 37 38 38 38 38 39 40 41 43 44 46 45 44 44 48 46 46 45 45 47 51 53 52 50 49 49 47 47 48 49 50 52 57 62 66 68 69 70 71 73 74 76 78 77 77 76 76 77 79 79 85 86 85 87 88 91 92 96 97 98 98 100 100 100 100 92 86 83 86 86 100 105 106 100 97 97 94 100 103 109 114 118 121 124
52 50 48 46 44 43 42 40 39 38 39 39 40 41 42 42 42 42 43 45 49 47 50 48 46 47 51 49 49 47 49 51 57 58 56 54 52 53 52 53 53 52 55 58 62 67 69 67 68 70 72 73 74 76 78 77 78 81 78 78 78 80 86 91 87 88 87 89 94 95 98 98 101 100 103 103 97 97 92 88 87 89 101 104 107 105 100 95 96 97 102 107 112 116 119 122
55 53 51 50 48 47 45 44 43 43 43 43 44 45 46 46 46 46 48 50 51 51 56 51 49 48 51 50 51 52 54 59 64 63 60 58 56 56 54 54 55 56 59 63 66 68 69 67 68 70 72 74 76 77 79 80 80 80 80 81 81 92 92 98 87 90 86 88 91 96 98 103 99 100 103 100 101 91 89 87 87 87 99 104 106 110 108 109 101 99 103 106 110 114 118 121
58 56 55 54 52 50 49 47 46 47 47 48 48 50 57 50 51 51 52 52 53 57 59 55 49 50 51 52 54 55 61 66 69 72 67 63 61 58 58 59 59 60 63 66 67 68 69 69 69 71 74 76 78 80 81 82 83 82 85 82 87 98 95 93 83 84 84 87 92 95 100 101 101 101 102 102 103 104 94 95 87 87 100 108 112 106 105 111 102 105 104 106 109 113 116 120
59 59 58 57 55 54 53 50 49 51 53 53 53 57 63 60 54 56 56 59 57 58 61 66 51 50 52 55 56 58 63 66 69 75 74 72 71 73 66 63 62 63 66 69 69 69 69 69 70 72 75 78 80 82 86 88 87 87 88 88 93 95 93 92 85 86 83 87 88 96 101 99 100 100 100 101 103 104 105 105 93 98 109 115 120 110 104 107 106 105 104 106 108 112 116 119
62 62 62 60 58 56 55 52 53 55 60 57 57 60 65 60 59 61 61 63 60 59 60 62 53 53 56 59 59 61 65 66 73 80 86 84 85 79 70 66 66 72 68 69 70 70 69 69 71 73 76 80 82 85 89 93 96 90 88 91 91 94 90 88 94 86 83 83 89 98 99 97 100 98 102 103 104 103 107 108 109 113 115 118 120 122 114 113 106 105 103 104 107 112 116 119
