tests/output/Data/bom_data/etaaoct.txt
ncols         417
nrows         337
xllcorner     112.15
yllcorner     -43.8
cellsize      0.1
NODATA_value  -9999
[rows 59 to 117 of 337, columns 288 to 383 of 417]
79 78 76 75 76 75 74 73 72 71 71 70 69 69 68 68 67 67 67 66 66 66 66 66 67 67 68 68 69 69 71 72 72 74 75 78 79 81 81 90 93 84 84 89 92 85 87 89 91 93 95 97 98 100 102 104 105 107 108 110 111 112 113 114 116 117 117 118 119 120 121 122 123 123 124 125 125 126 127 127 128 128 129 129 130 131 131 132 132 133 133 134 134 135 135 135
78 77 75 74 75 74 73 72 71 70 69 69 68 68 67 67 66 66 65 65 65 65 65 65 65 66 66 67 67 67 69 70 72 74 76 81 79 83 82 90 96 87 85 83 85 84 86 88 90 92 94 96 98 100 102 104 105 107 108 110 111 112 113 114 116 117 117 118 119 120 121 122 122 123 124 125 125 126 126 127 128 128 129 129 130 130 131 131 132 132 133 133 134 134 135 135
77 75 74 75 73 73 72 71 70 69 68 68 67 66 66 65 65 65 64 64 64 64 64 64 64 64 65 65 65 65 66 69 70 71 74 76 75 79 85 87 85 88 96 84 83 83 85 87 89 91 93 95 98 100 102 104 105 107 108 110 111 112 113 114 115 116 117 118 119 120 121 122 122 123 124 124 125 126 126 127 127 128 129 129 130 130 131 131 132 132 133 133 134 134 135 135
75 74 73 73 72 71 70 70 69 68 67 66 66 65 65 64 64 64 63 63 63 63 62 62 62 63 63 63 63 64 65 66 67 68 69 71 72 74 77 80 79 89 97 86 79 81 84 85 87 90 92 95 97 99 102 103 105 107 108 110 111 112 113 114 115 116 117 118 119 120 121 122 122 123 124 124 125 126 126 127 127 128 128 129 129 130 130 131 131 132 132 133 133 134 134 135
74 73 72 72 71 70 69 68 68 67 66 65 65 64 64 63 63 62 62 62 62 61 61 61 61 61 61 62 62 63 64 65 66 66 67 68 70 71 73 74 77 79 89 89 83 79 81 83 85 88 91 94 97 99 101 103 105 107 108 110 111 112 113 114 115 116 117 118 119 120 121 121 122 123 124 124 125 125 126 127 127 128 128 129 129 130 130 131 131 132 132 133 133 134 134 134
73 72 72 71 70 69 68 67 66 66 65 64 64 63 62 62 61 61 61 60 60 60 60 60 60 60 61 61 61 61 62 63 64 65 66 65 66 69 71 75 78 84 82 85 90 85 78 80 83 86 90 93 96 99 101 103 105 107 108 110 111 112 113 114 115 116 117 118 119 120 121 121 122 123 123 124 125 125 126 126 127 127 128 129 129 130 130 130 131 131 132 132 133 133 134 134
72 71 71 70 69 68 67 66 65 64 64 63 62 62 61 61 60 60 60 59 59 59 59 59 59 59 59 60 60 60 61 62 63 65 66 64 64 64 65 71 76 82 78 81 88 90 87 77 80 84 89 93 96 99 101 103 105 107 108 110 111 112 113 114 115 116 117 118 119 120 120 121 122 123 123 124 124 125 126 126 127 127 128 128 129 129 130 130 131 131 132 132 133 133 133 134
70 70 69 68 67 67 66 65 64 63 62 62 61 61 60 60 59 59 58 58 58 58 58 58 58 58 58 58 58 58 60 60 61 64 65 64 63 65 62 61 73 80 83 80 84 88 88 75 77 83 88 93 96 99 101 103 105 107 108 110 111 112 113 114 115 116 117 118 119 120 120 121 122 122 123 124 124 125 125 126 126 127 128 128 129 129 129 130 130 131 131 132 132 133 133 134
70 69 68 67 66 65 64 63 63 62 61 60 60 59 59 58 58 58 57 57 57 56 56 56 56 56 57 57 57 57 58 59 60 61 64 64 69 72 67 62 69 79 81 80 83 89 97 74 90 89 88 93 96 99 101 103 105 107 108 110 111 112 113 114 115 116 117 118 119 119 120 121 122 122 123 123 124 125 125 126 126 127 127 128 128 129 129 130 130 131 131 131 132 132 133 133
69 68 67 66 65 64 63 62 61 61 60 59 59 58 58 57 57 56 56 56 55 55 55 55 55 55 56 56 56 57 57 58 58 60 62 62 65 69 71 64 66 73 78 81 84 93 101 85 87 82 88 93 96 99 101 103 105 107 108 109 111 112 113 114 115 116 117 118 119 119 120 121 121 122 123 123 124 124 125 125 126 126 127 127 128 128 129 129 130 130 131 131 132 132 132 133
67 66 65 64 63 62 62 61 60 59 59 58 57 57 56 56 55 55 55 54 54 54 54 54 54 54 54 55 55 55 56 57 57 58 60 62 64 66 68 69 69 71 75 82 90 97 94 89 93 98 88 92 96 99 101 103 105 106 108 109 111 112 113 114 115 116 117 118 118 119 120 121 121 122 122 123 124 124 125 125 126 126 127 127 128 128 129 129 129 130 130 131 131 132 132 133
65 64 64 63 62 61 60 59 59 58 57 57 56 55 55 54 54 54 53 53 53 53 53 53 53 53 53 53 54 54 55 56 57 58 59 62 63 69 71 68 71 74 81 87 95 96 101 92 105 89 88 92 95 98 101 103 104 106 108 109 110 112 113 114 115 116 117 117 118 119 120 120 121 122 122 123 123 124 124 125 125 126 126 127 127 128 128 129 129 130 130 130 131 131 132 132
64 63 62 61 60 59 59 58 57 57 56 55 55 54 54 53 53 52 52 52 52 51 51 51 51 52 52 52 52 53 54 54 55 58 59 61 63 65 69 68 72 77 84 89 95 97 102 100 104 89 92 92 95 98 100 102 104 106 107 109 110 111 113 114 115 115 116 117 118 119 119 120 121 121 122 122 123 124 124 125 125 126 126 126 127 127 128 128 129 129 130 130 130 131 131 132
62 61 60 60 59 58 57 57 56 55 55 54 53 53 52 52 52 51 51 51 50 50 50 50 50 50 51 51 51 51 52 53 54 55 57 59 61 63 66 71 70 74 86 88 96 99 98 97 94 90 94 92 95 97 100 102 104 106 107 109 110 111 112 113 114 115 116 117 118 118 119 120 120 121 122 122 123 123 124 124 125 125 126 126 127 127 127 128 128 129 129 130 130 130 131 131
60 60 59 58 57 56 56 55 54 54 53 53 52 52 51 51 50 50 50 49 49 49 49 49 49 49 49 50 50 51 51 52 54 55 56 58 61 63 65 68 70 74 86 88 96 101 101 93 89 91 92 98 95 97 99 102 103 105 107 108 110 111 112 113 114 115 116 117 117 118 119 119 120 121 121 122 122 123 123 124 124 125 125 126 126 127 127 127 128 128 129 129 130 130 130 131
59 58 57 56 56 55 54 54 53 52 52 51 51 50 50 49 49 49 48 48 48 48 48 47 47 48 48 49 50 51 51 52 52 54 56 58 61 63 66 68 68 70 75 88 95 102 99 96 96 93 93 92 94 97 99 101 103 105 106 108 109 110 112 113 114 115 116 116 117 118 118 119 120 120 121 121 122 122 123 123 124 124 125 125 126 126 127 127 127 128 128 129 129 130 130 130
57 56 55 55 54 53 53 52 51 51 50 50 49 49 48 48 48 47 47 47 47 47 47 46 46 46 46 47 48 50 50 52 51 53 55 58 61 63 67 67 68 71 76 88 94 98 88 101 103 96 93 91 94 96 99 101 103 104 106 107 109 110 111 112 113 114 115 116 117 117 118 119 119 120 120 121 122 122 123 123 123 124 124 125 125 126 126 127 127 127 128 128 129 129 130 130
55 54 54 53 52 52 51 51 50 49 49 48 48 48 47 47 46 46 46 45 45 45 45 45 46 46 46 46 46 48 49 51 51 53 54 57 61 65 65 66 68 73 78 88 95 101 106 87 96 97 95 91 94 96 98 100 102 104 106 107 108 110 111 112 113 114 115 116 116 117 118 118 119 119 120 121 121 122 122 123 123 123 124 124 125 125 126 126 127 127 127 128 128 129 129 129
53 53 52 51 51 50 50 49 48 48 47 47 47 46 46 46 45 45 44 44 44 44 44 44 45 45 45 45 46 46 48 50 51 53 53 56 59 63 64 65 69 73 79 87 94 101 104 85 86 92 92 91 93 95 98 100 102 103 105 107 108 109 111 112 113 114 114 115 116 117 117 118 118 119 120 120 121 121 122 122 122 123 123 124 124 125 125 126 126 126 127 127 128 128 129 129
52 51 50 49 49 49 48 47 47 46 46 46 46 45 46 45 44 44 43 43 43 43 43 43 43 44 44 45 46 46 46 47 48 50 53 57 61 63 63 65 68 72 76 84 91 98 101 89 86 88 87 90 92 95 97 99 101 103 105 106 108 109 110 111 112 113 114 115 115 116 117 117 118 118 119 120 120 121 121 121 122 122 123 123 124 124 125 125 125 126 126 127 127 128 128 128
49 48 48 47 47 46 46 46 45 45 44 44 44 44 44 44 43 42 42 42 42 42 42 42 42 43 44 46 45 44 44 45 47 48 52 57 62 62 63 64 66 69 71 74 90 94 97 103 98 89 87 89 94 94 96 98 100 102 104 106 107 108 110 111 112 113 113 114 115 116 116 117 117 118 118 119 119 120 120 121 121 122 122 123 123 124 124 124 125 125 126 126 127 127 127 128
47 46 46 45 45 45 44 44 44 43 43 43 42 42 42 42 42 42 41 41 41 41 41 41 42 42 42 45 44 45 44 45 46 47 51 57 63 65 65 65 66 67 70 73 86 85 87 96 96 96 90 94 95 93 95 98 100 102 103 105 106 108 109 110 111 112 113 114 114 115 116 116 117 117 118 118 119 119 120 120 121 121 122 122 123 123 123 124 124 125 125 126 126 126 127 127
45 44 43 43 43 43 43 43 42 42 42 41 41 41 41 41 41 40 41 40 40 40 40 40 41 42 42 44 45 47 45 44 46 48 51 56 63 67 68 66 65 66 69 72 83 90 92 86 93 97 95 91 100 101 95 97 99 101 103 104 106 107 108 110 111 112 112 113 114 114 115 116 116 117 117 118 118 119 119 120 120 121 121 121 122 122 123 123 124 124 125 125 125 126 126 127
42 41 41 41 41 41 41 41 41 41 40 40 40 39 40 40 40 40 40 39 39 39 39 39 40 41 42 44 47 47 45 45 48 49 51 56 61 63 65 64 63 64 67 70 78 85 91 88 83 85 90 103 89 96 93 96 98 100 102 104 105 107 108 109 110 111 112 112 113 114 114 115 115 116 116 117 117 118 118 119 119 120 120 121 121 122 122 123 123 123 124 124 125 125 126 126
39 39 39 39 39 39 40 40 40 39 39 39 38 38 38 38 39 40 39 38 38 38 38 38 39 40 41 43 46 45 43 44 46 49 50 53 56 59 61 62 62 63 64 67 73 84 87 89 87 86 87 93 90 90 92 95 97 99 101 103 105 106 107 108 109 110 111 112 112 113 113 114 115 115 116 116 117 117 118 118 119 119 120 120 121 121 121 122 122 123 123 124 124 125 125 125
37 37 37 37 38 38 38 39 38 38 38 37 37 37 37 37 37 38 38 38 37 37 38 37 38 39 41 43 44 46 44 44 45 47 49 51 54 56 58 59 60 61 62 64 71 81 85 88 90 83 84 86 89 89 91 97 99 98 100 102 104 105 107 108 109 109 110 111 111 112 113 113 114 114 115 115 116 116 117 117 118 118 119 119 120 120 121 121 122 122 123 123 123 124 124 125
36 36 36 36 36 36 37 37 37 37 36 36 36 36 35 35 36 36 37 36 36 37 37 36 37 38 39 41 44 44 43 43 46 46 48 51 53 54 55 57 58 60 60 62 66 74 80 86 88 83 86 86 87 87 90 92 95 97 99 101 103 105 106 107 108 109 109 110 111 111 112 112 113 113 114 114 115 115 116 117 117 118 118 119 119 120 120 120 121 121 122 122 123 123 124 124
35 35 35 35 35 35 36 36 35 35 35 35 35 34 34 34 34 34 35 36 36 36 36 36 36 37 38 40 44 43 43 43 45 47 48 50 51 52 53 54 56 57 57 58 60 65 73 81 87 88 88 86 85 86 88 91 94 96 98 101 102 104 105 106 107 108 108 109 109 110 111 111 112 112 113 113 114 115 115 116 116 117 117 118 118 119 119 120 120 121 121 122 122 122 123 123
34 34 34 34 34 34 34 34 34 34 34 33 33 33 33 33 33 33 34 35 35 35 36 35 36 37 38 41 42 43 44 44 45 48 47 49 50 51 51 52 54 55 55 55 56 59 64 76 82 87 90 93 89 88 87 89 92 95 97 100 102 103 104 105 106 107 107 108 108 109 109 110 111 111 112 112 113 114 114 115 115 116 116 117 117 118 118 119 119 120 120 121 121 122 122 123
33 33 33 33 33 33 33 33 33 33 32 32 32 32 32 32 32 32 32 33 33 34 35 35 35 37 37 39 42 43 44 44 46 46 46 47 48 50 50 50 51 52 53 53 54 56 58 67 79 81 88 90 90 90 90 89 91 93 99 99 101 102 103 104 105 105 106 106 107 108 108 109 109 110 111 111 112 113 113 114 114 115 115 116 117 117 118 118 119 119 120 120 120 121 121 122
32 32 32 32 32 32 32 32 31 31 31 31 31 31 31 31 31 31 31 31 32 33 34 35 34 35 37 38 40 41 45 44 45 45 45 45 47 49 49 49 50 52 52 53 54 56 55 63 74 79 84 84 87 92 90 87 91 94 95 97 103 101 102 103 103 104 104 105 106 106 107 107 108 109 109 110 111 111 112 113 113 114 115 115 116 116 117 117 118 118 119 119 120 120 121 121
31 31 31 31 31 31 31 30 30 30 30 30 30 30 30 30 30 30 30 30 31 31 32 34 35 34 35 36 38 40 43 43 45 45 44 45 46 48 47 49 50 51 52 53 53 53 53 54 60 75 78 79 82 87 90 89 89 92 95 95 102 99 100 101 103 102 103 103 104 105 105 106 107 107 108 109 110 110 111 112 112 113 114 114 115 115 116 116 117 117 118 118 119 119 120 120
30 29 29 29 30 29 29 29 29 29 29 29 29 28 28 29 29 29 29 29 30 30 31 34 35 35 35 36 37 39 43 44 45 45 45 46 48 47 47 48 50 51 50 52 53 53 53 51 55 64 73 76 80 83 86 86 88 91 94 96 98 99 98 98 99 100 101 101 102 103 104 104 105 106 107 108 108 109 110 111 111 112 113 113 114 114 115 115 116 116 117 117 118 118 119 119
28 28 28 28 28 28 28 28 28 28 27 27 27 27 27 27 28 28 28 28 29 30 31 33 34 35 36 37 40 42 43 44 44 46 46 46 46 46 47 48 50 50 49 50 54 58 53 51 51 52 57 69 77 79 83 86 85 87 90 97 96 95 97 98 98 99 98 99 100 101 102 103 104 105 105 106 107 108 109 109 110 111 112 112 113 113 114 115 115 116 116 117 117 117 118 118
27 27 27 27 27 27 27 27 26 26 26 26 26 26 26 26 27 27 27 27 28 29 29 31 32 35 37 37 39 42 44 44 44 46 46 45 45 44 46 46 47 48 48 50 52 53 51 50 50 50 53 64 73 75 79 84 84 79 86 92 92 92 93 95 96 97 96 97 98 99 100 101 102 103 104 105 106 107 107 108 109 110 111 111 112 113 113 114 114 115 115 116 116 117 117 117
25 25 25 25 26 26 26 26 25 25 25 25 25 25 25 25 26 26 26 26 27 27 28 29 31 33 36 37 39 40 41 41 43 43 42 43 43 45 45 46 48 48 48 50 51 50 50 49 49 50 53 60 61 67 75 79 81 82 83 85 87 89 90 92 93 94 92 94 96 97 98 99 100 102 103 103 104 105 106 107 108 109 110 110 111 112 112 113 113 114 114 115 115 116 116 117
24 24 24 24 24 25 24 24 24 24 24 24 24 24 24 24 24 25 25 25 26 26 27 27 31 32 34 35 37 37 38 40 42 41 42 42 43 45 46 47 49 49 49 50 50 49 49 49 49 49 51 52 53 59 63 74 75 79 81 82 84 86 87 89 86 86 84 88 93 92 96 98 99 100 101 102 103 104 105 106 107 108 109 109 110 111 111 112 112 113 113 114 114 115 115 116
23 23 23 23 23 23 23 23 23 23 23 23 23 23 23 23 23 23 24 24 24 25 25 26 28 30 32 33 34 34 36 38 40 41 42 43 44 45 46 47 47 48 49 49 49 49 49 49 49 50 51 52 53 53 54 61 65 75 77 80 81 83 85 85 80 79 78 87 93 85 88 92 97 98 99 101 102 103 104 105 106 107 108 108 109 110 110 111 111 112 112 113 113 113 114 114
22 22 22 22 22 22 22 22 22 22 22 22 22 22 22 22 22 22 22 23 23 23 24 25 26 27 28 29 32 32 34 37 38 41 42 43 44 43 44 45 46 48 47 48 48 49 49 49 50 51 52 54 54 53 54 58 63 70 73 79 78 80 82 84 80 78 76 78 83 80 84 86 90 97 98 99 100 101 103 104 105 106 107 108 108 109 109 110 110 111 111 111 112 112 113 113
21 21 21 21 21 21 21 21 21 21 21 21 21 21 21 21 21 21 21 22 22 22 23 23 24 25 26 27 29 30 33 34 36 38 40 40 41 41 43 44 45 45 45 46 46 47 48 50 50 52 53 54 55 55 54 57 61 66 71 74 77 78 79 81 79 82 76 76 79 81 86 85 87 93 96 99 99 100 101 109 104 105 106 107 107 108 108 109 109 109 110 110 111 111 112 112
21 20 20 20 20 20 20 20 20 20 20 20 20 20 20 20 20 20 20 20 20 21 22 22 23 23 24 25 26 28 30 32 34 36 38 38 41 39 41 41 42 43 44 46 47 47 47 48 49 49 51 52 53 54 54 57 57 62 67 71 76 77 76 76 81 83 83 87 84 90 91 86 89 92 97 99 101 99 101 102 103 105 105 106 106 107 107 107 108 108 109 109 110 110 111 111
20 19 19 19 19 19 19 19 19 19 19 19 19 19 19 19 19 19 19 19 19 20 20 21 21 22 23 23 24 25 27 29 32 35 35 36 38 37 39 41 41 43 45 46 47 46 46 46 47 47 49 51 53 53 53 53 54 58 61 71 73 76 74 74 76 71 75 85 87 88 89 91 96 95 95 98 101 101 100 105 106 104 105 105 105 106 106 106 107 107 107 108 108 109 109 110
19 19 18 18 18 18 18 18 18 18 18 18 18 18 18 18 18 18 18 17 18 19 19 19 20 20 21 22 23 24 26 27 30 31 32 33 35 34 37 39 40 40 43 43 41 43 43 44 44 46 48 49 51 52 52 52 52 54 58 66 69 73 75 71 72 74 79 79 85 87 88 90 94 94 94 95 98 102 103 102 103 103 104 104 104 104 105 105 105 106 106 106 107 107 108 109
18 18 18 18 18 17 17 17 17 17 17 17 17 17 17 17 17 17 16 16 16 17 17 18 18 19 19 20 21 22 23 25 26 27 29 31 31 33 37 37 37 39 38 39 39 40 41 42 43 44 45 47 48 51 51 51 54 57 57 62 66 69 74 68 70 71 77 79 82 87 87 89 90 92 94 93 95 96 101 103 105 102 102 102 103 103 103 103 104 104 105 105 106 106 107 107
17 17 17 17 17 17 17 17 17 17 16 16 16 16 16 16 16 15 15 15 15 15 15 16 17 17 18 18 19 19 20 23 24 24 26 29 29 31 33 34 35 37 37 38 38 39 40 40 41 43 44 45 47 49 51 50 53 55 58 59 62 65 68 66 65 61 61 66 79 84 86 89 91 91 91 92 93 94 96 98 99 100 100 101 101 101 101 102 102 103 103 104 104 105 105 106
16 16 16 16 16 16 16 16 16 16 16 15 15 15 15 14 14 14 14 14 14 14 14 15 15 16 17 17 16 16 17 20 21 22 24 26 27 29 31 32 33 35 35 36 37 38 38 39 40 41 43 44 46 47 49 49 50 53 58 58 58 61 65 67 64 58 57 59 68 80 82 84 88 89 91 89 91 93 94 95 97 100 98 99 99 99 100 100 100 101 101 102 103 103 104 105
16 16 16 15 15 15 15 15 15 15 15 15 15 14 14 14 13 13 13 13 13 13 13 13 14 15 15 15 14 14 15 17 19 21 23 25 26 27 29 30 32 33 34 35 36 36 37 38 39 40 41 43 44 46 48 49 50 53 55 56 57 59 62 67 67 59 58 56 59 76 79 81 84 87 90 89 90 91 93 93 94 95 96 96 97 97 98 98 99 99 100 100 101 102 102 103
15 15 15 15 15 15 15 15 15 14 14 14 14 13 13 13 13 13 13 13 13 12 13 13 13 13 14 14 14 14 15 16 18 20 22 24 25 26 27 29 30 31 32 34 35 37 37 37 38 39 40 42 43 45 46 48 50 52 53 54 57 60 63 65 67 63 56 53 54 59 68 75 81 84 87 91 90 88 89 91 93 92 93 94 99 95 96 96 97 97 98 99 99 100 101 102
15 15 15 14 14 14 14 14 14 14 14 14 13 13 13 12 12 12 12 12 12 12 12 12 13 13 13 13 14 14 15 16 18 19 21 22 23 24 26 28 29 30 31 34 34 35 36 36 37 38 39 41 42 43 45 47 49 50 52 54 56 58 60 62 64 67 60 53 53 57 66 75 80 81 84 90 90 87 87 89 88 91 91 91 92 93 94 94 95 96 96 97 98 98 99 100
15 14 14 14 14 14 14 14 13 13 13 13 13 12 12 12 12 12 12 12 12 12 12 12 12 13 13 13 13 14 15 16 17 19 20 21 22 23 25 26 28 29 31 32 33 33 34 35 36 37 38 40 41 42 44 45 47 49 50 52 55 56 58 60 61 64 60 54 53 56 67 75 77 80 84 87 87 85 85 87 88 89 89 89 90 91 92 92 93 94 94 95 96 97 98 99
14 14 14 13 13 13 13 13 13 13 13 13 12 12 11 11 11 12 12 11 12 12 12 12 12 13 13 13 13 14 15 15 17 18 20 20 21 23 24 25 27 28 29 30 31 32 33 35 36 36 37 39 40 42 43 45 46 48 49 51 53 54 55 57 57 60 59 57 55 53 64 72 73 77 82 79 80 81 82 84 85 86 86 87 88 89 89 90 91 92 93 93 94 95 96 97
14 13 13 13 13 13 13 13 13 13 13 12 12 12 11 11 11 11 11 11 11 12 12 12 12 13 13 13 13 14 15 15 16 17 19 20 21 23 24 25 26 27 28 29 30 32 33 34 36 36 37 38 39 41 42 44 46 47 48 49 51 53 53 55 56 58 58 55 52 51 59 71 71 73 77 81 79 79 80 81 82 83 85 84 85 86 87 88 89 90 91 92 92 93 94 95
13 13 13 13 13 13 13 13 13 13 12 12 12 11 11 11 11 11 11 11 11 11 12 12 12 13 13 13 14 14 14 15 16 17 18 20 21 22 23 24 25 26 27 29 30 32 33 33 35 36 37 38 39 40 42 43 44 45 46 47 49 50 51 51 52 56 56 53 51 51 55 67 68 71 73 77 78 79 78 81 82 82 83 82 83 84 85 86 87 88 89 90 91 92 93 94
13 13 12 13 13 12 12 12 12 12 12 12 11 11 11 11 11 11 11 11 11 11 11 12 12 13 13 13 13 14 14 15 16 17 18 19 20 21 22 23 24 25 26 28 29 31 32 33 33 35 37 38 38 40 41 42 43 44 45 46 48 48 49 50 51 52 51 50 50 50 53 60 66 68 69 72 75 78 77 79 81 81 80 81 81 82 83 84 85 86 87 88 89 90 91 92
13 12 13 13 13 12 12 12 12 11 11 11 11 11 11 11 11 11 11 11 11 11 11 11 12 12 13 13 13 14 14 15 15 16 18 19 20 21 22 23 24 25 26 27 28 30 31 32 33 34 36 38 38 39 40 41 42 43 44 45 46 47 48 48 49 48 49 49 49 50 57 61 63 64 61 68 70 73 75 78 78 81 79 79 80 80 81 82 86 84 85 86 87 88 89 91
13 13 13 13 13 12 12 11 11 11 11 11 11 11 11 11 11 11 11 11 11 11 11 11 11 12 13 13 13 14 14 15 15 16 17 19 19 20 21 22 23 24 25 26 27 29 31 32 32 33 35 37 38 38 39 40 41 42 43 45 46 47 47 47 47 47 47 48 48 49 53 54 59 56 55 61 67 70 71 75 76 77 79 78 79 78 80 81 82 83 84 84 85 87 88 89
13 13 13 13 12 12 12 11 11 11 11 11 11 11 11 11 11 11 10 10 11 11 11 11 11 12 12 13 13 14 14 15 15 16 17 18 19 20 21 22 23 24 24 26 27 29 30 32 32 33 35 36 37 37 38 39 40 41 42 44 45 46 46 46 46 46 46 47 48 48 49 53 58 54 53 58 65 67 70 71 75 77 77 77 77 77 78 79 80 81 82 83 84 85 86 88
13 13 13 13 12 12 12 11 11 11 11 11 11 10 11 11 11 10 10 10 10 11 11 11 11 11 12 13 13 14 14 14 15 16 17 18 18 19 20 21 22 23 24 25 27 28 30 31 32 33 34 35 36 36 37 38 39 40 41 42 44 45 45 45 46 46 46 47 48 47 48 52 55 53 52 56 60 65 67 69 72 75 76 76 75 75 76 77 79 80 81 82 83 84 85 87
13 13 13 13 12 12 12 12 12 11 12 12 11 10 10 10 10 10 10 10 10 10 10 10 11 11 12 12 13 14 14 14 15 16 17 17 18 19 20 21 22 23 24 25 26 28 30 30 31 32 33 34 35 36 37 38 39 40 41 42 43 44 45 45 45 45 46 47 48 47 48 49 52 53 52 55 57 60 63 68 73 73 76 76 74 74 75 76 77 78 79 80 81 83 84 85
