tests/output/Data/bom_data/etaaapr.txt
ncols         417
nrows         337
xllcorner     112.15
yllcorner     -43.8
cellsize      0.1
NODATA_value  -9999
[rows 174 to 231 of 337, columns 0 to 95 of 417]
26 26 26 26 26 26 26 27 27 27 27 27 27 28 28 28 28 28 28 32 32 31 30 30 28 27 26 24 24 23 23 23 23 22 22 21 21 22 22 22 23 24 23 23 23 23 24 25 25 26 26 26 26 24 23 22 23 23 24 24 24 24 24 24 24 24 24 23 23 24 24 24 24 23 23 23 22 22 23 25 25 25 25 26 26 26 26 26 25 25 24 23 22 21 22 23
26 26 26 26 27 27 27 27 27 27 28 28 28 28 28 28 29 29 29 31 24 24 31 30 28 27 25 25 24 24 24 23 23 23 23 22 22 23 23 23 23 23 24 24 23 23 24 25 25 25 26 26 26 24 23 22 23 23 24 24 24 24 24 24 24 24 24 23 24 25 24 24 23 23 23 23 22 22 22 23 24 24 24 24 25 25 25 25 24 23 23 22 21 21 21 22
23 23 23 23 27 27 27 27 28 28 28 28 28 28 29 29 29 29 29 22 24 24 31 30 28 26 25 25 25 24 23 23 23 23 23 23 23 24 24 24 24 24 24 24 24 24 24 25 26 25 25 25 25 23 22 23 23 24 24 24 24 24 24 24 23 24 24 24 25 25 24 24 23 23 24 23 23 23 22 22 24 24 23 24 25 25 25 24 24 25 23 22 21 21 21 22
23 23 23 23 23 23 23 23 23 22 22 28 29 29 29 29 29 29 29 22 24 25 25 29 27 26 26 25 25 24 23 23 23 24 24 24 24 23 24 24 24 24 24 24 25 24 24 24 26 25 24 24 24 23 23 24 25 25 25 25 25 25 24 23 23 23 24 25 25 24 24 23 23 23 24 23 22 22 22 22 23 24 23 24 25 25 25 25 25 25 24 23 22 21 21 22
23 23 23 23 23 23 23 23 23 23 23 23 23 23 23 22 29 29 29 22 24 25 25 30 27 27 26 25 25 24 23 23 24 24 24 24 24 23 23 23 23 24 24 25 24 24 23 24 25 24 23 23 23 23 23 25 26 25 25 26 25 25 24 22 21 22 23 25 25 24 25 25 24 24 24 23 22 22 21 22 23 24 23 24 24 25 26 26 26 26 24 24 22 21 21 22
24 24 23 23 23 23 23 23 23 23 23 23 23 23 23 23 23 29 29 30 23 25 25 30 28 27 27 26 25 24 24 24 24 25 25 24 24 24 24 24 24 24 24 25 24 24 24 25 25 25 24 23 23 23 24 25 26 26 26 26 26 25 24 22 21 22 23 24 25 25 24 25 25 24 24 23 22 22 22 22 24 24 24 24 25 26 27 27 26 26 24 23 22 22 21 21
24 24 24 24 24 24 23 23 23 23 23 23 23 23 23 23 23 23 29 28 23 23 25 26 30 29 28 27 26 25 24 24 24 24 25 24 24 25 25 25 25 25 25 24 24 24 24 25 26 25 24 23 22 23 23 24 25 25 26 26 26 25 25 23 23 23 24 24 25 25 24 23 24 23 23 23 23 22 22 22 23 24 24 25 26 27 27 27 27 26 25 24 23 23 22 21
24 24 24 24 24 24 24 24 24 24 24 24 23 23 23 23 23 23 23 28 28 23 23 25 26 27 30 28 27 26 24 24 24 25 25 26 25 25 25 25 26 25 25 24 24 24 25 24 24 24 23 22 22 23 23 25 25 25 26 26 25 24 24 23 23 23 23 23 24 23 23 22 22 22 22 23 22 22 22 22 23 23 24 24 25 26 26 26 26 27 26 24 24 24 22 21
24 24 24 24 24 24 24 24 24 24 24 24 24 24 24 24 24 24 24 24 28 28 24 24 26 27 27 29 27 25 24 24 25 26 27 27 26 26 26 26 26 26 24 24 24 24 24 24 24 23 23 23 24 24 24 25 25 25 26 26 25 24 24 24 23 23 24 24 23 23 23 22 22 22 22 22 22 22 23 23 24 24 24 24 24 24 24 25 25 26 25 25 24 25 22 22
25 25 25 25 24 24 24 24 24 24 24 24 24 24 24 24 24 24 24 24 24 24 24 24 26 27 27 30 28 25 24 25 27 28 28 28 28 27 27 27 27 26 25 25 26 26 25 25 25 24 23 24 24 24 24 24 25 26 26 26 26 25 25 25 25 25 25 24 23 23 23 23 22 22 22 22 22 22 24 25 25 24 24 24 24 23 23 24 25 25 24 24 24 24 23 23
25 25 25 25 25 25 25 25 25 25 24 24 24 24 24 24 24 24 24 24 24 24 24 24 26 27 27 28 29 27 26 26 28 29 29 29 29 28 28 27 27 26 25 25 25 26 26 25 26 25 24 23 23 23 23 24 26 27 27 27 26 26 25 26 26 25 25 25 23 22 23 22 22 22 23 23 23 24 25 25 25 25 25 25 24 24 23 23 23 24 24 25 25 25 25 24
25 25 25 25 25 25 25 25 25 25 25 25 25 25 25 25 25 25 25 25 25 25 25 25 26 27 28 28 30 29 28 27 27 29 29 29 29 28 28 28 27 26 25 26 26 26 27 27 27 26 25 23 22 23 23 24 25 26 27 28 27 26 26 26 27 26 25 24 23 23 22 22 23 23 24 24 25 24 24 24 24 24 24 23 23 23 23 22 23 24 24 24 24 24 24 25
25 25 25 25 25 25 25 25 25 25 25 25 25 25 25 25 25 25 25 25 25 25 25 25 25 27 27 28 28 30 30 28 27 28 29 29 29 29 28 27 27 26 27 28 28 27 28 29 28 27 26 23 23 24 25 26 27 28 29 29 28 26 26 27 27 26 25 24 24 23 23 23 24 24 24 23 24 25 23 23 23 23 23 22 22 22 22 22 23 23 23 23 23 23 23 24
26 26 26 26 26 26 25 25 25 25 25 25 25 25 25 25 25 25 25 25 25 25 25 25 25 25 27 29 29 30 31 30 28 29 29 30 30 29 27 27 26 26 27 28 29 29 29 30 29 28 27 24 24 25 26 27 29 29 29 28 27 26 26 27 27 27 26 25 24 23 24 24 24 24 23 23 23 23 22 23 23 23 23 23 22 22 22 22 22 22 22 23 23 22 22 22
26 26 26 26 26 26 26 26 26 26 26 26 26 26 26 25 25 25 25 25 25 25 26 26 26 26 26 28 29 30 30 32 30 30 32 32 31 29 28 28 27 26 26 28 29 30 31 32 30 28 27 25 25 26 27 27 28 28 28 28 27 26 27 27 28 27 26 26 25 24 24 23 23 24 23 22 22 23 23 23 24 24 23 23 23 22 23 23 23 23 22 22 22 21 21 22
26 26 26 26 26 26 26 26 26 26 26 26 26 26 26 26 26 26 26 26 26 26 26 26 26 26 26 28 28 30 30 30 31 31 33 33 31 29 28 27 26 26 27 28 29 31 31 32 32 30 28 28 27 26 27 28 29 28 28 28 27 27 27 27 27 26 26 25 24 24 23 23 23 23 22 22 23 23 23 23 24 25 24 23 23 23 24 24 24 23 23 22 22 21 20 21
27 27 27 26 26 26 26 26 26 26 26 26 26 26 26 26 26 26 26 26 26 26 26 26 26 26 26 26 28 29 30 31 32 31 33 34 32 30 28 27 27 26 27 28 30 30 31 33 32 30 29 28 27 27 28 29 28 27 27 27 26 27 27 27 27 26 25 24 24 24 23 23 23 22 22 23 23 23 23 24 24 25 25 24 23 24 24 24 24 24 23 23 22 21 20 20
27 27 27 27 27 27 27 27 27 27 27 26 26 26 26 26 26 26 26 26 26 26 26 26 26 26 26 26 28 29 30 31 32 32 32 33 32 29 28 28 29 28 28 29 29 31 31 32 30 29 28 28 28 28 28 27 26 26 26 25 25 26 25 26 27 26 25 25 25 24 23 23 23 23 23 22 23 24 25 24 24 24 24 23 22 22 23 22 23 23 24 23 22 21 20 20
27 27 27 27 27 27 27 27 27 27 27 27 27 27 27 27 27 27 26 26 26 26 26 26 26 26 26 26 28 28 30 31 31 32 32 32 31 29 29 30 29 29 29 29 30 31 31 30 29 29 28 28 29 28 27 26 26 26 25 25 25 25 25 26 27 27 25 25 26 25 24 24 23 23 23 22 23 24 25 24 22 22 22 21 21 20 20 21 21 22 22 23 23 22 21 20
27 27 27 27 27 27 27 27 27 27 27 27 27 27 27 27 27 27 27 27 27 27 26 26 26 26 26 26 28 28 29 30 30 32 32 31 30 30 31 31 30 29 29 30 30 30 30 30 31 30 32 32 28 28 27 26 26 27 26 25 25 25 25 26 27 27 26 26 26 25 24 24 23 23 23 22 22 23 24 23 22 21 21 21 21 20 20 20 20 20 21 21 22 22 22 21
28 28 28 28 28 28 28 27 27 27 27 27 27 27 27 27 27 27 27 27 27 27 27 27 26 26 26 26 27 27 28 29 31 31 32 32 31 31 31 31 31 31 30 31 31 31 31 31 30 31 32 32 29 27 26 26 27 26 25 25 25 25 25 25 26 27 27 27 27 26 25 24 23 24 23 22 23 23 23 23 22 21 22 22 21 21 21 20 20 20 20 20 20 21 21 21
28 28 28 28 28 28 28 28 28 28 28 28 28 28 28 27 27 27 27 27 27 27 27 27 27 26 26 26 27 27 27 29 30 31 32 32 31 33 32 32 31 30 30 31 31 30 31 31 31 31 30 30 29 27 26 26 27 26 26 25 25 25 25 25 26 27 28 28 28 27 25 25 25 24 23 23 23 24 24 23 21 21 23 24 21 20 20 20 21 21 21 20 19 19 20 21
28 28 28 28 28 28 28 28 28 28 28 28 28 28 28 28 28 28 28 27 27 27 27 27 27 27 26 26 27 27 27 29 30 31 32 32 31 31 31 31 30 30 30 31 30 30 30 30 31 31 29 29 28 27 27 27 26 25 25 25 25 25 26 26 26 26 27 27 27 27 26 26 25 24 24 23 23 24 23 22 21 21 23 23 21 21 20 20 21 20 20 20 19 19 19 19
29 29 29 28 28 28 28 28 28 28 28 28 28 28 28 28 28 28 28 28 28 27 27 27 27 27 27 26 27 27 27 29 30 31 31 32 31 30 31 30 29 29 29 30 30 29 29 29 29 30 29 29 27 27 27 26 27 26 26 26 25 25 26 27 27 27 26 26 26 26 26 26 25 25 24 23 23 24 24 23 22 21 23 23 22 21 21 20 20 20 19 19 19 20 20 19
29 29 29 29 29 29 29 29 29 29 29 29 29 28 28 28 28 28 28 28 28 28 28 27 27 27 27 27 28 29 29 29 30 32 32 32 30 30 30 29 29 29 30 29 30 29 28 28 28 28 29 29 27 27 26 26 26 27 26 27 26 25 26 27 26 26 25 25 26 26 26 27 26 26 25 24 23 23 24 23 22 21 22 23 23 22 21 21 20 20 19 19 20 21 21 21
29 29 29 29 29 29 29 29 29 29 29 29 29 29 29 29 29 29 28 28 28 28 28 28 28 27 27 27 28 29 30 29 31 31 31 32 30 30 30 29 29 29 29 29 29 28 27 27 27 28 28 29 28 27 27 27 27 27 27 27 27 27 27 27 27 27 26 25 26 25 26 26 26 26 24 24 24 24 25 24 23 22 22 23 23 22 22 22 20 20 20 21 22 22 22 21
29 29 29 29 29 29 29 29 29 29 29 29 29 29 29 29 29 29 29 29 29 28 28 28 28 28 28 27 27 29 29 29 30 31 32 32 30 29 30 30 29 29 28 28 28 29 28 28 27 27 28 28 27 27 27 28 28 27 28 28 27 27 27 27 27 27 26 25 24 25 25 25 26 26 25 25 25 24 24 23 22 23 24 24 23 22 21 21 20 20 20 22 23 22 22 21
30 30 30 30 30 30 30 30 30 30 30 30 30 29 29 29 29 29 29 29 29 29 29 29 28 28 28 28 28 29 30 31 31 31 32 32 31 29 30 30 29 29 29 28 28 28 28 28 27 27 28 28 27 27 27 28 28 28 28 28 28 28 28 28 28 27 27 25 24 26 27 26 26 26 26 26 26 25 24 23 22 23 23 24 23 22 22 22 21 21 21 22 22 22 22 22
30 30 30 30 30 30 30 30 30 30 30 30 30 30 30 30 30 30 29 29 29 29 29 29 29 29 29 28 28 30 30 31 31 31 32 31 31 29 29 29 29 29 28 28 28 27 27 28 27 27 27 28 28 27 28 28 28 28 28 28 27 28 27 27 27 26 26 25 24 24 25 24 25 26 28 27 26 26 25 25 23 23 23 24 24 23 22 23 23 22 22 21 21 21 22 22
30 30 30 30 30 30 30 30 30 30 30 30 30 30 30 30 30 30 30 30 30 30 29 29 29 29 29 29 29 30 30 30 31 32 32 31 30 29 29 29 29 28 28 28 27 27 28 29 29 28 28 29 28 27 27 27 27 28 28 27 27 27 26 26 25 25 25 25 25 25 25 25 25 25 26 26 26 26 25 25 23 23 24 24 24 23 22 22 22 22 22 21 20 21 21 22
31 31 31 31 31 31 31 31 31 31 31 31 31 31 30 30 30 30 30 30 30 30 30 29 29 29 29 29 29 29 31 31 31 32 32 31 30 29 29 29 28 28 28 28 27 28 28 29 30 29 30 30 29 29 27 28 27 27 27 26 26 25 25 25 25 26 26 26 25 25 24 24 23 23 24 25 25 25 24 25 24 24 24 24 25 23 23 23 22 21 21 20 20 21 22 22
31 31 31 31 31 31 31 31 31 31 31 31 31 31 31 31 31 30 30 30 30 30 30 29 29 29 29 29 29 30 31 31 31 31 32 32 31 30 29 30 29 28 28 28 27 28 28 29 30 30 30 29 29 29 29 28 27 26 27 26 25 25 24 24 26 27 25 25 24 24 23 22 22 23 24 25 24 24 23 24 25 25 25 24 25 23 23 23 22 21 20 20 21 22 22 23
31 31 31 31 31 31 31 31 31 31 31 31 31 31 31 31 31 31 30 30 30 30 30 30 29 29 29 29 29 30 30 32 32 31 32 32 31 31 30 30 30 28 27 27 28 28 28 29 29 30 29 28 28 28 28 28 27 26 27 27 25 24 25 26 27 26 25 25 24 23 23 23 23 23 23 24 23 23 23 24 24 24 24 25 25 23 22 22 21 21 20 21 22 23 23 24
31 32 32 32 32 32 32 32 32 32 32 32 32 32 31 31 31 31 31 30 30 30 30 30 30 29 29 29 29 29 31 31 33 32 32 32 31 31 30 30 29 27 27 28 29 29 29 29 29 29 28 28 27 28 27 27 27 26 27 27 25 24 25 26 27 25 24 24 24 24 25 25 23 24 24 23 23 22 22 23 24 23 24 25 25 24 22 22 22 22 21 22 22 22 23 23
32 32 32 32 32 32 32 32 32 32 32 32 32 32 32 31 31 31 31 31 30 30 30 30 30 30 30 29 29 29 29 31 33 32 32 32 32 31 31 31 29 29 28 28 28 28 29 29 29 28 27 27 27 27 26 27 27 26 27 26 24 25 25 25 25 24 24 24 25 25 25 24 23 23 23 23 23 23 23 23 23 24 25 25 25 25 24 23 22 22 22 21 23 23 23 25
32 32 32 32 32 32 32 32 32 32 32 32 32 32 32 32 31 31 31 31 31 31 30 30 30 30 30 30 30 30 30 31 33 32 32 31 32 32 32 32 31 30 29 29 28 27 27 27 27 27 27 27 27 27 27 27 26 26 27 25 24 24 24 24 24 25 25 26 26 26 25 24 24 25 24 23 23 24 24 23 22 23 23 23 24 24 23 23 23 22 22 23 24 24 23 24
32 32 32 33 33 33 33 33 33 33 33 33 32 32 32 32 32 32 31 31 31 31 31 30 30 30 30 30 30 30 30 31 31 32 32 32 32 32 32 32 32 32 31 30 28 27 27 27 27 28 28 28 28 28 27 26 26 26 25 25 25 24 23 24 25 26 25 26 27 27 26 24 25 26 25 23 24 25 25 24 24 23 23 23 24 24 23 22 22 23 23 24 25 24 24 23
33 33 33 33 33 33 33 33 33 33 33 33 33 33 32 32 32 32 32 31 31 31 31 31 31 30 30 30 30 30 31 31 32 31 32 32 32 32 32 32 33 33 31 30 29 27 27 27 26 26 26 26 26 27 27 26 25 25 25 25 24 24 25 24 24 26 26 26 27 26 25 25 26 26 24 24 25 25 25 25 24 23 23 23 24 24 24 24 24 24 24 25 26 25 23 23
33 33 33 33 33 33 33 33 33 33 33 33 33 33 33 32 32 32 32 32 31 31 31 31 31 31 31 31 31 31 31 31 32 31 33 32 32 32 33 32 33 33 30 30 30 28 27 27 27 27 26 26 26 26 26 27 25 24 24 24 25 25 26 25 25 26 26 27 28 27 27 26 26 26 25 24 25 25 25 24 23 24 24 23 23 25 26 26 26 26 26 26 26 24 23 24
33 33 33 33 34 34 34 34 34 34 34 34 33 33 33 33 33 32 32 32 32 31 31 31 31 31 31 31 31 31 31 32 32 32 31 33 33 32 32 32 32 32 31 30 29 28 28 27 27 27 27 26 25 26 27 27 26 26 24 24 25 26 26 26 26 27 27 27 27 27 27 26 26 26 25 24 25 26 25 24 25 25 25 24 23 24 26 26 26 26 25 25 26 26 24 24
34 34 34 34 34 34 34 34 34 34 34 34 34 33 33 33 33 33 32 32 32 32 31 31 31 31 31 31 31 31 31 32 32 32 32 33 33 32 32 33 34 32 31 30 29 29 29 28 27 27 26 26 26 26 26 26 26 25 24 25 26 26 27 27 26 27 28 27 26 27 27 27 27 27 25 25 26 26 25 24 25 25 25 25 24 24 25 25 25 25 25 25 25 26 24 24
34 34 34 34 34 34 34 34 34 35 34 34 34 34 34 33 33 33 33 32 32 32 32 31 31 31 31 31 31 31 31 31 32 33 33 32 34 33 32 35 35 35 32 32 30 29 29 28 27 27 26 26 26 26 26 25 25 25 25 25 26 26 27 28 27 27 28 27 26 27 28 27 28 27 25 25 26 27 25 24 24 25 25 25 25 25 25 24 24 25 25 25 25 25 24 25
34 34 34 34 35 35 35 35 35 35 35 35 34 34 34 34 33 33 33 33 32 32 32 32 31 31 31 31 31 31 31 31 32 33 33 33 35 34 35 38 37 34 32 31 31 29 29 28 28 28 28 28 27 26 26 26 27 27 27 26 26 26 26 27 28 28 28 28 27 28 28 27 26 26 25 25 26 26 24 24 25 25 25 25 26 25 24 23 24 24 24 24 25 25 25 24
34 35 35 35 35 35 35 35 35 35 35 35 35 35 34 34 34 34 33 33 33 32 32 32 32 31 31 31 31 30 30 30 31 32 33 35 37 35 36 39 38 36 33 32 32 31 29 28 28 28 29 28 27 26 27 26 26 26 26 26 26 27 28 27 27 28 28 28 28 28 28 27 27 26 26 26 26 25 24 24 25 25 25 24 25 24 22 22 23 23 23 23 24 24 24 23
35 35 35 35 35 35 35 35 35 36 36 35 35 35 35 34 34 34 34 33 33 33 32 32 32 31 31 31 30 30 30 30 30 31 32 35 39 37 38 42 40 38 35 33 33 31 28 28 28 29 30 29 27 26 28 27 25 25 25 25 26 27 28 28 27 27 27 27 28 29 28 27 27 27 26 27 26 25 24 24 25 25 25 25 23 22 22 23 24 23 24 23 24 25 23 22
35 35 35 35 35 36 36 36 36 36 36 36 36 35 35 35 35 34 34 34 33 33 33 32 32 32 31 31 31 30 30 30 30 31 32 36 38 38 40 42 42 40 38 35 33 31 29 29 29 29 28 28 27 27 28 27 27 26 26 25 26 27 27 26 26 26 27 27 28 28 27 27 28 27 27 26 25 24 24 24 25 25 25 25 23 22 22 24 23 23 24 24 24 25 24 23
35 35 36 36 36 36 36 36 36 36 36 36 36 36 36 35 35 35 34 34 34 33 33 33 32 32 32 31 31 31 30 30 31 31 33 36 38 38 42 44 42 42 39 35 33 31 29 29 29 29 28 27 27 28 28 28 29 27 26 26 26 26 27 27 27 27 27 27 27 27 27 28 28 27 27 26 25 25 25 24 24 24 24 24 22 22 23 24 24 24 25 25 25 26 26 23
36 36 36 36 36 36 36 36 37 37 37 37 36 36 36 36 35 35 35 34 34 34 33 33 33 32 32 32 31 31 31 31 32 32 34 36 38 39 43 45 45 43 40 35 33 31 30 29 29 28 28 27 28 28 28 28 29 27 26 26 26 27 27 27 27 28 28 28 27 27 27 27 27 27 26 26 25 25 25 24 23 23 23 22 22 22 23 24 24 24 25 26 25 25 25 24
36 36 36 36 36 36 37 37 37 37 37 37 37 37 37 36 36 36 35 35 35 34 34 33 33 33 32 32 32 32 32 32 33 34 35 37 40 41 47 47 46 44 39 34 33 32 31 31 31 30 28 27 28 29 29 28 28 27 26 25 26 27 27 27 27 28 27 27 27 27 26 27 27 26 26 26 25 25 25 23 22 22 22 22 22 22 22 24 25 25 25 25 25 24 23 23
36 36 36 37 37 37 37 37 37 37 37 38 38 37 37 37 36 36 36 35 35 35 34 34 34 33 33 33 32 32 33 33 34 35 37 40 40 42 48 48 46 44 39 35 33 32 32 33 33 32 30 28 28 28 29 28 28 28 26 25 25 26 26 26 26 26 26 26 26 26 26 26 26 25 26 26 25 25 25 23 22 22 21 22 23 24 23 24 24 25 24 24 25 25 24 23
36 37 37 37 37 37 37 37 38 38 38 38 38 38 38 37 37 37 36 36 36 35 35 34 34 34 33 33 33 33 33 34 35 36 39 41 41 43 48 48 46 44 40 35 33 33 33 33 33 33 32 30 29 28 28 28 28 27 26 25 25 25 25 26 27 27 28 28 27 27 27 26 26 25 26 26 25 25 24 24 22 22 22 22 23 24 23 24 25 25 24 24 24 24 24 24
37 37 37 37 37 37 38 38 38 38 38 38 38 38 38 38 38 37 37 37 36 36 35 35 35 34 34 34 34 34 34 35 36 37 39 41 41 44 47 47 46 43 40 35 33 32 32 33 33 33 32 31 29 28 28 27 28 27 26 26 25 25 25 26 27 28 29 29 28 28 28 27 25 25 26 26 26 25 24 23 22 22 22 22 23 23 24 24 24 24 24 25 24 24 24 24
37 37 37 37 38 38 38 38 38 38 38 39 39 39 39 39 38 38 38 37 37 37 36 36 35 35 34 34 34 34 35 35 36 38 39 41 41 43 47 45 45 42 39 35 33 32 32 33 33 32 31 31 30 29 28 27 27 27 27 26 25 25 25 25 26 26 27 28 29 28 28 26 25 24 25 25 25 25 23 22 22 22 23 23 23 22 23 23 23 23 24 24 24 25 26 26
37 37 37 38 38 38 38 38 38 39 39 39 39 39 39 39 39 39 38 38 38 37 37 36 36 35 35 35 35 35 35 36 36 38 40 41 40 42 45 44 43 41 39 36 34 33 33 33 33 33 32 31 30 30 28 28 28 28 27 26 26 26 26 26 26 26 27 28 28 27 27 26 25 24 25 25 24 24 23 22 22 22 22 22 22 22 22 22 23 24 23 24 25 26 27 27
37 38 38 38 38 38 38 39 39 39 39 39 39 40 40 40 40 40 39 39 39 38 38 37 37 36 36 35 35 35 35 36 37 38 40 40 39 40 42 42 41 40 39 37 35 34 34 33 32 32 31 30 30 29 28 28 28 27 27 26 26 25 25 26 27 27 27 27 27 26 27 26 25 24 24 24 24 24 24 23 22 22 22 22 22 22 22 23 23 24 24 25 26 27 28 26
38 38 38 38 38 39 39 39 39 39 39 40 40 40 40 40 40 40 40 40 39 39 39 38 37 37 36 36 36 36 36 36 37 37 40 40 39 40 40 40 40 39 38 37 35 34 33 33 32 32 30 29 29 28 29 29 27 26 26 27 26 26 25 26 27 28 28 27 26 26 27 26 25 24 24 24 24 24 24 24 23 23 22 22 23 23 23 23 23 24 24 25 26 27 26 25
38 38 38 38 39 39 39 39 39 39 40 40 40 40 40 40 41 41 41 41 40 40 40 39 38 38 37 37 36 36 36 36 37 37 39 41 39 39 40 39 39 38 38 38 36 35 34 33 31 30 28 28 28 28 28 28 26 26 26 27 27 26 26 27 27 28 29 28 26 26 26 26 25 25 24 24 25 24 24 24 24 24 24 24 24 24 24 24 24 25 25 25 26 26 26 25
38 38 38 39 39 39 39 39 40 40 40 40 40 40 41 41 41 41 41 41 42 41 41 40 40 39 38 37 37 37 37 37 37 38 40 41 40 39 39 38 38 38 38 37 36 36 34 33 31 29 29 28 28 27 28 27 26 27 27 27 27 26 26 27 27 27 28 27 26 26 26 25 26 25 25 24 25 24 25 25 26 25 25 25 24 24 24 24 25 25 25 26 26 26 26 26
