tests/output/Data/bom_data/etaasep.txt
ncols         417
nrows         337
xllcorner     112.15
yllcorner     -43.8
cellsize      0.1
NODATA_value  -9999
[rows 198 to 263 of 337, columns 192 to 287 of 417]
13 13 13 13 14 15 16 15 15 16 18 18 18 17 17 16 17 17 16 15 16 16 16 15 16 15 15 15 14 13 13 13 13 13 13 13 13 13 14 14 14 13 12 12 11 11 11 11 11 11 12 12 12 13 13 13 13 12 12 12 12 12 13 14 13 13 13 12 11 12 12 12 12 12 12 12 13 14 15 17 18 16 15 13 12 12 11 11 11 12 12 12 13 13 13 13
15 14 14 14 15 16 16 15 15 16 18 20 19 18 17 18 17 17 17 17 16 16 16 17 17 16 15 15 15 14 14 13 13 13 14 15 13 13 14 14 14 14 13 13 12 11 11 11 11 11 12 13 13 13 13 13 13 13 12 12 12 12 12 12 12 13 13 12 12 12 12 13 13 13 12 13 14 15 17 21 22 18 16 13 12 12 11 11 12 12 12 13 13 14 14 14
14 15 16 16 16 16 16 16 16 17 19 20 20 19 18 19 18 19 18 18 18 18 18 17 17 17 16 16 15 15 15 14 14 14 14 14 14 14 14 14 14 13 13 13 13 12 12 11 11 12 13 13 13 14 13 13 13 12 12 12 12 12 12 12 12 12 13 12 13 13 13 14 14 13 13 14 16 18 20 23 21 16 13 13 12 12 12 12 12 13 13 13 14 14 14 15
12 13 15 16 18 18 17 17 18 19 19 21 22 21 20 19 19 19 20 19 19 19 19 18 17 18 17 17 16 15 16 16 15 15 15 15 15 15 15 15 14 14 13 14 14 13 12 12 12 12 13 13 13 14 13 13 13 12 12 12 12 12 12 12 12 12 15 13 13 14 14 14 14 15 15 16 17 20 21 22 19 15 13 13 12 12 12 13 13 13 13 14 14 14 15 15
14 14 14 15 17 19 19 18 19 20 21 22 23 23 21 21 20 20 20 20 19 19 18 17 18 18 18 18 17 16 16 16 16 16 15 15 15 15 15 15 14 14 13 14 14 13 13 12 13 13 13 13 13 14 13 14 13 13 13 12 12 12 12 12 12 12 13 14 15 15 16 15 15 16 16 18 21 23 22 20 17 14 14 13 13 13 13 13 13 13 14 14 14 14 15 15
15 15 15 15 16 18 19 21 20 20 22 23 23 24 23 22 22 22 21 20 20 19 18 18 19 18 18 17 17 17 16 16 16 16 16 15 15 15 15 15 14 14 14 14 14 14 14 13 13 13 13 14 14 14 13 14 14 14 13 12 12 12 11 11 12 12 12 14 16 16 16 17 18 18 19 21 26 25 21 18 15 14 14 13 13 13 13 13 13 14 14 14 14 15 15 14
15 15 16 16 17 18 18 20 21 22 23 24 23 24 25 24 24 24 23 22 22 20 18 18 19 18 17 18 18 17 17 17 16 16 16 16 16 15 15 15 15 14 15 15 14 14 14 14 13 14 14 14 14 14 14 14 14 14 14 13 12 12 11 11 11 12 12 13 14 17 16 17 19 22 22 23 21 20 17 17 15 14 14 13 13 13 14 14 14 14 14 14 15 15 14 14
16 16 17 17 18 18 19 21 23 24 24 24 24 25 25 25 25 24 24 23 22 20 19 19 20 19 18 18 18 17 18 17 18 18 16 16 15 14 14 14 15 14 14 15 15 15 15 14 14 14 14 14 14 14 14 14 14 14 13 13 12 12 12 12 12 12 12 13 17 17 17 18 20 23 24 23 21 18 17 16 15 14 14 14 14 14 14 14 14 14 14 15 15 15 14 14
17 17 18 18 18 19 19 21 23 25 24 24 25 26 26 26 25 24 24 23 22 21 20 21 21 20 19 19 18 18 18 18 18 19 17 16 16 16 15 15 15 14 15 15 15 15 15 15 14 14 14 14 14 14 14 13 13 13 13 13 13 12 12 12 12 12 13 14 17 17 18 19 23 26 26 22 20 19 18 15 14 14 14 14 14 14 14 15 14 14 14 14 14 14 14 14
18 19 19 19 19 20 20 22 24 25 25 25 26 26 26 26 26 25 24 24 22 22 21 21 21 21 20 19 18 19 19 19 19 19 18 17 16 17 17 16 15 15 15 15 15 15 15 15 15 15 15 14 14 14 13 13 13 13 14 14 13 12 12 12 12 12 13 14 15 17 19 23 28 29 26 24 21 19 19 15 14 14 14 15 15 15 15 15 15 15 15 14 14 14 14 14
19 19 20 20 20 21 21 23 25 27 26 26 26 26 26 26 26 26 25 24 23 23 22 21 21 22 21 20 20 20 19 20 19 20 19 17 16 16 16 16 15 16 16 16 16 16 15 16 16 16 16 15 14 14 13 13 13 13 14 14 13 14 13 13 13 13 13 14 16 17 20 25 28 23 25 23 20 19 18 16 15 15 15 15 15 15 15 15 15 15 15 15 15 14 14 14
20 20 21 21 21 22 22 23 24 26 27 27 26 26 26 26 26 26 26 25 24 24 23 23 23 22 21 22 22 20 19 20 19 20 20 19 17 16 16 16 15 16 16 16 17 17 17 16 15 15 16 15 15 15 14 13 13 13 14 14 13 14 13 13 13 14 14 15 15 16 21 25 27 27 24 21 19 18 18 16 15 16 16 16 15 15 15 15 15 15 15 15 15 14 14 14
21 21 22 22 22 23 23 24 24 25 25 26 27 29 28 27 26 26 26 25 25 25 25 24 24 23 23 23 22 20 21 21 21 21 21 19 18 16 16 16 15 15 16 16 16 16 17 16 15 14 14 15 16 15 14 14 14 14 14 15 14 13 13 14 14 14 14 15 16 17 19 25 27 27 23 20 18 17 17 16 16 16 17 17 16 16 16 15 15 15 15 15 14 14 14 14
22 23 23 23 23 24 24 25 25 25 25 26 27 29 29 29 27 27 27 26 26 26 25 25 24 23 23 23 22 21 21 22 22 22 21 19 18 17 18 17 16 15 15 15 15 15 16 16 15 15 14 15 18 16 16 15 15 14 14 15 16 16 15 14 15 15 15 16 16 17 19 26 28 28 24 21 18 18 17 17 17 17 17 17 17 17 16 16 15 15 15 15 15 15 14 14
24 25 25 25 25 25 26 26 26 26 26 26 27 28 30 29 29 28 27 27 26 26 26 25 24 23 24 24 24 22 22 22 23 21 20 19 18 17 17 17 17 16 15 15 15 15 16 16 16 16 14 15 15 14 15 15 15 13 13 16 18 18 17 16 15 16 16 16 17 18 20 25 29 31 29 23 19 18 19 18 17 17 17 17 17 17 17 16 16 16 15 15 15 15 15 14
25 25 25 27 27 27 27 27 27 28 28 28 27 29 31 31 30 29 28 28 27 27 26 26 25 24 24 25 25 23 23 23 23 21 20 19 18 17 17 17 17 17 16 15 15 15 15 16 16 15 14 13 13 14 14 14 13 14 14 15 17 19 19 17 16 16 17 17 18 20 23 31 33 34 30 23 20 19 19 18 18 18 18 18 17 17 17 17 16 16 16 15 15 15 15 15
23 26 27 27 29 28 28 28 29 30 30 29 29 30 32 32 31 30 29 28 28 28 27 27 26 25 24 24 26 26 26 26 24 22 20 19 19 19 17 17 17 17 16 16 15 15 15 15 16 15 14 14 14 14 14 15 15 16 15 15 17 19 19 17 17 17 18 18 20 22 28 27 28 31 27 24 21 20 20 19 18 18 18 18 18 17 17 17 17 16 16 16 16 16 15 15
20 22 25 27 29 30 30 29 29 30 31 31 31 32 32 31 31 31 31 29 28 28 28 28 26 26 25 25 26 26 26 26 24 23 22 20 20 20 18 17 17 18 17 17 16 16 15 15 16 16 15 14 14 14 14 16 15 16 15 16 17 20 20 18 18 18 19 19 22 25 34 34 35 31 27 24 22 22 21 19 19 18 18 18 18 17 17 17 17 17 16 16 16 16 16 15
21 22 22 24 28 30 32 32 30 31 31 31 32 31 31 32 32 32 31 31 29 28 29 28 27 27 27 27 28 26 24 24 24 23 24 23 22 21 19 18 18 19 19 17 16 16 16 16 16 16 15 15 14 14 15 15 15 15 16 18 17 18 19 18 18 19 20 22 23 26 30 32 33 32 30 27 26 24 21 20 19 19 19 18 18 17 17 17 17 17 16 16 16 16 16 15
23 23 23 24 25 27 31 34 33 32 32 33 34 34 34 33 33 32 32 32 31 30 30 30 29 28 29 29 28 27 26 25 26 25 24 23 23 22 20 19 19 21 21 20 19 18 17 16 16 17 17 16 15 15 16 16 16 16 17 18 18 18 20 18 19 19 21 26 27 30 29 30 34 35 32 30 32 27 24 21 20 20 20 20 19 19 17 17 17 17 17 17 16 16 16 16
24 24 24 25 25 26 27 32 34 33 32 31 31 32 34 35 33 33 32 32 31 29 29 30 29 29 29 31 30 28 27 27 27 27 27 26 24 23 21 20 19 19 21 21 20 18 17 17 17 17 17 17 16 16 16 17 17 17 18 19 19 20 21 19 19 21 25 26 29 33 31 29 32 34 29 27 26 25 23 22 21 20 20 20 21 19 18 18 19 19 19 17 17 17 16 17
25 25 26 26 26 27 27 28 30 30 30 29 29 29 30 32 34 33 33 33 31 30 29 29 29 30 30 31 31 29 29 28 27 26 27 29 28 27 24 21 19 19 22 23 20 18 18 18 18 18 18 17 16 16 17 18 19 19 18 19 20 21 22 20 20 27 32 27 29 31 30 29 31 33 27 24 24 23 23 23 22 22 20 19 20 19 18 19 20 21 19 18 18 17 17 18
26 27 27 27 28 28 28 29 29 29 30 30 30 30 30 30 30 33 33 31 30 29 27 30 31 31 31 32 32 32 31 30 29 28 27 27 28 28 27 23 21 21 22 22 20 19 19 19 19 20 19 18 18 17 18 20 22 22 20 20 19 20 21 20 21 30 34 28 27 29 31 30 30 32 28 27 24 22 22 23 22 21 19 19 19 20 20 21 21 21 20 18 18 18 18 19
27 28 28 28 29 29 29 30 30 30 31 31 31 31 31 31 30 30 30 29 28 29 28 28 30 33 33 33 34 34 34 33 32 30 28 28 26 27 27 26 25 24 23 22 21 23 22 21 20 20 20 20 19 18 19 21 23 26 23 21 21 20 20 20 23 33 35 29 28 29 29 32 31 30 33 28 23 22 23 23 23 22 20 19 20 21 20 20 20 20 19 19 19 19 19 20
29 29 29 30 30 30 31 31 31 31 32 32 32 32 32 32 31 31 30 29 29 30 29 29 30 33 35 36 36 36 37 36 35 33 31 29 27 27 27 27 26 25 25 24 23 23 24 25 25 23 23 23 21 20 20 20 23 26 26 23 24 22 21 21 24 38 36 31 29 32 33 31 32 32 31 25 23 23 24 25 24 23 22 20 20 20 19 19 19 20 19 19 19 19 20 20
30 30 30 31 31 31 32 32 32 32 33 33 33 33 33 33 32 32 32 32 31 31 30 30 33 35 35 35 37 38 38 37 37 35 33 31 29 28 30 31 29 27 29 30 28 25 25 28 29 26 25 25 24 22 21 22 23 25 24 23 24 26 24 23 25 35 36 35 31 32 35 34 35 31 29 25 24 24 25 26 26 23 22 21 22 20 21 20 21 21 21 20 19 19 20 20
31 31 32 32 32 32 33 33 33 33 34 34 34 34 34 34 34 33 34 34 33 32 32 32 33 33 33 33 36 39 39 38 38 37 36 34 32 30 31 33 31 31 32 31 30 27 26 27 28 30 28 27 25 23 25 25 26 26 24 23 24 29 29 27 25 33 35 39 33 32 36 38 34 29 28 26 24 25 26 26 25 23 21 21 24 23 23 21 20 20 20 19 18 18 19 20
32 32 33 33 33 33 34 34 34 34 35 35 35 35 35 35 35 35 34 34 34 34 34 34 34 34 34 34 36 40 40 40 39 38 37 37 35 33 31 30 31 32 32 30 29 28 30 30 30 32 31 29 27 26 25 26 26 27 24 24 25 28 34 29 25 33 37 40 39 36 38 38 34 33 31 29 26 26 26 26 25 23 22 22 22 21 21 20 20 19 19 18 18 19 19 19
33 33 34 34 34 35 35 35 35 35 36 36 36 36 36 36 36 36 36 36 36 35 35 35 36 36 37 40 41 43 43 42 41 41 40 39 38 37 35 32 32 33 34 32 30 31 33 32 31 33 33 30 28 27 25 26 25 25 24 26 28 28 36 31 26 34 36 42 39 40 41 42 38 38 38 32 29 30 29 27 25 24 22 22 21 21 21 21 21 20 19 19 19 19 19 19
34 35 35 35 35 36 36 36 36 36 37 37 37 37 37 37 37 37 37 37 37 37 37 37 37 37 38 42 43 44 44 43 43 43 42 41 40 39 38 35 34 33 34 34 33 33 35 35 34 35 35 32 29 27 26 27 27 26 25 27 30 27 32 34 27 33 35 41 42 42 42 44 43 38 39 35 33 33 30 27 26 25 25 24 22 22 21 21 20 19 19 19 19 19 20 20
35 36 36 36 36 37 37 37 37 37 38 38 38 38 38 38 38 38 38 38 38 38 38 38 38 39 39 42 45 44 44 44 44 44 44 42 41 39 38 38 38 37 35 36 35 34 36 37 37 36 34 32 29 28 29 28 27 28 26 26 28 29 27 29 26 32 36 42 43 43 44 45 45 40 38 37 34 33 33 28 26 28 29 26 22 21 21 20 20 20 19 19 19 20 20 20
36 37 37 37 37 38 38 38 38 38 39 39 39 39 39 39 39 39 39 39 39 40 40 40 40 40 40 41 44 45 44 47 47 46 44 43 43 41 40 39 38 37 36 35 35 35 35 36 37 36 34 31 29 29 29 28 27 30 30 29 28 28 24 25 27 29 39 42 45 44 45 46 46 44 41 38 34 32 31 29 28 29 27 24 22 22 21 21 20 20 20 20 20 20 21 21
38 38 38 38 38 39 39 39 39 39 40 40 40 40 40 40 40 40 41 41 41 41 41 41 41 41 41 41 42 46 45 45 45 46 44 43 44 44 42 40 39 38 37 36 37 37 36 37 37 38 36 35 31 31 30 29 30 33 30 30 28 25 25 27 29 35 39 42 45 46 47 48 47 47 45 36 32 30 27 25 25 27 25 23 23 22 22 22 21 21 21 21 21 21 22 22
39 39 39 39 39 40 40 40 40 40 41 41 41 41 41 41 41 42 42 42 42 42 42 42 42 42 42 42 42 42 42 42 43 45 45 45 45 46 45 43 41 40 38 36 38 38 37 40 39 38 37 38 35 34 32 31 32 33 32 33 27 25 27 29 35 40 42 43 45 47 49 49 48 48 46 39 31 29 26 23 23 24 24 23 23 23 22 22 22 22 22 22 22 22 22 23
33 33 33 34 34 34 35 35 36 36 36 37 37 38 38 39 39 40 43 43 43 43 43 43 43 43 43 43 43 43 43 42 42 42 46 47 47 47 46 44 43 42 40 39 38 38 39 39 39 39 40 42 40 38 35 31 33 34 32 31 27 27 28 30 34 40 43 45 46 48 50 49 49 49 47 44 37 28 25 23 21 22 22 22 23 23 23 23 23 22 22 22 22 23 23 23
33 34 34 34 35 35 35 36 36 37 37 37 38 38 39 39 40 40 41 41 42 42 43 44 44 44 44 44 44 44 44 44 43 43 46 48 47 48 47 46 44 43 42 41 40 40 40 43 41 42 43 41 39 36 35 35 33 33 32 30 27 28 30 31 33 38 43 46 47 49 50 49 49 49 48 48 38 28 24 22 21 21 21 22 22 23 24 23 23 23 22 23 23 23 24 24
34 34 35 35 35 36 36 36 37 37 38 38 38 39 39 40 40 41 41 42 42 43 43 44 44 45 45 45 45 45 45 44 44 44 46 47 48 48 49 47 46 44 44 43 42 40 40 41 42 44 45 43 41 41 39 34 32 32 32 28 28 30 31 31 32 37 41 48 47 49 49 48 47 47 47 46 38 28 24 22 21 21 21 21 22 23 24 24 23 23 23 23 24 24 25 25
34 35 35 35 36 36 37 37 37 38 38 39 39 39 40 40 41 41 42 42 43 43 44 44 45 45 45 46 46 46 46 46 46 45 46 46 47 48 49 48 46 45 44 43 42 41 41 40 41 43 44 44 43 41 36 32 32 32 30 29 30 31 31 33 37 41 42 47 46 45 50 52 50 48 46 45 36 28 25 23 22 21 21 21 21 22 23 22 22 22 23 24 25 25 25 25
35 35 36 36 36 37 37 37 38 38 39 39 40 40 40 41 41 42 42 43 43 44 44 44 45 45 46 46 46 46 46 47 47 46 46 46 47 47 48 47 45 45 44 43 43 41 41 40 39 39 41 39 39 38 34 29 28 28 29 30 31 32 33 38 42 43 45 49 44 43 49 52 52 51 47 44 36 30 26 24 23 22 21 21 20 20 20 21 21 22 23 24 25 25 26 26
36 36 36 37 37 37 38 38 38 39 39 40 40 40 41 41 42 42 43 43 44 44 44 45 45 45 46 46 46 46 47 47 47 47 46 45 45 47 47 47 46 45 44 43 42 41 41 41 39 38 38 36 34 30 28 27 28 29 30 31 32 34 38 42 43 43 46 49 45 42 46 51 53 52 50 45 40 33 29 26 25 24 22 21 19 18 18 19 21 22 23 24 25 26 26 27
36 36 37 37 37 38 38 38 39 39 40 40 40 41 41 42 42 43 43 43 44 44 45 45 45 46 46 46 46 47 47 47 47 47 47 46 45 44 47 48 47 46 44 43 43 42 41 43 38 36 35 32 28 27 27 28 29 29 30 32 33 35 41 42 42 44 47 46 47 44 47 50 52 52 52 50 43 37 31 28 27 25 24 22 20 19 18 20 21 23 24 25 26 26 27 26
37 37 37 38 38 38 39 39 39 40 40 40 41 41 42 42 43 43 43 44 44 45 45 45 46 46 46 46 47 47 47 47 47 47 47 46 46 45 46 49 49 47 45 45 44 43 43 41 37 34 30 28 28 28 28 29 29 30 31 32 33 37 42 42 43 45 44 46 45 44 44 50 52 52 53 52 47 39 33 29 28 27 26 24 22 21 20 21 22 24 24 26 26 27 27 28
37 37 38 38 38 39 39 39 40 40 40 41 41 42 42 42 43 43 44 44 44 45 45 45 46 46 46 47 47 47 47 47 47 47 47 47 46 45 46 47 48 48 47 47 47 46 42 40 37 32 28 28 28 28 29 30 30 31 32 32 35 39 41 44 45 44 40 39 41 42 43 48 52 52 53 52 51 43 35 30 28 28 27 28 27 24 23 22 23 24 25 26 27 28 29 30
38 38 38 38 39 39 39 40 40 41 41 41 42 42 42 43 43 44 44 44 45 45 45 46 46 46 46 47 47 47 47 47 47 47 47 47 47 46 45 47 49 49 48 47 49 48 45 39 34 29 28 28 29 29 30 30 31 31 32 32 34 40 44 46 44 41 35 35 39 42 43 48 51 52 53 53 52 49 37 30 29 29 28 30 30 28 26 26 26 25 25 26 27 28 29 29
38 38 39 39 39 40 40 40 41 41 41 42 42 42 43 43 44 44 44 45 45 45 46 46 46 46 47 47 47 47 47 47 47 48 48 48 47 47 45 47 49 48 48 49 49 48 44 35 31 29 29 29 29 30 30 31 31 32 32 33 36 42 46 46 42 40 33 32 39 41 43 46 50 52 54 54 53 51 39 31 30 30 29 30 31 30 28 28 27 27 27 27 28 28 28 28
38 39 39 39 40 40 40 41 41 41 42 42 42 43 43 43 44 44 45 45 45 45 46 46 46 47 47 47 47 47 47 48 48 48 48 48 47 47 47 48 48 48 48 49 49 47 41 35 31 31 30 30 30 31 31 31 32 32 33 34 38 43 46 45 41 35 32 33 37 43 44 47 49 51 53 54 52 51 41 33 31 30 29 30 31 30 30 29 29 28 29 28 29 29 28 28
39 39 39 40 40 40 41 41 41 42 42 42 43 43 43 44 44 44 45 45 45 46 46 46 47 47 47 47 47 47 48 48 48 48 48 48 47 47 47 47 47 48 48 48 48 42 37 35 33 32 31 31 31 31 32 32 33 33 33 34 36 41 45 45 41 34 33 33 35 39 45 46 47 49 50 53 54 51 43 34 31 30 29 29 30 31 31 30 30 30 30 30 29 29 29 29
39 40 40 40 40 41 41 41 42 42 42 43 43 43 44 44 44 45 45 45 46 46 46 46 47 47 47 47 47 48 48 48 48 48 48 48 48 47 47 47 47 48 48 47 46 41 36 35 34 34 32 32 32 32 33 33 33 34 34 34 35 42 47 45 41 35 33 34 35 36 42 45 46 49 51 53 53 50 43 34 32 30 28 30 31 31 31 32 32 31 31 31 30 30 29 29
40 40 40 41 41 41 41 42 42 42 43 43 43 44 44 44 45 45 45 46 46 46 46 47 47 47 47 47 48 48 48 48 48 48 48 48 48 47 47 47 47 46 47 47 46 45 40 36 35 34 33 33 33 33 34 34 34 34 34 35 37 43 46 45 43 35 34 34 35 36 39 44 44 45 50 51 51 47 39 34 32 30 31 31 31 32 32 33 33 33 32 32 32 31 30 30
40 40 41 41 41 42 42 42 42 43 43 43 44 44 44 45 45 45 46 46 46 46 47 47 47 47 47 48 48 48 48 48 48 48 48 48 48 47 47 47 47 46 46 46 45 46 40 36 35 35 34 34 34 34 34 35 36 36 36 36 39 45 46 45 39 35 34 35 35 36 40 44 40 49 48 49 48 43 36 33 33 31 31 32 32 33 33 34 34 34 34 34 33 33 32 31
40 41 41 41 42 42 42 42 43 43 43 44 44 44 45 45 45 45 46 46 46 47 47 47 47 47 47 48 48 48 48 48 48 48 48 48 48 48 47 47 47 46 46 44 43 44 41 40 37 36 35 35 35 35 36 38 42 44 45 43 43 45 46 45 37 35 35 35 35 36 38 40 42 45 47 48 45 38 33 34 36 35 35 35 35 34 34 34 35 35 35 36 35 34 34 33
41 41 41 42 42 42 43 43 43 43 44 44 44 45 45 45 45 46 46 46 46 47 47 47 47 47 48 48 48 48 48 48 48 48 48 48 48 48 48 47 47 46 44 43 41 40 39 39 38 36 36 36 36 36 37 40 45 48 48 46 45 45 45 43 36 35 35 35 35 36 39 44 45 46 47 46 43 37 35 37 38 38 36 36 35 35 35 36 36 37 37 37 36 36 35 34
41 41 42 42 42 43 43 43 43 44 44 44 45 45 45 45 46 46 46 46 47 47 47 47 47 48 48 48 48 48 48 48 48 48 48 48 48 48 48 47 47 46 45 43 42 40 39 38 37 37 39 39 37 38 40 44 47 47 46 43 39 40 42 39 36 36 35 35 35 36 40 46 48 48 46 44 41 41 39 38 39 40 40 39 38 37 37 38 38 38 38 38 38 37 37 36
42 42 42 42 43 43 43 43 44 44 44 45 45 45 45 46 46 46 46 47 47 47 47 47 48 48 48 48 48 48 48 48 48 48 48 48 48 48 48 48 48 46 45 44 42 41 41 39 38 38 38 39 39 39 43 45 43 44 41 39 38 38 38 37 37 36 36 35 35 36 40 51 49 46 44 44 39 39 40 39 39 39 38 38 40 41 40 39 40 40 40 39 39 38 38 37
42 42 42 43 43 43 43 44 44 44 45 45 45 45 46 46 46 46 47 47 47 47 47 48 48 48 48 48 48 48 48 48 48 48 48 48 48 48 48 48 48 47 46 44 43 42 40 39 39 39 39 40 41 41 42 43 42 42 41 40 39 39 38 38 38 37 36 36 36 39 50 52 50 45 43 40 37 38 39 39 40 40 39 39 39 40 42 41 41 41 41 41 41 40 39 39
42 42 43 43 43 44 44 44 44 45 45 45 45 46 46 46 46 47 47 47 47 47 48 48 48 48 48 48 48 48 49 49 49 49 49 49 48 48 48 48 48 48 47 45 44 43 42 41 41 41 41 42 43 44 45 45 45 43 42 39 40 40 39 39 38 38 37 35 38 46 50 48 43 41 41 40 38 36 38 40 41 42 42 41 41 40 42 42 43 42 43 43 42 41 41 40
43 43 43 43 44 44 44 44 45 45 45 45 46 46 46 46 47 47 47 47 47 48 48 48 48 48 48 48 49 49 49 49 49 49 49 49 49 49 49 48 48 48 47 46 45 44 43 43 42 43 43 44 45 47 48 47 46 44 44 45 42 43 43 40 39 39 39 42 42 42 42 41 40 37 37 38 37 36 39 42 42 42 43 42 42 42 43 43 43 44 44 44 43 43 42 41
43 43 43 44 44 44 44 45 45 45 45 46 46 46 46 47 47 47 47 47 48 48 48 48 48 48 49 49 49 49 49 49 49 49 49 49 49 49 49 49 49 49 48 48 47 46 45 45 45 45 45 46 47 49 52 53 53 53 53 52 49 47 44 41 41 39 38 42 42 42 41 41 37 34 34 34 36 39 41 43 43 43 43 43 43 43 44 44 44 45 45 45 45 44 43 41
43 43 44 44 44 44 45 45 45 45 46 46 46 46 47 47 47 47 47 48 48 48 48 48 48 49 49 49 49 49 49 49 49 49 49 49 49 49 49 49 49 49 49 49 48 48 47 47 47 47 48 49 52 52 52 53 54 54 53 50 49 48 47 45 44 45 44 42 40 40 40 39 37 36 35 35 35 37 42 42 44 44 44 44 44 44 44 45 45 46 46 46 46 46 44 43
44 44 44 44 44 45 45 45 45 46 46 46 46 47 47 47 47 47 48 48 48 48 48 48 49 49 49 49 49 49 49 49 49 49 49 49 49 49 49 49 49 49 49 49 49 49 49 49 49 49 49 49 50 52 52 52 53 53 53 51 49 48 47 46 45 44 43 42 41 41 40 40 39 38 37 37 37 38 40 43 43 44 44 45 45 45 45 45 46 47 47 47 47 47 45 44
44 44 44 45 45 45 45 45 46 46 46 46 47 47 47 47 47 48 48 48 48 48 48 49 49 49 49 49 49 49 49 49 49 49 49 49 49 49 49 49 49 49 49 49 49 49 49 49 50 50 50 50 50 50 50 51 51 51 49 49 50 49 45 43 43 43 43 42 42 42 41 41 40 40 39 39 39 40 40 42 44 44 45 45 46 46 46 46 46 47 47 47 47 47 46 43
44 44 45 45 45 45 45 46 46 46 46 47 47 47 47 47 48 48 48 48 48 48 49 49 49 49 49 49 49 49 49 50 50 50 50 50 50 50 50 50 50 50 50 50 50 50 50 50 50 50 50 50 50 51 51 51 51 48 45 45 47 46 44 43 43 43 43 43 43 43 42 42 42 41 41 41 41 41 42 42 43 44 46 46 47 47 47 47 47 47 48 47 47 47 47 44
44 45 45 45 45 46 46 46 46 46 47 47 47 47 47 48 48 48 48 48 49 49 49 49 49 49 49 49 50 50 50 50 50 50 50 50 50 50 50 50 50 50 50 50 50 50 50 50 50 50 50 51 51 51 51 51 50 48 46 45 45 45 44 44 44 44 44 44 44 44 43 43 43 43 42 42 42 43 43 43 44 45 45 47 47 48 48 48 48 48 48 47 46 46 46 45
45 45 45 45 46 46 46 46 46 47 47 47 47 47 48 48 48 48 48 49 49 49 49 49 49 49 49 50 50 50 50 50 50 50 50 50 50 50 50 50 50 50 50 50 50 50 50 50 50 51 51 51 51 51 51 51 51 49 48 47 46 46 46 46 45 45 45 45 45 44 44 44 44 44 44 44 44 44 44 44 45 45 46 47 48 48 49 48 49 49 49 48 47 46 45 45
45 45 45 46 46 46 46 46 47 47 47 47 47 48 48 48 48 48 49 49 49 49 49 49 49 50 50 50 50 50 50 50 50 50 50 50 50 50 50 50 50 50 50 50 51 51 51 51 51 51 51 51 51 51 51 51 51 50 49 48 48 47 47 47 46 46 46 46 45 45 45 45 45 45 45 45 45 45 45 45 46 46 46 47 48 49 49 49 49 49 50 49 48 47 47 46
45 46 46 46 46 46 46 47 47 47 47 47 48 48 48 48 48 49 49 49 49 49 49 49 50 50 50 50 50 50 50 50 50 50 50 50 50 51 51 51 51 51 51 51 51 51 51 51 51 51 51 51 51 51 51 51 51 50 50 49 48 48 48 47 47 47 47 46 46 46 46 46 46 46 46 46 46 46 46 46 46 46 47 48 49 49 50 50 50 50 50 50 50 49 48 48
